rs_number reference_allele other_allele eaf beta se beta_95L beta_95U z p-value -log10_p-value q_statistic q_p-value i2 n_studies n_samples effects
rs6674153 C G 0.075967 0.066607 0.013562 0.040026 0.093188 4.911437 9.2e-07 6.036017 0.515981 0.915367 0 4 7839 ++++
rs13254216 C T 0.05785 -0.075003 0.015274 -0.10494 -0.045065 -4.91046 9.25e-07 6.033856 3.143095 0.370085 0.045527 4 7839 ----
rs10924496 G C 0.077116 0.066006 0.013453 0.039638 0.092375 4.906344 9.45e-07 6.02476 0.579568 0.901093 0 4 7839 ++++
rs12069507 C T 0.077116 0.066006 0.013453 0.039638 0.092375 4.906344 9.45e-07 6.02476 0.579568 0.901093 0 4 7839 ++++
rs12069551 C T 0.077116 0.066006 0.013453 0.039638 0.092375 4.906344 9.45e-07 6.02476 0.579568 0.901093 0 4 7839 ++++
rs12069587 C T 0.077116 0.066006 0.013453 0.039638 0.092375 4.906344 9.45e-07 6.02476 0.579568 0.901093 0 4 7839 ++++
rs34264700 A G 0.07616 0.066331 0.013525 0.039823 0.092839 4.904517 9.53e-07 6.020726 0.592641 0.898115 0 4 7839 ++++
rs7549378 T C 0.06949 0.069022 0.014109 0.041369 0.096675 4.892201 1.01e-06 5.993559 0.638047 0.88767 0 4 7836 ++++
rs35102195 T C 0.03438 -0.096862 0.019848 -0.135764 -0.05796 -4.880168 1.08e-06 5.967077 3.59755 0.308329 0.166099 4 7839 -+--
rs13277394 T G 0.044902 -0.083665 0.017153 -0.117284 -0.050045 -4.877593 1.09e-06 5.961418 2.549195 0.466466 0 4 7839 ----
rs10924494 A G 0.077048 0.065682 0.013467 0.039286 0.092078 4.877082 1.1e-06 5.960295 0.571158 0.903002 0 4 7839 ++++
rs140768603 T A 0.042226 -0.085723 0.017588 -0.120196 -0.051249 -4.873826 1.11e-06 5.953145 11.1219 0.011085 0.730262 4 7839 -+--
rs10817904 C G 0.071117 -0.069202 0.014215 -0.097063 -0.041341 -4.868345 1.15e-06 5.941117 3.953766 0.2665 0.24123 4 7839 ----
rs11791132 A G 0.071117 -0.069202 0.014215 -0.097063 -0.041341 -4.868345 1.15e-06 5.941117 3.953766 0.2665 0.24123 4 7839 ----
rs56146709 A G 0.069971 0.06839 0.014059 0.040834 0.095947 4.864412 1.17e-06 5.932494 0.378453 0.944657 0 4 7839 ++++
rs9633293 A G 0.484101 0.035516 0.007322 0.021165 0.049866 4.850842 1.25e-06 5.902793 2.7115 0.257754 0.262401 3 7568 +?++
rs11210147 T A 0.484101 0.035516 0.007322 0.021165 0.049866 4.850842 1.25e-06 5.902793 2.7115 0.257754 0.262401 3 7568 +?++
rs7523688 G A 0.484101 0.035516 0.007322 0.021165 0.049866 4.850842 1.25e-06 5.902793 2.7115 0.257754 0.262401 3 7568 +?++
rs7523754 T A 0.484101 0.035516 0.007322 0.021165 0.049866 4.850842 1.25e-06 5.902793 2.7115 0.257754 0.262401 3 7568 +?++
rs34793141 G T 0.077048 0.065284 0.013456 0.03891 0.091658 4.851598 1.25e-06 5.904445 0.56281 0.904891 0 4 7839 ++++
rs34626667 G T 0.077048 0.065284 0.013456 0.03891 0.091658 4.851598 1.25e-06 5.904445 0.56281 0.904891 0 4 7839 ++++
rs111546860 T C 0.071439 -0.068688 0.014175 -0.096471 -0.040905 -4.845722 1.28e-06 5.891606 4.066643 0.254357 0.262291 4 7839 ----
rs6670128 C G 0.478538 -0.038832 0.008018 -0.054548 -0.023116 -4.842851 1.3e-06 5.885338 1.255959 0.533669 0 3 6759 ---?
rs7540406 A G 0.069333 0.068303 0.01412 0.040627 0.095979 4.837187 1.34e-06 5.872984 0.401591 0.939914 0 4 7839 ++++
rs34467796 G T 0.069907 0.067897 0.014061 0.040337 0.095457 4.828672 1.4e-06 5.854435 0.419843 0.936114 0 4 7839 ++++
rs2066026 A G 0.069907 0.067897 0.014061 0.040337 0.095457 4.828672 1.4e-06 5.854435 0.419843 0.936114 0 4 7839 ++++
rs12078763 G C 0.070225 0.067746 0.01404 0.040228 0.095263 4.825312 1.42e-06 5.847123 0.418616 0.936371 0 4 7839 ++++
rs12078766 A C 0.070225 0.067746 0.01404 0.040228 0.095263 4.825312 1.42e-06 5.847123 0.418616 0.936371 0 4 7839 ++++
rs71638315 T C 0.069397 0.068057 0.014114 0.040394 0.09572 4.822027 1.45e-06 5.839979 0.410733 0.938017 0 4 7839 ++++
rs11210170 G A 0.48393 0.035254 0.007323 0.020901 0.049608 4.813983 1.5e-06 5.822506 2.637714 0.267441 0.241768 3 7568 +?++
rs10890011 G C 0.48393 0.035254 0.007323 0.020901 0.049608 4.813983 1.5e-06 5.822506 2.637714 0.267441 0.241768 3 7568 +?++
rs7516673 G A 0.466992 0.034639 0.007196 0.020534 0.048743 4.813484 1.51e-06 5.821424 5.225087 0.156038 0.425847 4 7839 ++++
rs10924498 G A 0.069842 0.067671 0.014068 0.040098 0.095244 4.810335 1.53e-06 5.814592 0.42357 0.935332 0 4 7839 ++++
rs7516446 A G 0.45655 0.034318 0.007137 0.020329 0.048307 4.808438 1.55e-06 5.810478 3.609392 0.306849 0.168835 4 7800 ++++
rs4269731 G A 0.46724 0.034575 0.007198 0.020467 0.048682 4.803476 1.59e-06 5.799724 5.285393 0.152053 0.432398 4 7839 ++++
rs11210099 C T 0.467049 0.034552 0.007196 0.020447 0.048656 4.801406 1.6e-06 5.795243 5.182325 0.158923 0.421109 4 7839 ++++
rs7535626 C A 0.076176 0.064939 0.01355 0.03838 0.091497 4.79243 1.68e-06 5.775824 0.534304 0.911293 0 4 7837 ++++
rs1155226 C T 0.085902 -0.082961 0.017332 -0.116931 -0.048991 -4.786727 1.72e-06 5.763505 0.712604 0.700261 0 3 3370 --?-
rs10924495 G A 0.069527 0.067432 0.01409 0.039815 0.095049 4.785751 1.73e-06 5.761397 0.423517 0.935343 0 4 7839 ++++
rs34338862 T G 0.07654 0.064587 0.013502 0.038123 0.091051 4.783435 1.75e-06 5.756398 0.556666 0.906277 0 4 7839 ++++
rs75565404 G C 0.069462 0.067419 0.014099 0.039786 0.095052 4.782001 1.76e-06 5.753305 0.418533 0.936388 0 4 7839 ++++
rs12092055 C T 0.076288 0.064771 0.013549 0.038215 0.091327 4.780552 1.78e-06 5.750179 0.567155 0.903908 0 4 7839 ++++
rs11210146 G A 0.45593 0.03451 0.007225 0.02035 0.04867 4.776734 1.81e-06 5.74195 4.2004 0.240622 0.285782 4 7839 ++++
rs10924489 C T 0.069589 0.067294 0.014087 0.039683 0.094906 4.776941 1.81e-06 5.742395 0.427712 0.93446 0 4 7839 ++++
rs12060886 A G 0.069589 0.067294 0.014087 0.039683 0.094906 4.776941 1.81e-06 5.742395 0.427712 0.93446 0 4 7839 ++++
rs12087830 C T 0.076282 0.064657 0.013556 0.038089 0.091226 4.769823 1.87e-06 5.727067 0.560309 0.905456 0 4 7839 ++++
rs12092543 C A 0.076282 0.064657 0.013556 0.038089 0.091226 4.769823 1.87e-06 5.727067 0.560309 0.905456 0 4 7839 ++++
rs12082560 A G 0.076282 0.064657 0.013556 0.038089 0.091226 4.769823 1.87e-06 5.727067 0.560309 0.905456 0 4 7839 ++++
rs12092637 G A 0.076282 0.064657 0.013556 0.038089 0.091226 4.769823 1.87e-06 5.727067 0.560309 0.905456 0 4 7839 ++++
rs35617001 G T 0.076282 0.064657 0.013556 0.038089 0.091226 4.769823 1.87e-06 5.727067 0.560309 0.905456 0 4 7839 ++++
rs12065061 T C 0.076282 0.064657 0.013556 0.038089 0.091226 4.769823 1.87e-06 5.727067 0.560309 0.905456 0 4 7839 ++++
rs12092007 C T 0.076282 0.064657 0.013556 0.038089 0.091226 4.769823 1.87e-06 5.727067 0.560309 0.905456 0 4 7839 ++++
rs7513243 G A 0.076282 0.064657 0.013556 0.038089 0.091226 4.769823 1.87e-06 5.727067 0.560309 0.905456 0 4 7839 ++++
rs6694433 C A 0.464409 0.03435 0.007203 0.020232 0.048468 4.768801 1.88e-06 5.724867 4.507398 0.211631 0.334428 4 7839 ++++
rs12094685 T A 0.076156 0.064568 0.013546 0.038019 0.091118 4.766765 1.9e-06 5.720488 0.56001 0.905523 0 4 7839 ++++
rs12025473 C G 0.464588 0.034331 0.007204 0.020212 0.048451 4.765617 1.91e-06 5.718019 3.994035 0.262109 0.24888 4 7839 ++++
rs7553693 T C 0.076304 0.064624 0.013559 0.038048 0.091201 4.766029 1.91e-06 5.718905 0.560982 0.905303 0 4 7837 ++++
rs12096848 T A 0.07622 0.064615 0.01356 0.038036 0.091193 4.764958 1.92e-06 5.716603 0.563803 0.904666 0 4 7839 ++++
rs117704274 G A 0.019326 0.122925 0.025798 0.072362 0.173488 4.764963 1.92e-06 5.716613 0.985274 0.804815 0 4 7839 ++++
rs74381227 C G 0.06831 0.067852 0.014243 0.039936 0.095769 4.763831 1.93e-06 5.71418 0.518075 0.914903 0 4 7839 ++++
rs12129026 G A 0.479636 -0.038212 0.008023 -0.053937 -0.022486 -4.762492 1.94e-06 5.711302 1.39325 0.498264 0 3 6759 ---?
rs34539883 G C 0.068378 0.067794 0.014238 0.039888 0.0957 4.761596 1.95e-06 5.709377 0.520127 0.914448 0 4 7839 ++++
rs12742623 A G 0.069589 0.067073 0.014087 0.039462 0.094684 4.761225 1.96e-06 5.70858 0.435039 0.932913 0 4 7839 ++++
rs34702735 A G 0.068378 0.06769 0.014217 0.039824 0.095555 4.761122 1.96e-06 5.708358 0.443713 0.931071 0 4 7839 ++++
rs60059169 A T 0.072455 -0.067063 0.014087 -0.094674 -0.039452 -4.760558 1.96e-06 5.707146 4.556919 0.207269 0.34166 4 7839 ----
rs36004866 T C 0.076285 0.064419 0.013536 0.037889 0.09095 4.759167 1.98e-06 5.70416 0.567392 0.903855 0 4 7839 ++++
rs34489362 C T 0.076285 0.064419 0.013536 0.037889 0.09095 4.759167 1.98e-06 5.70416 0.567392 0.903855 0 4 7839 ++++
rs6673742 T C 0.076285 0.064419 0.013536 0.037889 0.09095 4.759167 1.98e-06 5.70416 0.567392 0.903855 0 4 7839 ++++
rs7535917 A T 0.076285 0.064419 0.013536 0.037889 0.09095 4.759167 1.98e-06 5.70416 0.567392 0.903855 0 4 7839 ++++
rs12091007 C T 0.076285 0.064419 0.013536 0.037889 0.09095 4.759167 1.98e-06 5.70416 0.567392 0.903855 0 4 7839 ++++
rs7541394 G T 0.076285 0.064419 0.013536 0.037889 0.09095 4.759167 1.98e-06 5.70416 0.567392 0.903855 0 4 7839 ++++
rs7541479 C T 0.076285 0.064419 0.013536 0.037889 0.09095 4.759167 1.98e-06 5.70416 0.567392 0.903855 0 4 7839 ++++
rs7541560 G T 0.076479 0.06433 0.013523 0.037824 0.090835 4.756992 2e-06 5.699488 0.655672 0.883577 0 4 7839 ++++
rs16933742 C T 0.072777 -0.066851 0.014054 -0.094396 -0.039305 -4.756758 2e-06 5.698987 3.80764 0.282999 0.21211 4 7839 ----
rs6689428 G A 0.07604 0.064464 0.013554 0.037898 0.09103 4.756046 2.01e-06 5.697459 0.583675 0.900159 0 4 7838 ++++
rs12059553 A G 0.483529 0.034822 0.007326 0.020463 0.049181 4.753199 2.04e-06 5.69135 2.734038 0.254866 0.268481 3 7568 +?++
rs10924485 C T 0.069652 0.066931 0.014085 0.039325 0.094537 4.752088 2.05e-06 5.688967 0.44006 0.931848 0 4 7839 ++++
rs12075850 C A 0.069688 0.066908 0.014089 0.039294 0.094522 4.749055 2.08e-06 5.682464 0.439863 0.93189 0 4 7835 ++++
rs66820357 A C 0.464471 0.034206 0.007204 0.020086 0.048326 4.748054 2.09e-06 5.68032 4.378169 0.223418 0.314782 4 7839 ++++
rs6657069 A G 0.464471 0.034206 0.007204 0.020086 0.048326 4.748054 2.09e-06 5.68032 4.378169 0.223418 0.314782 4 7839 ++++
rs11803263 G T 0.464283 0.034183 0.007201 0.020069 0.048298 4.746912 2.1e-06 5.677872 4.428312 0.218775 0.322541 4 7839 ++++
rs12731586 C A 0.06863 0.067363 0.014222 0.039488 0.095237 4.73662 2.21e-06 5.655845 0.289189 0.962049 0 4 7839 ++++
rs6672279 C T 0.456436 0.034182 0.007223 0.020025 0.048338 4.732538 2.25e-06 5.647119 3.876239 0.275142 0.226054 4 7839 ++++
rs12092502 G A 0.076095 0.064217 0.013571 0.037619 0.090816 4.732049 2.26e-06 5.646077 0.579217 0.901173 0 4 7839 ++++
rs12042865 T C 0.464585 0.034056 0.0072 0.019945 0.048168 4.730218 2.28e-06 5.642165 4.039481 0.257232 0.25733 4 7839 ++++
rs12037338 A C 0.483342 0.034637 0.007327 0.020277 0.048997 4.727653 2.31e-06 5.636689 2.771833 0.250094 0.278456 3 7568 +?++
rs2021969 A C 0.073095 -0.066416 0.014049 -0.093952 -0.03888 -4.727514 2.31e-06 5.636393 3.457593 0.326304 0.132344 4 7839 ----
rs2021970 A C 0.073095 -0.066416 0.014049 -0.093952 -0.03888 -4.727514 2.31e-06 5.636393 3.457593 0.326304 0.132344 4 7839 ----
rs6686676 C A 0.07622 0.064004 0.013541 0.037465 0.090544 4.726823 2.32e-06 5.634918 0.591525 0.89837 0 4 7839 ++++
rs6681900 T C 0.07622 0.064004 0.013541 0.037465 0.090544 4.726823 2.32e-06 5.634918 0.591525 0.89837 0 4 7839 ++++
rs10983312 C G 0.072392 -0.066597 0.014096 -0.094225 -0.03897 -4.724657 2.34e-06 5.630296 4.474879 0.214542 0.329591 4 7839 ----
rs12090318 T A 0.076091 0.064016 0.013553 0.037452 0.090579 4.723451 2.36e-06 5.627723 0.608272 0.894536 0 4 7839 ++++
rs10789358 C A 0.482914 0.034578 0.007323 0.020225 0.048931 4.721765 2.38e-06 5.624129 2.874571 0.237572 0.304244 3 7568 +?++
rs72762008 G A 0.072138 -0.066746 0.014136 -0.094453 -0.039039 -4.721572 2.38e-06 5.623718 4.038728 0.257312 0.257192 4 7839 ----
rs7528464 T C 0.076424 0.063879 0.013533 0.037354 0.090405 4.720119 2.4e-06 5.62062 0.528253 0.912642 0 4 7838 ++++
rs13065001 T A 0.29724 0.037168 0.007878 0.021727 0.052609 4.718027 2.42e-06 5.616162 0.142294 0.986318 0 4 7839 ++++
rs946150 T A 0.076347 0.063821 0.013531 0.0373 0.090341 4.716623 2.44e-06 5.613173 0.603306 0.895675 0 4 7839 ++++
rs946149 A G 0.076347 0.063821 0.013531 0.0373 0.090341 4.716623 2.44e-06 5.613173 0.603306 0.895675 0 4 7839 ++++
rs7545261 G T 0.076347 0.063821 0.013531 0.0373 0.090341 4.716623 2.44e-06 5.613173 0.603306 0.895675 0 4 7839 ++++
rs1890333 G T 0.076347 0.063821 0.013531 0.0373 0.090341 4.716623 2.44e-06 5.613173 0.603306 0.895675 0 4 7839 ++++
rs6426273 T C 0.076347 0.063821 0.013531 0.0373 0.090341 4.716623 2.44e-06 5.613173 0.603306 0.895675 0 4 7839 ++++
rs6426274 T C 0.076347 0.063821 0.013531 0.0373 0.090341 4.716623 2.44e-06 5.613173 0.603306 0.895675 0 4 7839 ++++
rs6672297 G T 0.068568 0.067063 0.014227 0.039179 0.094948 4.713926 2.47e-06 5.60743 0.309105 0.958307 0 4 7839 ++++
rs11793867 C T 0.072519 -0.066358 0.014084 -0.093962 -0.038754 -4.711719 2.5e-06 5.602733 4.272794 0.233474 0.297883 4 7839 ----
rs28461583 T C 0.068441 0.066855 0.01421 0.039003 0.094706 4.704792 2.58e-06 5.588004 0.464767 0.926561 0 4 7839 ++++
rs34354280 G A 0.068441 0.066855 0.01421 0.039003 0.094706 4.704792 2.58e-06 5.588004 0.464767 0.926561 0 4 7839 ++++
rs6681796 A C 0.075969 0.063769 0.013555 0.037201 0.090337 4.704478 2.59e-06 5.587337 0.585544 0.899734 0 4 7839 ++++
rs6681797 A C 0.075969 0.063769 0.013555 0.037201 0.090337 4.704478 2.59e-06 5.587337 0.585544 0.899734 0 4 7839 ++++
rs10817917 T C 0.072657 -0.066213 0.014076 -0.093801 -0.038624 -4.704076 2.59e-06 5.586483 4.057084 0.255366 0.260553 4 7838 ----
rs12063895 T C 0.06845 0.066823 0.014211 0.03897 0.094677 4.702233 2.61e-06 5.582568 0.463495 0.926835 0 4 7838 ++++
rs10890016 C T 0.483643 0.034443 0.007325 0.020086 0.048799 4.702181 2.62e-06 5.582459 2.768572 0.250503 0.277606 3 7568 +?++
rs6795397 A G 0.329127 0.036041 0.007672 0.021005 0.051078 4.697945 2.67e-06 5.573465 0.152816 0.984821 0 4 7839 ++++
rs6784192 T A 0.329127 0.036041 0.007672 0.021005 0.051078 4.697945 2.67e-06 5.573465 0.152816 0.984821 0 4 7839 ++++
rs6703953 C T 0.483643 0.03439 0.007325 0.020033 0.048747 4.694997 2.71e-06 5.567212 2.747722 0.253128 0.272124 3 7568 +?++
rs12080174 T G 0.076351 0.063558 0.013557 0.036986 0.09013 4.688207 2.8e-06 5.552823 0.694255 0.874554 0 4 7839 ++++
rs10983322 A G 0.073159 -0.0658 0.014044 -0.093326 -0.038274 -4.685375 2.84e-06 5.546827 3.540848 0.315503 0.152745 4 7839 ----
rs10983325 A C 0.073159 -0.0658 0.014044 -0.093326 -0.038274 -4.685375 2.84e-06 5.546827 3.540848 0.315503 0.152745 4 7839 ----
rs6667756 G C 0.464451 0.03371 0.0072 0.019599 0.047822 4.682152 2.88e-06 5.540007 4.053942 0.255698 0.25998 4 7839 ++++
rs13267946 G A 0.045413 -0.079911 0.017072 -0.113372 -0.046449 -4.680741 2.9e-06 5.537022 2.131848 0.545497 0 4 7839 ----
rs4584349 T C 0.471196 0.033662 0.007196 0.019558 0.047765 4.678015 2.94e-06 5.531259 3.734442 0.291604 0.196667 4 7835 ++++
rs7554291 G A 0.448605 0.033825 0.007231 0.019651 0.047999 4.677472 2.95e-06 5.530111 3.359982 0.339381 0.107138 4 7839 ++++
rs75687318 A C 0.068628 0.066616 0.014247 0.038692 0.094541 4.675812 2.97e-06 5.526604 0.241627 0.970605 0 4 7839 ++++
rs724420 T C 0.072712 -0.065798 0.014074 -0.093383 -0.038214 -4.675292 2.98e-06 5.525506 4.14184 0.24655 0.275684 4 7839 ----
rs12037168 G A 0.482806 0.03361 0.007191 0.019515 0.047704 4.673903 3e-06 5.522571 6.133798 0.105279 0.510907 4 7839 ++++
chr1:246134805:C:G G C 0.064229 0.068539 0.014671 0.039783 0.097294 4.671575 3.04e-06 5.517656 1.081571 0.781525 0 4 7839 ++++
rs7526372 C G 0.448554 0.033777 0.007231 0.019603 0.047951 4.670851 3.05e-06 5.516129 3.364745 0.338733 0.108402 4 7839 ++++
rs12037227 A G 0.448389 0.033768 0.007233 0.019591 0.047946 4.668419 3.08e-06 5.510995 3.418943 0.331428 0.122536 4 7839 ++++
rs11534244 C T 0.073545 -0.065384 0.014013 -0.09285 -0.037919 -4.665994 3.12e-06 5.505882 4.138616 0.24688 0.27512 4 7839 ----
rs11535521 T A 0.073545 -0.065384 0.014013 -0.09285 -0.037919 -4.665994 3.12e-06 5.505882 4.138616 0.24688 0.27512 4 7839 ----
rs11210114 T G 0.448662 0.033725 0.007231 0.019551 0.047898 4.663602 3.16e-06 5.500839 3.315888 0.345437 0.095265 4 7839 ++++
rs6657470 A T 0.448214 0.033696 0.007231 0.019524 0.047868 4.660277 3.21e-06 5.493833 3.486831 0.322474 0.13962 4 7839 ++++
rs12021955 A C 0.448214 0.033696 0.007231 0.019524 0.047868 4.660277 3.21e-06 5.493833 3.486831 0.322474 0.13962 4 7839 ++++
rs12022006 A C 0.448214 0.033696 0.007231 0.019524 0.047868 4.660277 3.21e-06 5.493833 3.486831 0.322474 0.13962 4 7839 ++++
rs10749815 G A 0.456142 0.033665 0.007224 0.019506 0.047825 4.659977 3.21e-06 5.493201 3.769174 0.287492 0.20407 4 7839 ++++
rs11534245 C T 0.073608 -0.065261 0.014005 -0.092711 -0.03781 -4.659708 3.22e-06 5.492636 4.122274 0.24856 0.272246 4 7839 ----
rs1405051 A G 0.472432 0.033464 0.007185 0.019381 0.047547 4.657383 3.25e-06 5.48774 4.931553 0.176878 0.391672 4 7839 ++++
rs6657082 T A 0.472023 0.033489 0.007192 0.019394 0.047585 4.656721 3.26e-06 5.486345 4.71262 0.194091 0.363411 4 7839 ++++
rs4330880 G A 0.468347 0.033467 0.007187 0.01938 0.047554 4.65641 3.27e-06 5.485691 4.018967 0.259423 0.253539 4 7839 ++++
rs2362250 C T 0.069526 0.065885 0.01415 0.038152 0.093618 4.65632 3.27e-06 5.485502 0.61161 0.893769 0 4 7839 ++++
rs11708019 G A 0.331058 0.035689 0.007664 0.020667 0.050711 4.656436 3.27e-06 5.485747 0.159787 0.983804 0 4 7839 ++++
rs10749816 A G 0.48372 0.03415 0.007335 0.019774 0.048527 4.655921 3.28e-06 5.484663 2.624016 0.269279 0.237809 3 7568 +?++
rs34294155 A G 0.069336 0.065894 0.014166 0.038128 0.093659 4.651524 3.35e-06 5.475414 0.671061 0.879989 0 4 7839 ++++
rs35847416 C T 0.069336 0.065894 0.014166 0.038128 0.093659 4.651524 3.35e-06 5.475414 0.671061 0.879989 0 4 7839 ++++
rs6699465 G A 0.069336 0.065894 0.014166 0.038128 0.093659 4.651524 3.35e-06 5.475414 0.671061 0.879989 0 4 7839 ++++
rs7519995 C G 0.448478 0.033632 0.007232 0.019457 0.047808 4.6504 3.36e-06 5.473051 3.299826 0.347667 0.090861 4 7839 ++++
rs9919151 G C 0.448478 0.033632 0.007232 0.019457 0.047808 4.6504 3.36e-06 5.473051 3.299826 0.347667 0.090861 4 7839 ++++
rs12097442 G T 0.449538 0.033661 0.00724 0.019471 0.047851 4.64937 3.38e-06 5.470886 3.286814 0.349482 0.087262 4 7839 ++++
rs11210100 G A 0.46404 0.033438 0.007194 0.019338 0.047538 4.648069 3.4e-06 5.468151 3.907924 0.27158 0.232329 4 7839 ++++
rs6690611 A C 0.448271 0.033596 0.007231 0.019424 0.047768 4.646409 3.43e-06 5.464665 3.440248 0.328595 0.12797 4 7839 ++++
rs12133935 A C 0.467574 -0.033422 0.007194 -0.047523 -0.019322 -4.645718 3.44e-06 5.463214 2.47482 0.479859 0 4 7836 ----
rs72762100 T G 0.073416 -0.065152 0.014026 -0.092644 -0.037661 -4.645 3.45e-06 5.461705 4.115494 0.24926 0.271047 4 7839 ----
rs11562332 T C 0.073416 -0.065152 0.014026 -0.092644 -0.037661 -4.645 3.45e-06 5.461705 4.115494 0.24926 0.271047 4 7839 ----
rs11558410 A T 0.073416 -0.065152 0.014026 -0.092644 -0.037661 -4.645 3.45e-06 5.461705 4.115494 0.24926 0.271047 4 7839 ----
rs111550232 T C 0.069017 0.065897 0.014189 0.038087 0.093706 4.644352 3.46e-06 5.460345 0.671163 0.879965 0 4 7839 ++++
rs6679116 A C 0.47238 0.033367 0.007185 0.019284 0.04745 4.643882 3.47e-06 5.459358 4.959458 0.17479 0.395095 4 7839 ++++
rs4636402 G C 0.482341 0.03339 0.007192 0.019293 0.047487 4.642349 3.5e-06 5.456141 5.941511 0.114491 0.495078 4 7839 ++++
rs2165555 G T 0.072774 -0.06533 0.014073 -0.092913 -0.037747 -4.642298 3.5e-06 5.456033 3.623638 0.305077 0.172103 4 7839 ----
rs10983299 A G 0.072774 -0.06533 0.014073 -0.092913 -0.037747 -4.642298 3.5e-06 5.456033 3.623638 0.305077 0.172103 4 7839 ----
rs7552256 T C 0.448478 0.033573 0.007235 0.019391 0.047754 4.640141 3.54e-06 5.451507 3.275634 0.351048 0.084147 4 7839 ++++
rs12044276 T C 0.449106 0.033575 0.007238 0.019389 0.04776 4.638962 3.56e-06 5.449034 3.584784 0.309931 0.16313 4 7839 ++++
rs11210103 A T 0.449106 0.033575 0.007238 0.019389 0.04776 4.638962 3.56e-06 5.449034 3.584784 0.309931 0.16313 4 7839 ++++
rs12715601 A G 0.331619 0.035473 0.007648 0.020483 0.050462 4.638326 3.57e-06 5.4477 0.271631 0.965273 0 4 7839 ++++
rs72762098 T C 0.073606 -0.064984 0.01401 -0.092445 -0.037524 -4.638296 3.57e-06 5.447638 4.070322 0.25397 0.262958 4 7839 ----
rs11210111 A C 0.449294 0.033507 0.007231 0.019334 0.04768 4.633634 3.65e-06 5.437867 3.505777 0.320014 0.14427 4 7839 ++++
rs62234889 A T 0.330198 0.035524 0.007667 0.020496 0.050551 4.633121 3.66e-06 5.436791 0.159676 0.98382 0 4 7839 ++++
rs12565252 C G 0.472209 0.033293 0.007188 0.019204 0.047382 4.631657 3.68e-06 5.433725 4.734842 0.192275 0.366399 4 7839 ++++
rs7538217 C T 0.076991 0.062525 0.013498 0.036069 0.088981 4.632133 3.68e-06 5.434722 0.772133 0.85612 0 4 7819 ++++
rs1464952 C A 0.472326 0.033299 0.00719 0.019207 0.047391 4.631432 3.69e-06 5.433254 4.700879 0.195057 0.361821 4 7838 ++++
rs10889999 A G 0.448326 0.033498 0.007235 0.019318 0.047679 4.630216 3.71e-06 5.430707 3.47824 0.323595 0.137495 4 7839 ++++
rs10789359 A G 0.483605 0.033961 0.007336 0.019582 0.048339 4.629211 3.73e-06 5.428604 2.668552 0.263349 0.25053 3 7565 +?++
rs1814199 T C 0.073539 -0.064882 0.014021 -0.092363 -0.037401 -4.62751 3.76e-06 5.425044 3.863776 0.276555 0.223558 4 7839 ----
rs10817918 C T 0.073539 -0.064882 0.014021 -0.092363 -0.037401 -4.62751 3.76e-06 5.425044 3.863776 0.276555 0.223558 4 7839 ----
rs4559446 G C 0.448647 0.033444 0.007231 0.019271 0.047618 4.625001 3.8e-06 5.419794 3.460882 0.325871 0.133169 4 7839 ++++
rs28626860 C T 0.058109 -0.07051 0.015247 -0.100394 -0.040627 -4.624591 3.81e-06 5.418937 1.689335 0.639307 0 4 7839 ----
rs11210108 T C 0.448193 0.033452 0.007235 0.01927 0.047633 4.623339 3.83e-06 5.416319 3.461644 0.325771 0.13336 4 7839 ++++
rs11210174 C G 0.484165 0.033893 0.007333 0.019521 0.048266 4.622106 3.86e-06 5.413743 2.683277 0.261417 0.254643 3 7568 +?++
rs6681902 T C 0.077497 0.062001 0.013419 0.035699 0.088303 4.620322 3.89e-06 5.410014 0.650676 0.884739 0 4 7839 ++++
rs6689491 A C 0.472601 0.033203 0.007187 0.019116 0.047291 4.619746 3.9e-06 5.408811 4.512216 0.211203 0.335138 4 7839 ++++
rs6424508 G A 0.448756 0.03339 0.00723 0.01922 0.04756 4.618561 3.92e-06 5.406335 3.407905 0.332904 0.119694 4 7839 ++++
rs11709338 T G 0.059894 0.0695 0.015049 0.040004 0.098996 4.618305 3.93e-06 5.405799 3.626696 0.304698 0.172801 4 7839 ++++
rs12087611 T C 0.483338 0.033833 0.00733 0.019465 0.0482 4.615412 3.98e-06 5.399759 2.724266 0.256114 0.265857 3 7568 +?++
rs4604652 T G 0.482284 0.033191 0.007192 0.019094 0.047288 4.614667 4e-06 5.398205 5.816007 0.120913 0.484182 4 7839 ++++
rs145159780 A G 0.014801 0.13773 0.029853 0.079219 0.196242 4.61365 4.02e-06 5.396081 0.989613 0.609689 0 3 7568 +?++
rs148894398 A G 0.04433 -0.079789 0.017297 -0.113691 -0.045888 -4.612969 4.03e-06 5.39466 2.576474 0.461629 0 4 7839 ----
rs185207 G A 0.142106 -0.064872 0.014065 -0.092439 -0.037304 -4.612286 4.04e-06 5.393236 0.171918 0.917632 0 3 3370 --?-
rs11210085 G T 0.472393 0.033154 0.007189 0.019064 0.047244 4.611985 4.05e-06 5.392609 4.675533 0.197157 0.358362 4 7839 ++++
rs12046843 C T 0.443053 0.033403 0.007245 0.019202 0.047603 4.610387 4.08e-06 5.389276 3.074221 0.380323 0.024143 4 7839 ++++
rs11118982 A G 0.447725 0.033082 0.007178 0.019013 0.047151 4.608803 4.11e-06 5.385973 2.594283 0.458493 0 4 7837 ++++
rs4579707 T C 0.471745 0.033132 0.00719 0.019039 0.047225 4.607747 4.13e-06 5.383771 3.547962 0.314595 0.154444 4 7839 ++++
rs11210251 G C 0.48132 0.033163 0.007197 0.019056 0.04727 4.607644 4.13e-06 5.383557 6.315258 0.09724 0.52496 4 7839 ++++
rs11715681 G A 0.331541 0.035341 0.00767 0.020308 0.050375 4.607587 4.14e-06 5.383437 0.299533 0.960116 0 4 7838 ++++
rs6680104 C T 0.443105 0.033376 0.007246 0.019173 0.047579 4.605919 4.17e-06 5.379962 3.265507 0.352472 0.081307 4 7839 ++++
rs75257923 C T 0.044648 -0.079505 0.017266 -0.113346 -0.045663 -4.604663 4.19e-06 5.377345 1.917136 0.589782 0 4 7839 ----
rs10510352 T C 0.330389 0.035308 0.007669 0.020277 0.050338 4.604223 4.2e-06 5.376427 0.22302 0.97379 0 4 7839 ++++
rs75627662 T C 0.194496 -0.042392 0.009211 -0.060446 -0.024339 -4.602389 4.24e-06 5.37261 0.58443 0.899987 0 4 7839 ----
rs13082095 G T 0.332268 0.035257 0.007666 0.020231 0.050283 4.599021 4.31e-06 5.3656 0.374132 0.945533 0 4 7839 ++++
rs36057220 C T 0.332268 0.035257 0.007666 0.020231 0.050283 4.599021 4.31e-06 5.3656 0.374132 0.945533 0 4 7839 ++++
rs12059622 T C 0.068513 0.065254 0.014195 0.037433 0.093076 4.597102 4.35e-06 5.361606 0.456428 0.928354 0 4 7838 ++++
rs10510353 G A 0.297863 0.036172 0.007871 0.020746 0.051598 4.595892 4.37e-06 5.359092 0.211197 0.975762 0 4 7838 ++++
rs111795916 G C 0.062124 0.068206 0.014842 0.039116 0.097297 4.595433 4.38e-06 5.358136 0.993943 0.802718 0 4 7839 ++++
rs4271155 G C 0.471631 0.033022 0.00719 0.018931 0.047114 4.593073 4.43e-06 5.353232 3.554773 0.313727 0.156064 4 7839 ++++
rs7536364 A G 0.471631 0.033022 0.00719 0.018931 0.047114 4.593073 4.43e-06 5.353232 3.554773 0.313727 0.156064 4 7839 ++++
rs13076757 C T 0.332325 0.035155 0.007663 0.020135 0.050175 4.587495 4.55e-06 5.341646 0.375347 0.945287 0 4 7839 ++++
rs13082571 C T 0.332325 0.035155 0.007663 0.020135 0.050175 4.587495 4.55e-06 5.341646 0.375347 0.945287 0 4 7839 ++++
rs12738587 C T 0.448603 0.032937 0.007184 0.018855 0.047018 4.58447 4.62e-06 5.335369 2.616491 0.454606 0 4 7839 ++++
rs73383513 C T 0.02309 0.10845 0.023664 0.062068 0.154831 4.5829 4.65e-06 5.332113 0.233631 0.971986 0 4 7839 ++++
rs4272573 G C 0.47146 0.032935 0.00719 0.018844 0.047027 4.580984 4.7e-06 5.32814 3.514161 0.31893 0.146311 4 7839 ++++
rs34536358 G A 0.043324 0.080084 0.017493 0.045797 0.11437 4.578065 4.76e-06 5.322091 0.447775 0.930206 0 4 7837 ++++
rs2436379 G A 0.133964 -0.065711 0.014364 -0.093865 -0.037556 -4.574532 4.84e-06 5.314773 0.699123 0.704997 0 3 3370 --?-
rs4526565 A G 0.471688 0.032876 0.00719 0.018784 0.046967 4.572713 4.89e-06 5.311007 3.486573 0.322508 0.139556 4 7839 ++++
rs12727364 G A 0.469733 0.032839 0.007183 0.01876 0.046917 4.571606 4.91e-06 5.308716 3.505779 0.320013 0.14427 4 7839 ++++
rs7523396 C T 0.469733 0.032839 0.007183 0.01876 0.046917 4.571606 4.91e-06 5.308716 3.505779 0.320013 0.14427 4 7839 ++++
rs7525762 C T 0.469733 0.032839 0.007183 0.01876 0.046917 4.571606 4.91e-06 5.308716 3.505779 0.320013 0.14427 4 7839 ++++
rs73139826 A C 0.067675 0.065381 0.014301 0.037351 0.09341 4.571866 4.91e-06 5.309254 0.603504 0.89563 0 4 7839 ++++
rs11210082 A G 0.471564 0.032826 0.007183 0.018747 0.046904 4.570003 4.95e-06 5.3054 4.572199 0.20594 0.343861 4 7839 ++++
rs7411445 G A 0.481587 0.032829 0.007184 0.018748 0.046911 4.56954 4.96e-06 5.304441 2.634769 0.451427 0 4 7839 ++++
rs4268306 T A 0.473997 0.032873 0.007194 0.018772 0.046975 4.5693 4.97e-06 5.303945 2.425251 0.488951 0 4 7839 ++++
rs10890008 T C 0.473997 0.032873 0.007194 0.018772 0.046975 4.5693 4.97e-06 5.303945 2.425251 0.488951 0 4 7839 ++++
rs6424521 T C 0.473997 0.032873 0.007194 0.018772 0.046975 4.5693 4.97e-06 5.303945 2.425251 0.488951 0 4 7839 ++++
rs115114903 C T 0.044395 -0.078944 0.017281 -0.112814 -0.045074 -4.568308 4.99e-06 5.301894 2.691276 0.441712 0 4 7839 ----
rs116356334 C T 0.057981 -0.069732 0.015266 -0.099654 -0.03981 -4.56774 5e-06 5.300719 1.600822 0.659203 0 4 7839 ----
rs10817921 T G 0.0738 -0.063934 0.014 -0.091374 -0.036493 -4.566607 5.03e-06 5.298377 3.503668 0.320287 0.143754 4 7839 ----
rs71560877 A C 0.054153 -0.072108 0.015791 -0.103059 -0.041156 -4.56624 5.04e-06 5.297618 2.999367 0.391723 0 4 7839 -+--
rs201109961 G A 0.468728 0.032823 0.007192 0.018727 0.04692 4.563755 5.1e-06 5.292484 3.871026 0.275732 0.225012 4 7839 ++++
rs11210084 C G 0.47243 0.032797 0.007187 0.01871 0.046884 4.563243 5.11e-06 5.291427 4.278814 0.232889 0.298871 4 7839 ++++
rs6424507 C T 0.471541 0.032924 0.007216 0.018782 0.047067 4.562919 5.12e-06 5.290756 3.289218 0.349146 0.087929 4 7799 ++++
rs7532052 A G 0.443484 0.033042 0.007242 0.018847 0.047237 4.562446 5.13e-06 5.28978 2.746258 0.432423 0 4 7839 ++++
rs34516139 C T 0.068184 0.064836 0.01422 0.036965 0.092708 4.559478 5.2e-06 5.283652 0.695359 0.874295 0 4 7839 ++++
rs67685647 T C 0.068184 0.064836 0.01422 0.036965 0.092708 4.559478 5.2e-06 5.283652 0.695359 0.874295 0 4 7839 ++++
rs71638311 T C 0.068184 0.064836 0.01422 0.036965 0.092708 4.559478 5.2e-06 5.283652 0.695359 0.874295 0 4 7839 ++++
chr1:72905079:T:C C T 0.469604 0.032748 0.007183 0.018669 0.046827 4.558972 5.22e-06 5.282607 3.531751 0.316667 0.150563 4 7839 ++++
rs34527699 G T 0.066975 0.065364 0.014339 0.037259 0.09347 4.55837 5.23e-06 5.281366 0.755638 0.860046 0 4 7839 ++++
rs35547829 T C 0.066975 0.065364 0.014339 0.037259 0.09347 4.55837 5.23e-06 5.281366 0.755638 0.860046 0 4 7839 ++++
rs12751188 C T 0.068065 0.064874 0.014233 0.036978 0.092771 4.558066 5.24e-06 5.280737 0.763331 0.858216 0 4 7838 ++++
rs151055325 C T 0.022131 0.109917 0.024122 0.062639 0.157196 4.556758 5.27e-06 5.278039 0.549059 0.907989 0 4 7839 ++++
rs6784317 T G 0.302642 0.035733 0.007844 0.02036 0.051107 4.555781 5.3e-06 5.276023 0.212975 0.975468 0 4 7839 ++++
rs4564089 A G 0.473919 0.032779 0.007196 0.018675 0.046883 4.55513 5.31e-06 5.274682 2.435304 0.487097 0 4 7839 ++++
rs6681060 T C 0.44365 0.03294 0.007242 0.018747 0.047134 4.548757 5.48e-06 5.261547 2.712987 0.438025 0 4 7839 ++++
rs147456750 T C 0.04465 -0.07837 0.017233 -0.112146 -0.044594 -4.54778 5.5e-06 5.259535 2.246113 0.522923 0 4 7839 ----
rs13097942 A G 0.333964 0.034763 0.007646 0.019777 0.04975 4.54649 5.54e-06 5.256878 0.60623 0.895005 0 4 7839 ++++
rs7529752 A G 0.469682 0.032646 0.007186 0.018561 0.046731 4.54281 5.63e-06 5.249304 3.3028 0.347253 0.09168 4 7839 ++++
rs4328668 A C 0.48198 0.032647 0.007188 0.018559 0.046735 4.54217 5.65e-06 5.247987 2.50929 0.473614 0 4 7839 ++++
rs75325684 T A 0.10149 0.053486 0.01179 0.030377 0.076595 4.536388 5.81e-06 5.236102 1.026577 0.794821 0 4 7839 ++++
rs9970090 T C 0.469908 0.032561 0.007184 0.01848 0.046643 4.53221 5.92e-06 5.227522 3.050062 0.383971 0.016413 4 7839 ++++
rs12042085 G T 0.473862 0.032614 0.007196 0.01851 0.046719 4.532247 5.92e-06 5.227599 2.366914 0.499823 0 4 7839 ++++
rs34225987 C A 0.06812 0.064464 0.014225 0.036583 0.092345 4.531707 5.94e-06 5.226489 0.704214 0.872212 0 4 7839 ++++
rs35468688 T C 0.06812 0.064464 0.014225 0.036583 0.092345 4.531707 5.94e-06 5.226489 0.704214 0.872212 0 4 7839 ++++
rs34230056 T A 0.06812 0.064464 0.014225 0.036583 0.092345 4.531707 5.94e-06 5.226489 0.704214 0.872212 0 4 7839 ++++
rs2875257 A G 0.300339 0.035554 0.007847 0.020174 0.050933 4.530966 5.96e-06 5.22497 0.16196 0.983483 0 4 7838 ++++
rs7552761 T C 0.473997 0.032588 0.007193 0.01849 0.046685 4.530599 5.97e-06 5.224216 2.457829 0.482961 0 4 7839 ++++
rs139419908 G A 0.022517 0.108475 0.023948 0.061537 0.155412 4.529639 5.99e-06 5.222245 0.126966 0.988416 0 4 7839 ++++
rs35724893 A G 0.066847 0.064978 0.014353 0.036845 0.09311 4.526977 6.07e-06 5.216787 0.773242 0.855856 0 4 7839 ++++
rs35148287 C T 0.067931 0.064446 0.014241 0.036534 0.092358 4.525455 6.11e-06 5.213666 0.692505 0.874965 0 4 7839 ++++
rs10159299 C T 0.448674 0.032486 0.00718 0.018414 0.046558 4.524706 6.14e-06 5.21213 3.126151 0.372581 0.040354 4 7839 ++++
rs12755164 G A 0.47398 0.032561 0.007197 0.018455 0.046667 4.524377 6.15e-06 5.211455 2.592145 0.458868 0 4 7836 ++++
rs71548685 G A 0.054089 -0.071482 0.0158 -0.10245 -0.040514 -4.524223 6.15e-06 5.211141 3.111369 0.374771 0.035794 4 7839 -+--
rs34475394 A G 0.067994 0.064406 0.014238 0.0365 0.092313 4.523566 6.17e-06 5.209793 0.717757 0.86902 0 4 7839 ++++
rs61496202 G C 0.022833 0.107563 0.023781 0.060952 0.154174 4.523031 6.18e-06 5.208698 0.24415 0.970166 0 4 7839 ++++
rs11778371 T C 0.058961 0.069036 0.01527 0.039107 0.098966 4.521046 6.24e-06 5.204632 6.257226 0.099745 0.520554 4 7836 ++++
rs6676166 G A 0.473918 0.032537 0.007198 0.018429 0.046645 4.52036 6.26e-06 5.203225 2.421948 0.489562 0 4 7839 ++++
rs6681999 C T 0.473918 0.032537 0.007198 0.018429 0.046645 4.52036 6.26e-06 5.203225 2.421948 0.489562 0 4 7839 ++++
rs1525978 A T 0.471089 0.03249 0.007188 0.018402 0.046578 4.520159 6.27e-06 5.202814 5.498396 0.138735 0.454386 4 7839 ++++
rs940917 T C 0.472 0.032465 0.007183 0.018387 0.046542 4.519901 6.28e-06 5.202286 5.843137 0.119496 0.486577 4 7839 ++++
rs75532661 C A 0.044774 -0.077925 0.017241 -0.111718 -0.044131 -4.519611 6.29e-06 5.201693 2.076252 0.556732 0 4 7839 ----
rs12733342 T C 0.067037 0.06478 0.014337 0.03668 0.09288 4.518504 6.32e-06 5.199426 0.775353 0.855353 0 4 7839 ++++
rs12750611 C T 0.067803 0.0644 0.014255 0.036461 0.09234 4.517836 6.34e-06 5.198059 0.721921 0.868036 0 4 7839 ++++
rs11927940 C G 0.336541 0.034448 0.007627 0.019499 0.049396 4.516669 6.37e-06 5.19567 0.709144 0.871051 0 4 7839 ++++
rs11210144 A G 0.473975 0.032476 0.007195 0.018374 0.046579 4.513668 6.46e-06 5.189532 2.644322 0.449772 0 4 7839 ++++
rs11210166 C T 0.473975 0.032476 0.007195 0.018374 0.046579 4.513668 6.46e-06 5.189532 2.644322 0.449772 0 4 7839 ++++
rs35670428 T C 0.067037 0.064722 0.014338 0.036619 0.092824 4.513907 6.46e-06 5.19002 0.778096 0.854699 0 4 7839 ++++
rs12066492 C T 0.470903 0.032446 0.007189 0.018354 0.046537 4.512964 6.48e-06 5.188092 5.661898 0.12927 0.470142 4 7839 ++++
rs144481336 A G 0.031509 0.0926 0.020527 0.052367 0.132833 4.511106 6.54e-06 5.184293 1.660713 0.645703 0 4 7839 ++++
rs10399828 T G 0.474109 0.032432 0.007193 0.018333 0.046531 4.50855 6.62e-06 5.17907 2.614895 0.454884 0 4 7839 ++++
rs73132359 C T 0.062443 0.066889 0.014837 0.037809 0.095969 4.50833 6.63e-06 5.178621 1.263921 0.737718 0 4 7839 ++++
rs2841192 T C 0.471999 0.032367 0.007181 0.018293 0.046441 4.50745 6.66e-06 5.176825 5.840354 0.119641 0.486333 4 7839 ++++
rs78158665 C G 0.067741 0.064263 0.014261 0.03631 0.092215 4.506074 6.7e-06 5.174014 0.727594 0.866695 0 4 7839 ++++
rs10399932 A T 0.474032 0.032412 0.007195 0.01831 0.046515 4.50477 6.74e-06 5.171353 2.61683 0.454547 0 4 7839 ++++
rs7519251 A G 0.47037 0.032384 0.007189 0.018292 0.046475 4.504304 6.75e-06 5.170401 5.583572 0.133725 0.462709 4 7839 ++++
rs12033354 G A 0.443795 0.03264 0.007247 0.018437 0.046844 4.504144 6.76e-06 5.170074 3.310881 0.346131 0.093897 4 7836 ++++
rs11210167 T C 0.473923 0.032415 0.007197 0.018309 0.046521 4.504091 6.76e-06 5.169966 2.650612 0.448686 0 4 7839 ++++
rs10789355 T C 0.474689 0.032365 0.007189 0.018274 0.046455 4.502011 6.83e-06 5.16572 2.34057 0.504793 0 4 7839 ++++
rs1525979 T C 0.471141 0.032347 0.007188 0.018259 0.046435 4.500261 6.88e-06 5.162151 5.53562 0.136524 0.458055 4 7839 ++++
rs12748550 G T 0.067867 0.064075 0.014247 0.03615 0.091999 4.497295 6.98e-06 5.156104 0.70426 0.872201 0 4 7839 ++++
rs80247159 T G 0.06182 0.066943 0.014892 0.037754 0.096132 4.495135 7.05e-06 5.151703 1.626185 0.653467 0 4 7837 ++++
rs2901713 T C 0.470256 0.032299 0.007191 0.018204 0.046393 4.491467 7.17e-06 5.144234 5.624113 0.131401 0.466583 4 7839 ++++
rs7546928 A G 0.471678 0.032293 0.007191 0.018199 0.046387 4.490836 7.2e-06 5.142949 5.837723 0.119778 0.486101 4 7838 ++++
rs34587828 A G 0.067875 0.063968 0.014247 0.036044 0.091892 4.489946 7.23e-06 5.141137 0.654469 0.883857 0 4 7838 ++++
rs7614070 C G 0.121697 -0.049683 0.011071 -0.071383 -0.027984 -4.48757 7.31e-06 5.136304 3.001835 0.391342 0.000611 4 7839 ----
rs142516606 A G 0.022195 0.108104 0.02409 0.060889 0.15532 4.487605 7.31e-06 5.136375 0.53262 0.911669 0 4 7839 ++++
rs13194318 T A 0.076157 0.060463 0.013477 0.034049 0.086878 4.48655 7.34e-06 5.134227 1.460393 0.691441 0 4 7839 ++++
rs78443159 T G 0.044524 -0.077475 0.01728 -0.111343 -0.043607 -4.483598 7.44e-06 5.128226 1.745153 0.626942 0 4 7839 ----
rs10889994 T C 0.470255 0.032239 0.007194 0.018138 0.04634 4.481258 7.53e-06 5.123471 5.59068 0.133314 0.463393 4 7837 ++++
rs6696689 T G 0.443646 0.032466 0.007246 0.018264 0.046667 4.48063 7.55e-06 5.122195 3.37654 0.337131 0.111516 4 7839 ++++
rs35792493 T C 0.068055 0.063766 0.014232 0.035872 0.09166 4.480545 7.55e-06 5.122023 0.729443 0.866258 0 4 7839 ++++
rs35700971 C T 0.067803 0.063869 0.014256 0.035928 0.09181 4.480233 7.56e-06 5.12139 0.695215 0.874329 0 4 7839 ++++
rs940918 A T 0.470754 0.032189 0.007187 0.018101 0.046276 4.47846 7.62e-06 5.117789 5.016591 0.170586 0.401984 4 7839 ++++
rs34556721 A C 0.066847 0.06426 0.014353 0.036128 0.092392 4.477064 7.67e-06 5.114955 0.82005 0.844665 0 4 7839 ++++
rs78149910 A G 0.06187 0.06662 0.014886 0.037444 0.095797 4.475356 7.74e-06 5.111489 1.194799 0.754252 0 4 7839 ++++
rs9807392 G A 0.072214 -0.062382 0.013949 -0.089723 -0.035041 -4.472007 7.86e-06 5.104696 4.2429 0.236402 0.292936 4 7838 ----
rs6436994 C G 0.310592 0.034277 0.007665 0.019253 0.049301 4.4718 7.87e-06 5.104276 1.198189 0.753439 0 4 7839 ++++
rs13257339 C T 0.053958 -0.070338 0.015739 -0.101187 -0.03949 -4.469002 7.97e-06 5.098605 3.580142 0.310516 0.162044 4 7839 ----
rs80138348 A G 0.033931 0.089948 0.02014 0.050474 0.129422 4.466155 8.08e-06 5.092837 3.671372 0.299206 0.182867 4 7839 ++++
rs12117582 G A 0.463058 -0.032017 0.007175 -0.046079 -0.017954 -4.462261 8.22e-06 5.084954 1.550403 0.670687 0 4 7839 ----
rs73390797 G A 0.022774 0.106285 0.02382 0.059597 0.152973 4.461912 8.24e-06 5.084248 0.312432 0.957674 0 4 7837 ++++
rs10514479 A G 0.045733 0.076302 0.017103 0.042779 0.109825 4.461219 8.26e-06 5.082845 6.849123 0.076865 0.561988 4 7839 ++++
rs77475786 T C 0.06187 0.066496 0.014906 0.03728 0.095712 4.460941 8.27e-06 5.082282 1.188001 0.755883 0 4 7839 ++++
rs12122377 C T 0.477417 0.031983 0.007172 0.017926 0.046039 4.459648 8.32e-06 5.079668 4.86593 0.181882 0.383468 4 7839 ++++
rs4306085 A T 0.4454 0.032308 0.007247 0.018104 0.046511 4.458237 8.38e-06 5.076814 3.317142 0.345264 0.095607 4 7839 ++++
rs880991 A G 0.056126 0.069628 0.015618 0.039017 0.100238 4.458307 8.38e-06 5.076956 7.290658 0.063188 0.588515 4 7839 ++++
rs74781276 T C 0.061932 0.066211 0.01488 0.037045 0.095376 4.449558 8.72e-06 5.059282 1.253915 0.740104 0 4 7839 ++++
rs76200347 T C 0.061932 0.066211 0.01488 0.037045 0.095376 4.449558 8.72e-06 5.059282 1.253915 0.740104 0 4 7839 ++++
rs11919396 T C 0.302571 0.034901 0.007843 0.019528 0.050274 4.449661 8.72e-06 5.059491 0.274232 0.9648 0 4 7839 ++++
rs34905263 A G 0.06691 0.063809 0.014348 0.035687 0.09193 4.447354 8.81e-06 5.054835 0.834034 0.84131 0 4 7839 ++++
rs71638309 G C 0.06691 0.063809 0.014348 0.035687 0.09193 4.447354 8.81e-06 5.054835 0.834034 0.84131 0 4 7839 ++++
rs35196924 C A 0.067422 0.063541 0.014292 0.03553 0.091553 4.446073 8.87e-06 5.05225 0.838453 0.840249 0 4 7839 ++++
rs4233099 C G 0.480263 0.03183 0.007174 0.017768 0.045892 4.436681 9.26e-06 5.033326 1.849731 0.604173 0 4 7839 ++++
rs6424496 G A 0.474355 0.031853 0.007181 0.017778 0.045929 4.435584 9.31e-06 5.031118 6.167208 0.103753 0.513556 4 7839 ++++
rs112950587 C T 0.061931 0.065892 0.014856 0.036774 0.095009 4.435359 9.32e-06 5.030665 1.051133 0.788882 0 4 7839 ++++
rs78783427 T C 0.061931 0.065892 0.014856 0.036774 0.095009 4.435359 9.32e-06 5.030665 1.051133 0.788882 0 4 7839 ++++
rs13254048 T C 0.0567 -0.068278 0.015397 -0.098455 -0.0381 -4.43459 9.35e-06 5.029118 1.648707 0.648397 0 4 7831 ----
rs4366276 G T 0.445336 0.032124 0.007247 0.017919 0.046329 4.432436 9.45e-06 5.024786 3.283251 0.349981 0.086271 4 7839 ++++
rs10510351 C T 0.336841 0.033812 0.007629 0.018858 0.048765 4.431816 9.47e-06 5.023539 0.932063 0.817684 0 4 7839 ++++
rs12129942 C T 0.475505 0.031769 0.00718 0.017697 0.045841 4.424858 9.78e-06 5.009556 6.347376 0.09588 0.527364 4 7839 ++++
rs12733808 A G 0.067418 0.063241 0.014298 0.035217 0.091266 4.42299 9.87e-06 5.005807 1.00729 0.799488 0 4 7839 ++++
rs76354707 T C 0.046498 -0.07485 0.016924 -0.108021 -0.041679 -4.422728 9.88e-06 5.005281 2.943539 0.400413 0 4 7839 ----
