rs_number reference_allele other_allele eaf beta se beta_95L beta_95U z p-value -log10_p-value q_statistic q_p-value i2 n_studies n_samples effects
rs112019714 C T 0.089081 -0.044591 0.007952 -0.060177 -0.029005 -5.607559 2.1e-08 7.677185 0.52831 0.467318 0 2 617 --
rs5935633 A G 0.120146 -0.035357 0.00641 -0.047921 -0.022794 -5.516069 3.55e-08 7.449839 4.853636 0.027588 0.793969 2 611 --
rs7259620 A G 0.384343 0.024865 0.00452 0.016007 0.033723 5.50164 3.85e-08 7.414305 8.521095 0.003511 0.882644 2 617 ++
rs139497490 C A 0.015336 -0.091505 0.016719 -0.124274 -0.058736 -5.473141 4.52e-08 7.344383 2.300941 0.129296 0.565395 2 617 --
rs7811294 A G 0.170043 0.031236 0.00576 0.019947 0.042525 5.423144 5.99e-08 7.222541 1.833178 0.175753 0.454499 2 617 ++
rs117771123 G A 0.014589 -0.09403 0.017646 -0.128616 -0.059444 -5.328765 1.01e-07 6.995416 3.008136 0.082847 0.667568 2 617 --
rs77301115 A G 0.070184 -0.045334 0.008511 -0.062016 -0.028651 -5.326203 1.02e-07 6.989303 0.187175 0.665279 0 2 616 --
rs17099538 C T 0.078195 -0.04306 0.008182 -0.059096 -0.027023 -5.262797 1.45e-07 6.83889 0.571195 0.449784 0 2 617 --
rs28436253 G A 0.162888 0.030794 0.005862 0.019303 0.042284 5.252712 1.53e-07 6.81512 1.496707 0.221179 0.331866 2 617 ++
rs115881343 T C 0.069163 -0.045449 0.008672 -0.062447 -0.028451 -5.240671 1.63e-07 6.7868 0.224682 0.635495 0 2 609 --
rs112849259 T C 0.070659 -0.044456 0.008494 -0.061105 -0.027807 -5.2336 1.7e-07 6.770197 0.131536 0.716845 0 2 617 --
rs73891649 A G 0.061663 -0.044834 0.008575 -0.061641 -0.028026 -5.228268 1.75e-07 6.75769 6.728892 0.009486 0.851387 2 617 --
rs116881820 C T 0.070109 -0.043971 0.008534 -0.060697 -0.027244 -5.152296 2.63e-07 6.580799 0.105559 0.745258 0 2 617 --
rs1081105 C A 0.074912 -0.042122 0.008347 -0.058482 -0.025762 -5.046471 4.59e-07 6.338442 0.581594 0.445688 0 2 617 --
rs75687619 T G 0.069362 -0.043435 0.008627 -0.060343 -0.026526 -5.034834 4.87e-07 6.312078 0.308431 0.578644 0 2 617 --
rs41267610 C T 0.011986 -0.105046 0.020905 -0.146019 -0.064073 -5.025012 5.13e-07 6.289869 0.052219 0.819245 0 2 617 --
rs41267612 T G 0.011986 -0.105046 0.020905 -0.146019 -0.064073 -5.025012 5.13e-07 6.289869 0.052219 0.819245 0 2 617 --
rs76981445 T C 0.011986 -0.105046 0.020905 -0.146019 -0.064073 -5.025012 5.13e-07 6.289869 0.052219 0.819245 0 2 617 --
rs138074928 T A 0.011986 -0.105046 0.020905 -0.146019 -0.064073 -5.025012 5.13e-07 6.289869 0.052219 0.819245 0 2 617 --
rs116675675 G A 0.011986 -0.105046 0.020905 -0.146019 -0.064073 -5.025012 5.13e-07 6.289869 0.052219 0.819245 0 2 617 --
rs141887471 G A 0.011986 -0.105046 0.020905 -0.146019 -0.064073 -5.025012 5.13e-07 6.289869 0.052219 0.819245 0 2 617 --
rs150966173 T C 0.069762 -0.042994 0.008639 -0.059926 -0.026063 -4.976988 6.58e-07 6.181871 0.722184 0.395429 0 2 609 --
rs79398853 T C 0.068965 -0.042927 0.008662 -0.059904 -0.025949 -4.955763 7.34e-07 6.134448 0.268183 0.604553 0 2 617 --
rs114536010 T C 0.068636 -0.043151 0.00872 -0.060243 -0.02606 -4.948427 7.62e-07 6.1181 0.287748 0.591667 0 2 613 --
rs17868180 T C 0.020302 -0.076389 0.015475 -0.106721 -0.046058 -4.936218 8.11e-07 6.090944 6.631504 0.010019 0.849205 2 617 --
rs3905115 G A 0.016402 -0.089549 0.018193 -0.125208 -0.05389 -4.922094 8.72e-07 6.059608 0.05023 0.822664 0 2 617 --
rs188535946 A G 0.072704 -0.040581 0.008319 -0.056886 -0.024275 -4.878034 1.09e-06 5.962386 0.401252 0.526444 0 2 617 --
rs10810135 A T 0.050976 -0.047975 0.009939 -0.067455 -0.028494 -4.826822 1.41e-06 5.850409 0.447371 0.503586 0 2 617 --
rs61588707 A G 0.048019 -0.0491 0.010179 -0.069051 -0.029149 -4.823689 1.43e-06 5.843593 0.945945 0.330754 0 2 617 --
rs4403502 G A 0.048569 -0.0491 0.010179 -0.069051 -0.029149 -4.823689 1.43e-06 5.843593 0.945945 0.330754 0 2 617 --
rs4615683 C G 0.048569 -0.0491 0.010179 -0.069051 -0.029149 -4.823689 1.43e-06 5.843593 0.945945 0.330754 0 2 617 --
rs6780936 C T 0.402978 0.022655 0.004714 0.013416 0.031895 4.806138 1.56e-06 5.805492 0.004388 0.947184 0 2 617 ++
rs12864274 G A 0.111014 -0.035443 0.007406 -0.049958 -0.020927 -4.785844 1.73e-06 5.761598 1.20753 0.271822 0.171863 2 617 --
rs140480140 A G 0.074912 -0.039042 0.008224 -0.05516 -0.022923 -4.747517 2.09e-06 5.679168 0.252959 0.614999 0 2 617 --
rs55681020 G T 0.25638 -0.025124 0.005301 -0.035514 -0.014733 -4.73926 2.18e-06 5.661491 2.70632 0.099951 0.630495 2 617 --
rs55800305 A C 0.25638 -0.025124 0.005301 -0.035514 -0.014733 -4.73926 2.18e-06 5.661491 2.70632 0.099951 0.630495 2 617 --
rs10249725 A G 0.25638 -0.025124 0.005301 -0.035514 -0.014733 -4.73926 2.18e-06 5.661491 2.70632 0.099951 0.630495 2 617 --
rs7793002 G C 0.25638 -0.025124 0.005301 -0.035514 -0.014733 -4.73926 2.18e-06 5.661491 2.70632 0.099951 0.630495 2 617 --
rs7793000 G A 0.25638 -0.025124 0.005301 -0.035514 -0.014733 -4.73926 2.18e-06 5.661491 2.70632 0.099951 0.630495 2 617 --
rs7793455 G A 0.25638 -0.025124 0.005301 -0.035514 -0.014733 -4.73926 2.18e-06 5.661491 2.70632 0.099951 0.630495 2 617 --
rs7793615 C A 0.25638 -0.025124 0.005301 -0.035514 -0.014733 -4.73926 2.18e-06 5.661491 2.70632 0.099951 0.630495 2 617 --
rs60988303 G A 0.256972 -0.025124 0.005301 -0.035514 -0.014733 -4.73926 2.18e-06 5.661491 2.70632 0.099951 0.630495 2 617 --
rs62465273 T C 0.25638 -0.025124 0.005301 -0.035514 -0.014733 -4.73926 2.18e-06 5.661491 2.70632 0.099951 0.630495 2 617 --
rs10253756 G C 0.25638 -0.025124 0.005301 -0.035514 -0.014733 -4.73926 2.18e-06 5.661491 2.70632 0.099951 0.630495 2 617 --
rs10253866 T C 0.25638 -0.025124 0.005301 -0.035514 -0.014733 -4.73926 2.18e-06 5.661491 2.70632 0.099951 0.630495 2 617 --
rs10951359 C A 0.25638 -0.025124 0.005301 -0.035514 -0.014733 -4.73926 2.18e-06 5.661491 2.70632 0.099951 0.630495 2 617 --
rs10269882 C T 0.256972 -0.025124 0.005301 -0.035514 -0.014733 -4.73926 2.18e-06 5.661491 2.70632 0.099951 0.630495 2 617 --
rs59147006 A G 0.25638 -0.025124 0.005301 -0.035514 -0.014733 -4.73926 2.18e-06 5.661491 2.70632 0.099951 0.630495 2 617 --
rs55688791 T C 0.25638 -0.025124 0.005301 -0.035514 -0.014733 -4.73926 2.18e-06 5.661491 2.70632 0.099951 0.630495 2 617 --
rs56095511 G T 0.25638 -0.025124 0.005301 -0.035514 -0.014733 -4.73926 2.18e-06 5.661491 2.70632 0.099951 0.630495 2 617 --
rs62465277 C T 0.258826 -0.025088 0.005293 -0.035463 -0.014713 -4.739379 2.18e-06 5.661746 2.722097 0.098968 0.632636 2 617 --
rs62465278 C T 0.258072 -0.025088 0.005293 -0.035463 -0.014713 -4.739379 2.18e-06 5.661746 2.722097 0.098968 0.632636 2 617 --
rs56028016 T C 0.272649 -0.02455 0.00519 -0.034722 -0.014379 -4.730652 2.27e-06 5.643092 3.850808 0.049722 0.740314 2 617 --
rs6662352 T G 0.258417 -0.024517 0.005194 -0.034697 -0.014337 -4.720355 2.39e-06 5.621123 0.070176 0.79108 0 2 617 --
rs7788831 G A 0.118206 0.032986 0.006989 0.019288 0.046685 4.719742 2.4e-06 5.619817 3.845324 0.049885 0.739944 2 617 ++
rs5935636 T A 0.111402 -0.032419 0.006871 -0.045886 -0.018951 -4.717927 2.42e-06 5.615949 5.756045 0.016432 0.82627 2 611 --
rs2382472 T G 0.049317 -0.047225 0.01005 -0.066923 -0.027528 -4.699248 2.65e-06 5.576231 0.545074 0.460338 0 2 617 --
rs2382473 T A 0.049317 -0.047225 0.01005 -0.066923 -0.027528 -4.699248 2.65e-06 5.576231 0.545074 0.460338 0 2 617 --
rs4537389 C G 0.049317 -0.047225 0.01005 -0.066923 -0.027528 -4.699248 2.65e-06 5.576231 0.545074 0.460338 0 2 617 --
rs62465279 A G 0.260434 -0.024711 0.00528 -0.035061 -0.014362 -4.679805 2.92e-06 5.535044 2.551943 0.110159 0.608142 2 617 --
rs56296297 C T 0.03655 -0.053136 0.011356 -0.075393 -0.030878 -4.67919 2.93e-06 5.533742 0.09013 0.764012 0 2 617 --
rs1603867 T G 0.414962 0.021737 0.004667 0.012591 0.030884 4.657971 3.24e-06 5.488977 0.094209 0.758892 0 2 617 ++
rs12649612 A G 0.130592 -0.030162 0.006506 -0.042914 -0.01741 -4.635863 3.61e-06 5.442537 0.78447 0.375778 0 2 617 --
rs73210839 G A 0.060134 -0.044518 0.009619 -0.063371 -0.025665 -4.628161 3.75e-06 5.426405 1.336282 0.247691 0.251655 2 617 --
rs139503951 T C 0.060134 -0.044518 0.009619 -0.063371 -0.025665 -4.628161 3.75e-06 5.426405 1.336282 0.247691 0.251655 2 617 --
rs73212226 T C 0.060134 -0.044518 0.009619 -0.063371 -0.025665 -4.628161 3.75e-06 5.426405 1.336282 0.247691 0.251655 2 617 --
rs12125592 G C 0.030991 -0.059127 0.012811 -0.084236 -0.034018 -4.615388 3.98e-06 5.39971 0.015126 0.902118 0 2 617 --
rs74522380 A G 0.030991 -0.059127 0.012811 -0.084236 -0.034018 -4.615388 3.98e-06 5.39971 0.015126 0.902118 0 2 617 --
rs55927246 G A 0.029143 -0.064912 0.014068 -0.092484 -0.037339 -4.61426 4.01e-06 5.397355 0.000281 0.986633 0 2 617 --
rs34496942 A G 0.023259 -0.064229 0.01395 -0.091572 -0.036887 -4.604177 4.2e-06 5.376332 1.839322 0.17503 0.456321 2 617 --
rs12118364 G A 0.016797 -0.07587 0.016512 -0.108233 -0.043506 -4.594831 4.4e-06 5.356885 6.808129 0.009074 0.853117 2 617 --
rs77554001 A C 0.089861 -0.036798 0.008013 -0.052503 -0.021093 -4.592323 4.45e-06 5.351674 2.747608 0.0974 0.636047 2 617 --
rs12465558 G A 0.011823 -0.084162 0.018342 -0.120112 -0.048212 -4.588518 4.53e-06 5.34377 6.811296 0.009058 0.853185 2 617 --
rs78881090 C G 0.027683 -0.062438 0.013608 -0.08911 -0.035766 -4.588246 4.54e-06 5.343204 0.092807 0.760638 0 2 617 --
rs74494208 G A 0.027683 -0.062438 0.013608 -0.08911 -0.035766 -4.588246 4.54e-06 5.343204 0.092807 0.760638 0 2 617 --
rs2097407 G A 0.40129 0.021015 0.004593 0.012013 0.030018 4.57541 4.82e-06 5.316591 1.834884 0.175552 0.455006 2 610 ++
rs75923417 G A 0.052952 -0.045872 0.010031 -0.065532 -0.026212 -4.573207 4.87e-06 5.312029 10.389971 0.001267 0.903753 2 617 --
rs6967839 A C 0.283302 -0.023512 0.005155 -0.033615 -0.013408 -4.56107 5.16e-06 5.286937 3.418875 0.064455 0.707506 2 617 --
rs7801551 C T 0.23315 -0.024615 0.005397 -0.035194 -0.014037 -4.560607 5.18e-06 5.285982 0.978507 0.322568 0 2 617 --
rs5942408 C T 0.400692 0.02083 0.004578 0.011857 0.029804 4.549818 5.45e-06 5.263731 1.675858 0.195476 0.403291 2 611 ++
rs61585710 A G 0.099142 -0.035158 0.007733 -0.050314 -0.020002 -4.546688 5.53e-06 5.257285 1.245514 0.264411 0.197119 2 617 --
rs34196011 G T 0.206243 -0.025133 0.005535 -0.035981 -0.014285 -4.541127 5.68e-06 5.245843 0.080191 0.777038 0 2 617 --
rs3013131 A G 0.188735 -0.025477 0.005612 -0.036476 -0.014477 -4.539777 5.71e-06 5.243068 0.028734 0.865395 0 2 611 --
rs12006702 C T 0.188735 -0.025477 0.005612 -0.036476 -0.014477 -4.539777 5.71e-06 5.243068 0.028734 0.865395 0 2 611 --
rs113586581 G A 0.188735 -0.025477 0.005612 -0.036476 -0.014477 -4.539777 5.71e-06 5.243068 0.028734 0.865395 0 2 611 --
rs77631834 G C 0.188735 -0.025477 0.005612 -0.036476 -0.014477 -4.539777 5.71e-06 5.243068 0.028734 0.865395 0 2 611 --
rs10131032 A G 0.086708 -0.036185 0.007982 -0.05183 -0.02054 -4.533187 5.89e-06 5.229529 0.186999 0.665426 0 2 617 --
rs12144328 G A 0.028233 -0.060935 0.01346 -0.087316 -0.034554 -4.52723 6.06e-06 5.217305 0.049544 0.823858 0 2 617 --
rs12119130 G A 0.028233 -0.060935 0.01346 -0.087316 -0.034554 -4.52723 6.06e-06 5.217305 0.049544 0.823858 0 2 617 --
rs12127784 A G 0.028233 -0.060935 0.01346 -0.087316 -0.034554 -4.52723 6.06e-06 5.217305 0.049544 0.823858 0 2 617 --
rs1801795 C G 0.028233 -0.060935 0.01346 -0.087316 -0.034554 -4.52723 6.06e-06 5.217305 0.049544 0.823858 0 2 617 --
rs715910 G A 0.338605 0.021993 0.004861 0.012466 0.031519 4.524601 6.14e-06 5.211915 0.405484 0.52427 0 2 617 ++
rs4723212 G T 0.23315 -0.024415 0.0054 -0.034999 -0.01383 -4.521151 6.24e-06 5.204846 0.926539 0.335764 0 2 617 --
rs60954284 C G 0.232558 -0.024415 0.0054 -0.034999 -0.01383 -4.521151 6.24e-06 5.204846 0.926539 0.335764 0 2 617 --
rs57768476 G T 0.232558 -0.024415 0.0054 -0.034999 -0.01383 -4.521151 6.24e-06 5.204846 0.926539 0.335764 0 2 617 --
rs59783209 C T 0.232558 -0.024415 0.0054 -0.034999 -0.01383 -4.521151 6.24e-06 5.204846 0.926539 0.335764 0 2 617 --
rs113269191 T A 0.232558 -0.024415 0.0054 -0.034999 -0.01383 -4.521151 6.24e-06 5.204846 0.926539 0.335764 0 2 617 --
rs6977427 A G 0.232558 -0.024415 0.0054 -0.034999 -0.01383 -4.521151 6.24e-06 5.204846 0.926539 0.335764 0 2 617 --
rs55927284 A G 0.232558 -0.024415 0.0054 -0.034999 -0.01383 -4.521151 6.24e-06 5.204846 0.926539 0.335764 0 2 617 --
rs11763393 T C 0.232558 -0.024415 0.0054 -0.034999 -0.01383 -4.521151 6.24e-06 5.204846 0.926539 0.335764 0 2 617 --
rs11766976 C T 0.232558 -0.024415 0.0054 -0.034999 -0.01383 -4.521151 6.24e-06 5.204846 0.926539 0.335764 0 2 617 --
rs11763509 A G 0.232558 -0.024415 0.0054 -0.034999 -0.01383 -4.521151 6.24e-06 5.204846 0.926539 0.335764 0 2 617 --
rs7783163 A G 0.232558 -0.024415 0.0054 -0.034999 -0.01383 -4.521151 6.24e-06 5.204846 0.926539 0.335764 0 2 617 --
rs67178766 T A 0.232558 -0.024415 0.0054 -0.034999 -0.01383 -4.521151 6.24e-06 5.204846 0.926539 0.335764 0 2 617 --
rs10951361 G T 0.284402 -0.023307 0.005158 -0.033416 -0.013198 -4.518914 6.31e-06 5.200266 3.32093 0.068403 0.69888 2 617 --
rs4686027 C T 0.420461 0.021165 0.004691 0.01197 0.03036 4.511363 6.53e-06 5.18482 0.149925 0.698607 0 2 617 ++
rs4686028 A G 0.419361 0.021165 0.004691 0.01197 0.03036 4.511363 6.53e-06 5.18482 0.149925 0.698607 0 2 617 ++
rs79896210 T C 0.026575 -0.060815 0.013508 -0.08729 -0.034339 -4.50222 6.82e-06 5.166147 0.046893 0.82856 0 2 617 --
rs4399625 T C 0.034341 -0.053517 0.011896 -0.076833 -0.030201 -4.498801 6.93e-06 5.159174 0.338112 0.560921 0 2 617 --
rs79987290 C T 0.020664 -0.07015 0.015606 -0.100737 -0.039562 -4.495081 7.05e-06 5.151593 0.176215 0.674646 0 2 617 --
rs4686025 G A 0.441476 0.020652 0.004595 0.011646 0.029657 4.49466 7.07e-06 5.150736 0.004071 0.949126 0 2 617 ++
rs11974633 C T 0.283218 -0.02318 0.005158 -0.03329 -0.013071 -4.494075 7.09e-06 5.149543 3.715395 0.053913 0.73085 2 616 --
rs9349546 A G 0.024168 -0.070116 0.015603 -0.100699 -0.039534 -4.493735 7.1e-06 5.148851 1.188323 0.275668 0.158478 2 617 --
rs11665491 A T 0.388892 0.020768 0.004623 0.011706 0.029829 4.492056 7.15e-06 5.145433 0.057203 0.810972 0 2 617 ++
rs144560509 G C 0.026025 -0.061825 0.01377 -0.088814 -0.034837 -4.489961 7.22e-06 5.141168 0.074784 0.784495 0 2 617 --
rs140537041 A G 0.026025 -0.061825 0.01377 -0.088814 -0.034837 -4.489961 7.22e-06 5.141168 0.074784 0.784495 0 2 617 --
rs12118265 T C 0.026025 -0.061825 0.01377 -0.088814 -0.034837 -4.489961 7.22e-06 5.141168 0.074784 0.784495 0 2 617 --
rs7622406 T C 0.377548 0.020962 0.004671 0.011807 0.030117 4.487869 7.3e-06 5.13691 0.115521 0.733944 0 2 617 ++
rs581315 T C 0.266095 -0.023489 0.005241 -0.033761 -0.013218 -4.482126 7.49e-06 5.125235 2.917208 0.087639 0.657207 2 617 --
rs12126496 A T 0.023422 -0.067816 0.015136 -0.097483 -0.038149 -4.480403 7.56e-06 5.121734 0.099786 0.752086 0 2 617 --
rs62261658 A C 0.012183 -0.086862 0.019389 -0.124866 -0.048859 -4.479909 7.57e-06 5.120732 3.150531 0.075902 0.682593 2 617 --
rs35407892 A G 0.079105 -0.039497 0.008822 -0.056789 -0.022206 -4.476984 7.68e-06 5.114793 1.473365 0.224816 0.321281 2 617 --
rs56897630 G T 0.230951 -0.024182 0.005407 -0.03478 -0.013584 -4.472327 7.85e-06 5.105344 0.868729 0.351307 0 2 617 --
rs71526390 A G 0.057015 -0.042476 0.009499 -0.061095 -0.023858 -4.471597 7.87e-06 5.103865 0.925384 0.336065 0 2 617 --
rs6771480 C T 0.388941 0.020616 0.00462 0.01156 0.029671 4.462239 8.22e-06 5.084909 0.009214 0.923527 0 2 617 ++
rs115954416 G C 0.017931 -0.066172 0.014831 -0.095241 -0.037104 -4.46174 8.24e-06 5.0839 1.667521 0.196591 0.400307 2 617 --
rs79887807 C G 0.021214 -0.069379 0.015583 -0.099922 -0.038837 -4.45231 8.61e-06 5.064838 0.149463 0.699049 0 2 617 --
rs76955722 T C 0.021214 -0.069379 0.015583 -0.099922 -0.038837 -4.45231 8.61e-06 5.064838 0.149463 0.699049 0 2 617 --
rs10777373 T C 0.172637 -0.027231 0.006116 -0.039218 -0.015243 -4.452211 8.62e-06 5.064639 0.231993 0.63005 0 2 617 --
rs73563839 T C 0.097182 -0.034861 0.007852 -0.050251 -0.019472 -4.43992 9.12e-06 5.039848 0.749652 0.386587 0 2 617 --
rs77313052 A C 0.035054 -0.051958 0.011714 -0.074918 -0.028998 -4.435438 9.31e-06 5.030824 0.049769 0.823466 0 2 617 --
rs112390625 A G 0.047203 0.049299 0.011117 0.027511 0.071088 4.43472 9.35e-06 5.029379 0.259291 0.610607 0 2 617 ++
rs1925519 G A 0.347753 -0.021306 0.004814 -0.030742 -0.01187 -4.425555 9.75e-06 5.010956 2.306108 0.128866 0.566369 2 617 --
rs55911506 T C 0.09366 -0.035382 0.007996 -0.051053 -0.01971 -4.425159 9.77e-06 5.01016 1.236849 0.266079 0.191494 2 617 --
rs10164792 A G 0.349445 0.020342 0.004602 0.011322 0.029361 4.420301 9.99e-06 5.00041 0.302463 0.582342 0 2 617 ++
