rs_number reference_allele other_allele eaf beta se beta_95L beta_95U z p-value -log10_p-value q_statistic q_p-value i2 n_studies n_samples effects
rs184017 G T 0.447076 -0.206279 0.02833 -0.261805 -0.150754 -7.281424 3.44e-13 12.463105 6.479572 0.010912 0.845669 2 1587 +-?
rs157581 C T 0.465027 -0.194595 0.028334 -0.25013 -0.13906 -6.867829 6.77e-12 11.169702 8.959808 0.00276 0.88839 2 1587 +-?
rs283811 G A 0.399703 -0.190985 0.028275 -0.246405 -0.135566 -6.754501 1.49e-11 10.828029 9.839799 0.001708 0.898372 2 1587 +-?
rs3925681 A G 0.260542 0.20872 0.03115 0.147666 0.269773 6.700526 2.15e-11 10.667221 2.56484 0.109264 0.610112 2 1587 ++?
rs438811 C T 0.499222 0.167772 0.027032 0.114789 0.220756 6.206394 5.59e-10 9.252658 9.638245 0.001906 0.896247 2 1587 -+?
rs4803772 T C 0.224561 0.194703 0.033141 0.129746 0.259659 5.874936 4.35e-09 8.361867 1.873912 0.171028 0.466357 2 1587 ++?
rs112019714 C T 0.067409 -0.229647 0.039179 -0.306438 -0.152855 -5.861428 4.71e-09 8.326549 13.496608 0.001173 0.851815 3 2007 +--
rs59325138 T C 0.256273 0.127217 0.022454 0.083208 0.171227 5.665738 1.5e-08 7.823591 15.151847 0.000513 0.868003 3 2007 +++
rs769450 A G 0.372255 0.112924 0.019937 0.073847 0.152001 5.663927 1.52e-08 7.819014 26.753952 1.55e-06 0.925245 3 2007 +++
rs115881343 T C 0.053458 -0.240608 0.043018 -0.324922 -0.156294 -5.593251 2.28e-08 7.641397 5.921402 0.051783 0.662242 3 1995 +--
rs34878901 T C 0.428213 0.107739 0.019343 0.069827 0.145651 5.56996 2.61e-08 7.583326 21.019516 2.73e-05 0.90485 3 2007 +++
rs140480140 A G 0.059443 -0.221829 0.039895 -0.300023 -0.143634 -5.560293 2.76e-08 7.559291 6.619513 0.036525 0.697863 3 2007 ---
rs4803770 G C 0.254593 0.176858 0.031829 0.114472 0.239243 5.556426 2.82e-08 7.549686 1.761583 0.184427 0.432329 2 1587 ++?
rs11220765 C A 0.200842 -0.130892 0.023692 -0.177329 -0.084456 -5.524754 3.38e-08 7.471267 1.52924 0.465511 0 3 2007 ---
rs77301115 A G 0.054122 -0.23389 0.042713 -0.317608 -0.150172 -5.475818 4.46e-08 7.350937 8.647623 0.013249 0.768723 3 2006 +--
rs1081105 C A 0.058873 -0.219176 0.040096 -0.297763 -0.140588 -5.466309 4.7e-08 7.32767 4.866349 0.087758 0.589014 3 2007 ---
rs112849259 T C 0.053894 -0.234118 0.042916 -0.318234 -0.150003 -5.455248 5e-08 7.300657 8.877697 0.01181 0.774716 3 2005 +--
rs75687619 T G 0.053224 -0.233805 0.043218 -0.318512 -0.149099 -5.409959 6.45e-08 7.190586 10.012619 0.006696 0.800252 3 2007 +--
rs188535946 A G 0.057922 -0.216771 0.04014 -0.295445 -0.138096 -5.400381 6.8e-08 7.167419 6.450836 0.039739 0.689963 3 2007 ---
rs12721056 T G 0.276058 0.163576 0.030849 0.103112 0.224041 5.302454 1.17e-07 6.932765 2.177279 0.140062 0.540711 2 1587 ++?
rs150966173 T C 0.055182 -0.216174 0.040818 -0.296177 -0.136172 -5.29611 1.21e-07 6.917704 6.193832 0.045188 0.677098 3 1988 ---
rs116881820 C T 0.053471 -0.225448 0.04285 -0.309434 -0.141462 -5.261357 1.46e-07 6.835493 7.666247 0.021642 0.739116 3 2007 +--
rs79398853 T C 0.053079 -0.225665 0.043241 -0.310417 -0.140913 -5.218776 1.84e-07 6.735457 8.843898 0.012011 0.773855 3 2007 +--
rs4100227 A G 0.057975 -0.209836 0.040255 -0.288736 -0.130936 -5.212653 1.9e-07 6.721135 5.496945 0.064026 0.636162 3 2007 +--
rs114536010 T C 0.052477 -0.226492 0.043473 -0.311698 -0.141285 -5.209981 1.93e-07 6.714889 9.061605 0.010772 0.779289 3 1999 +--
rs78959900 A G 0.270806 0.160061 0.031126 0.099054 0.221068 5.142344 2.77e-07 6.557807 3.054804 0.080499 0.672647 2 1580 -+?
rs1376969 T G 0.189838 -0.178561 0.035188 -0.247529 -0.109593 -5.074539 3.96e-07 6.402262 0.024599 0.875371 0 2 1587 --?
rs2000800 T C 0.043559 -0.307826 0.062569 -0.430462 -0.185191 -4.919776 8.82e-07 6.054471 1.232557 0.26691 0.188678 2 480 -?-
rs36089487 C T 0.293023 -0.105472 0.021446 -0.147507 -0.063438 -4.917993 8.9e-07 6.050524 1.791941 0.408211 0 3 2007 ---
rs80269913 G A 0.019396 -0.351887 0.071706 -0.492429 -0.211344 -4.90738 9.4e-07 6.027051 0.689531 0.708386 0 3 2007 ---
rs9615775 T G 0.021341 -0.328551 0.067298 -0.460455 -0.196647 -4.88202 1.07e-06 5.971148 2.311196 0.314869 0.134647 3 2007 ---
rs111534526 T C 0.156158 -0.180408 0.037015 -0.252958 -0.107858 -4.873853 1.11e-06 5.953203 0.133826 0.714498 0 2 1587 --?
rs7259620 A G 0.426352 0.094218 0.019377 0.056238 0.132198 4.862256 1.18e-06 5.92777 16.765953 0.000229 0.880711 3 2007 -++
rs7927708 T C 0.044591 -0.298843 0.061881 -0.42013 -0.177557 -4.829322 1.39e-06 5.85585 1.154385 0.282633 0.133738 2 480 -?-
rs9615770 A G 0.021092 -0.327505 0.068164 -0.461107 -0.193903 -4.804629 1.58e-06 5.802223 2.027136 0.362922 0.013387 3 2007 ---
rs72990065 G A 0.033253 -0.249745 0.05214 -0.35194 -0.14755 -4.789861 1.7e-06 5.770272 1.447616 0.484902 0 3 2004 ---
rs118170342 C T 0.072289 -0.250225 0.052327 -0.352785 -0.147665 -4.78199 1.76e-06 5.753281 4.899762 0.02686 0.795908 2 1587 +-?
rs71439514 C T 0.060424 -0.185547 0.038805 -0.261605 -0.109489 -4.78153 1.77e-06 5.752289 1.877505 0.391115 0 3 2007 ---
rs34162343 T C 0.060424 -0.185547 0.038805 -0.261605 -0.109489 -4.78153 1.77e-06 5.752289 1.877505 0.391115 0 3 2007 ---
rs4277873 T G 0.240613 -0.141949 0.029873 -0.2005 -0.083398 -4.751776 2.05e-06 5.688297 2.277749 0.131242 0.56097 2 480 +?-
rs143566332 T G 0.03612 -0.235631 0.049728 -0.333097 -0.138164 -4.738386 2.19e-06 5.659621 0.696068 0.706075 0 3 2007 ---
rs74797335 G A 0.072184 0.174374 0.036833 0.102182 0.246566 4.734236 2.23e-06 5.650749 0.810122 0.666936 0 3 2007 +++
rs12583079 A G 0.060234 -0.183278 0.038831 -0.259387 -0.107168 -4.719826 2.4e-06 5.619997 1.782367 0.41017 0 3 2007 ---
rs12874671 C T 0.060234 -0.183278 0.038831 -0.259387 -0.107168 -4.719826 2.4e-06 5.619997 1.782367 0.41017 0 3 2007 ---
rs11637609 A G 0.247788 0.104469 0.02219 0.060977 0.14796 4.707996 2.54e-06 5.594815 0.716737 0.698815 0 3 2007 +++
rs1305062 C G 0.376297 0.093173 0.019816 0.054334 0.132012 4.701924 2.62e-06 5.581913 21.785998 1.86e-05 0.908198 3 2007 +++
rs1935158 C T 0.493362 0.088955 0.01896 0.051794 0.126116 4.691791 2.75e-06 5.560415 1.538367 0.463391 0 3 2007 +++
rs11714575 T C 0.333919 -0.096748 0.020623 -0.137169 -0.056326 -4.691216 2.76e-06 5.559197 2.183343 0.335655 0.083974 3 2007 ---
rs13079690 A T 0.201409 -0.16059 0.034264 -0.227747 -0.093432 -4.686812 2.82e-06 5.549868 0.002818 0.957664 0 2 1587 --?
rs72614237 T C 0.146553 -0.178131 0.038147 -0.252899 -0.103363 -4.669616 3.07e-06 5.513521 0.046723 0.828867 0 2 1587 --?
rs13437632 A G 0.186102 -0.117484 0.02517 -0.166817 -0.06815 -4.66757 3.1e-06 5.509205 2.441119 0.295065 0.180704 3 2007 ---
rs12072509 C T 0.493362 0.088389 0.01896 0.051228 0.12555 4.66192 3.18e-06 5.497295 1.453205 0.483549 0 3 2007 +++
rs11631745 T A 0.228316 0.106525 0.022853 0.061734 0.151316 4.661397 3.19e-06 5.496193 1.525203 0.466451 0 3 2007 +++
rs10863588 C T 0.49273 0.088243 0.018939 0.051123 0.125363 4.659346 3.22e-06 5.491873 1.249312 0.535446 0 3 2007 +++
rs1592082 C T 0.49273 0.088243 0.018939 0.051123 0.125363 4.659346 3.22e-06 5.491873 1.249312 0.535446 0 3 2007 +++
rs2378437 G A 0.49273 0.088243 0.018939 0.051123 0.125363 4.659346 3.22e-06 5.491873 1.249312 0.535446 0 3 2007 +++
rs10779425 A G 0.49273 0.088243 0.018939 0.051123 0.125363 4.659346 3.22e-06 5.491873 1.249312 0.535446 0 3 2007 +++
rs25452 A G 0.209797 -0.159721 0.034285 -0.226921 -0.092522 -4.658572 3.23e-06 5.490244 1.378873 0.240293 0.27477 2 1587 --?
rs13437863 C T 0.185448 -0.11683 0.025217 -0.166254 -0.067405 -4.633001 3.66e-06 5.43654 2.623654 0.269328 0.237704 3 2007 ---
rs76867716 C A 0.185448 -0.11683 0.025217 -0.166254 -0.067405 -4.633001 3.66e-06 5.43654 2.623654 0.269328 0.237704 3 2007 ---
rs4579468 T C 0.185448 -0.11683 0.025217 -0.166254 -0.067405 -4.633001 3.66e-06 5.43654 2.623654 0.269328 0.237704 3 2007 ---
rs4571664 T A 0.185448 -0.11683 0.025217 -0.166254 -0.067405 -4.633001 3.66e-06 5.43654 2.623654 0.269328 0.237704 3 2007 ---
rs12487737 C T 0.170757 -0.16844 0.036437 -0.239856 -0.097023 -4.622758 3.84e-06 5.415104 0.000354 0.984992 0 2 1587 --?
rs36039000 T C 0.180163 -0.117302 0.025459 -0.167203 -0.067402 -4.607456 4.14e-06 5.383165 1.37806 0.502063 0 3 2007 ---
rs1220077 T A 0.531846 0.090173 0.019575 0.051806 0.128541 4.606454 4.16e-06 5.381077 2.237738 0.326649 0.10624 3 2007 +++
rs78972466 T C 0.185197 -0.115956 0.02524 -0.165425 -0.066486 -4.594213 4.41e-06 5.3556 2.505965 0.285652 0.201904 3 2007 ---
rs77820890 G T 0.185197 -0.115956 0.02524 -0.165425 -0.066486 -4.594213 4.41e-06 5.3556 2.505965 0.285652 0.201904 3 2007 ---
rs11981834 T G 0.185197 -0.115956 0.02524 -0.165425 -0.066486 -4.594213 4.41e-06 5.3556 2.505965 0.285652 0.201904 3 2007 ---
rs961986 T C 0.185197 -0.115956 0.02524 -0.165425 -0.066486 -4.594213 4.41e-06 5.3556 2.505965 0.285652 0.201904 3 2007 ---
rs1442459 A C 0.492205 0.087054 0.018969 0.049875 0.124232 4.589344 4.51e-06 5.345485 1.306519 0.520347 0 3 2007 +++
rs78020906 A G 0.185448 -0.115552 0.025223 -0.164989 -0.066115 -4.581221 4.69e-06 5.32863 2.546352 0.279941 0.214563 3 2007 ---
rs57329797 T C 0.18522 -0.115552 0.025223 -0.164989 -0.066115 -4.581221 4.69e-06 5.32863 2.546352 0.279941 0.214563 3 2007 ---
rs12673784 A G 0.180391 -0.116355 0.025432 -0.166202 -0.066508 -4.575115 4.83e-06 5.31598 1.3189 0.517136 0 3 2007 ---
rs1442460 A G 0.491977 0.086744 0.018964 0.049576 0.123913 4.574265 4.85e-06 5.31422 1.262737 0.531863 0 3 2007 +++
rs7119009 C T 0.258967 -0.099511 0.021761 -0.142163 -0.056859 -4.572845 4.88e-06 5.31128 0.147317 0.928989 0 3 2007 ---
rs112539276 T C 0.014599 -0.365318 0.079954 -0.522028 -0.208608 -4.569093 4.97e-06 5.303518 0.591031 0.744148 0 3 2007 ---
rs10218741 A G 0.491977 0.086596 0.018958 0.049437 0.123754 4.567681 5e-06 5.300597 1.24159 0.537517 0 3 2007 +++
rs112591336 A G 0.014409 -0.365959 0.080275 -0.523297 -0.20862 -4.558823 5.22e-06 5.2823 0.583315 0.747024 0 3 2007 ---
rs11716183 A C 0.014409 -0.365959 0.080275 -0.523297 -0.20862 -4.558823 5.22e-06 5.2823 0.583315 0.747024 0 3 2007 ---
rs5924905 A G 0.042683 0.226843 0.049788 0.129258 0.324428 4.556148 5.29e-06 5.27678 2.751056 0.252706 0.273006 3 1968 +++
rs10863583 A G 0.492205 0.086353 0.018958 0.049195 0.123512 4.554889 5.32e-06 5.274183 1.208899 0.546375 0 3 2007 +++
rs1159841 G C 0.510367 0.087499 0.019227 0.049813 0.125185 4.550725 5.42e-06 5.265601 0.415873 0.812259 0 3 2007 +++
rs8026588 A G 0.192678 -0.112377 0.024749 -0.160884 -0.063869 -4.540705 5.69e-06 5.244976 0.584724 0.746498 0 3 2007 ---
rs8032943 A T 0.192678 -0.112377 0.024749 -0.160884 -0.063869 -4.540705 5.69e-06 5.244976 0.584724 0.746498 0 3 2007 ---
rs874214 G A 0.341734 -0.093748 0.020697 -0.134315 -0.053182 -4.529507 6e-06 5.221975 1.743532 0.418212 0 3 2007 ---
rs11719135 G A 0.341483 -0.093916 0.020754 -0.134593 -0.053239 -4.52529 6.12e-06 5.213328 1.818521 0.402822 0 3 2007 ---
rs7128415 G T 0.035359 -0.225883 0.049976 -0.323837 -0.127929 -4.519795 6.28e-06 5.20207 1.115614 0.572463 0 3 2007 ---
rs11636323 A G 0.246545 0.100673 0.022294 0.056977 0.144369 4.515689 6.4e-06 5.193666 0.788601 0.674152 0 3 2007 +++
rs2305811 A G 0.08315 -0.204456 0.045397 -0.293434 -0.115478 -4.503747 6.77e-06 5.169264 0.442226 0.50605 0 2 479 -?-
rs17751109 G A 0.015689 -0.351636 0.078097 -0.504705 -0.198567 -4.502576 6.81e-06 5.166874 8.764067 0.0125 0.771795 3 2007 ---
rs3856914 G T 0.175694 -0.160226 0.035608 -0.230018 -0.090433 -4.499655 6.9e-06 5.160917 0.030572 0.861199 0 2 1587 --?
rs3856915 A G 0.175694 -0.160226 0.035608 -0.230018 -0.090433 -4.499655 6.9e-06 5.160917 0.030572 0.861199 0 2 1587 --?
rs9580848 T C 0.357213 -0.08933 0.019861 -0.128258 -0.050402 -4.497662 6.97e-06 5.156853 0.31486 0.854337 0 3 2007 ---
rs17694437 G T 0.013209 -0.382321 0.085096 -0.54911 -0.215532 -4.49279 7.13e-06 5.146927 0.461299 0.794018 0 3 2007 ---
rs1011041 G T 0.17839 0.114669 0.025535 0.06462 0.164719 4.490604 7.2e-06 5.142476 0.250177 0.882419 0 3 2007 +++
rs141767157 T C 0.010704 -0.577128 0.128814 -0.829604 -0.324652 -4.480311 7.56e-06 5.121549 0.046803 0.828723 0 2 1587 --?
rs4752320 G A 0.017223 0.36443 0.081356 0.204972 0.523888 4.47944 7.59e-06 5.119779 0.591421 0.744003 0 3 2007 +++
rs1029482267 G T 0.010129 -0.41712 0.093171 -0.599734 -0.234505 -4.476946 7.68e-06 5.114716 0.018827 0.99063 0 3 2007 ---
rs62527817 T C 0.112103 -0.138655 0.031029 -0.199472 -0.077838 -4.468555 7.99e-06 5.097699 2.725337 0.255977 0.266146 3 2007 ---
rs11712659 A G 0.169603 -0.162918 0.036488 -0.234433 -0.091402 -4.465023 8.12e-06 5.090545 0.005157 0.942752 0 2 1587 --?
rs13076423 C T 0.169795 -0.162561 0.036479 -0.23406 -0.091062 -4.456273 8.46e-06 5.072844 0.00566 0.940029 0 2 1587 --?
rs4901740 T C 0.243018 0.139458 0.031319 0.078073 0.200844 4.452839 8.59e-06 5.065906 1.912385 0.166699 0.477093 2 1587 ++?
rs7179801 G A 0.434176 0.084546 0.018986 0.047333 0.121759 4.453013 8.59e-06 5.066257 2.386564 0.303224 0.161975 3 2007 -++
rs12877618 A G 0.047669 0.206952 0.046483 0.115846 0.298058 4.452239 8.62e-06 5.064694 2.45584 0.292901 0.185615 3 2007 +++
rs2378278 G A 0.169122 -0.162385 0.036521 -0.233966 -0.090803 -4.446328 8.86e-06 5.052765 0.005919 0.938678 0 2 1587 --?
rs7809880 A G 0.035873 -0.230111 0.051836 -0.331709 -0.128513 -4.43923 9.15e-06 5.038458 0.121805 0.940915 0 3 2007 ---
rs13133100 T C 0.076299 0.16535 0.037273 0.092296 0.238404 4.436234 9.28e-06 5.032426 4.734706 0.093729 0.577587 3 2007 +++
rs34614408 T C 0.014859 0.356496 0.080419 0.198874 0.514118 4.432974 9.42e-06 5.025867 0.498915 0.479977 0 2 1947 ?++
rs13378404 A T 0.356832 -0.087956 0.019867 -0.126895 -0.049017 -4.427251 9.67e-06 5.014362 0.348653 0.840023 0 3 2007 ---
