rs_number reference_allele other_allele eaf beta se beta_95L beta_95U z p-value -log10_p-value q_statistic q_p-value i2 n_studies n_samples effects
rs10119 A G 0.421633 -0.206688 0.017925 -0.24182 -0.171555 -11.53087 1e-30 30.000077 12.329207 0.002103 0.837784 3 3987 ---
rs34095326 A G 0.199376 -0.236938 0.022364 -0.280772 -0.193104 -10.594483 3.4e-26 25.468496 4.907502 0.08597 0.592461 3 3987 ---
rs75627662 T C 0.294933 -0.202493 0.019395 -0.240507 -0.164478 -10.440262 1.74e-25 24.758404 25.040938 3.65e-06 0.920131 3 3987 ---
rs429358 C T 0.240408 -0.325115 0.035869 -0.39542 -0.254811 -9.063849 1.34e-19 18.874264 2.610474 0.10616 0.616928 2 730 -?-
rs7412 T C 0.047237 0.335415 0.039577 0.257844 0.412987 8.474957 2.48e-17 16.605481 3.6417 0.161888 0.450806 3 3980 +++
rs12721051 G C 0.270846 -0.289671 0.034345 -0.356988 -0.222354 -8.434046 3.52e-17 16.453392 4.607181 0.031838 0.782948 2 733 -?-
rs56131196 A G 0.268527 -0.288921 0.034619 -0.356775 -0.221068 -8.345723 7.46e-17 16.127498 4.593023 0.032102 0.782278 2 730 -?-
rs4420638 G A 0.270262 -0.285059 0.034355 -0.352395 -0.217723 -8.297472 1.12e-16 15.950874 5.199652 0.022591 0.807679 2 729 -?-
chr19:44909976:G:T T G 0.047532 0.326057 0.039471 0.248694 0.403421 8.260668 1.52e-16 15.816823 3.787453 0.15051 0.471941 3 3987 +++
rs10414043 A G 0.201199 -0.321696 0.038958 -0.398052 -0.245339 -8.257604 1.56e-16 15.805691 5.347442 0.020753 0.812995 2 733 -?-
rs7256200 T G 0.201199 -0.321696 0.038958 -0.398052 -0.245339 -8.257604 1.56e-16 15.805691 5.347442 0.020753 0.812995 2 733 -?-
rs769449 A G 0.197836 -0.319915 0.039172 -0.396692 -0.243139 -8.167017 3.32e-16 15.478336 4.915127 0.026623 0.796546 2 733 -?-
rs6857 T C 0.259906 -0.28193 0.034716 -0.349973 -0.213888 -8.121126 4.85e-16 15.313843 2.538606 0.111093 0.606083 2 733 -?-
rs157594 T G 0.316531 0.164545 0.021533 0.122341 0.206749 7.641616 2.24e-14 13.649 0.018671 0.891315 0 2 3575 ++?
rs73052335 C A 0.21078 -0.292851 0.038366 -0.368048 -0.217654 -7.633113 2.4e-14 13.620367 3.983164 0.045957 0.748943 2 733 -?-
rs157595 A G 0.316076 0.163526 0.021525 0.121337 0.205714 7.597054 3.17e-14 13.499278 0.024538 0.875524 0 2 3575 ++?
rs484195 A G 0.316757 0.160714 0.021515 0.118544 0.202883 7.469792 8.39e-14 13.076372 0.020961 0.884886 0 2 3575 ++?
rs7259620 A G 0.35089 0.136001 0.018298 0.100137 0.171866 7.432415 1.11e-13 12.953478 14.320811 0.000777 0.860343 3 3987 +++
rs1038026 G A 0.35367 0.134554 0.018287 0.098712 0.170397 7.357899 1.95e-13 12.710258 13.83582 0.00099 0.855448 3 3987 +++
rs365653 G A 0.09745 0.212719 0.028991 0.155897 0.269541 7.337509 2.27e-13 12.644115 2.612375 0.270851 0.234413 3 3987 +++
rs1038025 C T 0.353262 0.134117 0.018282 0.098285 0.169949 7.336148 2.29e-13 12.639707 13.724547 0.001047 0.854276 3 3987 +++
rs760136 G A 0.35318 0.134027 0.018287 0.098185 0.16987 7.329078 2.42e-13 12.616821 13.705294 0.001057 0.854071 3 3987 +++
rs741780 C T 0.35318 0.134027 0.018287 0.098185 0.16987 7.329078 2.42e-13 12.616821 13.705294 0.001057 0.854071 3 3987 +++
chr19:44893408:G:T T G 0.282411 -0.24836 0.0339 -0.314805 -0.181916 -7.326249 2.47e-13 12.607666 7.211455 0.007244 0.861332 2 733 -?-
rs73052307 C T 0.110867 0.199022 0.027208 0.145695 0.252349 7.314902 2.69e-13 12.570991 2.480669 0.289287 0.193766 3 3982 +++
rs1160985 T C 0.35318 0.13359 0.018282 0.097758 0.169422 7.30731 2.84e-13 12.546482 13.594735 0.001117 0.852884 3 3987 +++
rs12721046 A G 0.227877 -0.268589 0.037147 -0.341396 -0.195781 -7.23049 5.01e-13 12.299883 6.283981 0.012183 0.840865 2 733 -?-
rs66626994 A G 0.227176 -0.269451 0.037391 -0.342737 -0.196164 -7.206279 5.99e-13 12.222685 6.505737 0.010753 0.84629 2 733 -?-
rs111789331 A T 0.227877 -0.268519 0.03729 -0.341607 -0.19543 -7.20078 6.23e-13 12.205184 6.329412 0.011875 0.842007 2 733 -?-
rs141622900 A G 0.031976 0.341641 0.048875 0.245847 0.437435 6.990162 2.85e-12 11.544666 1.659109 0.436244 0 3 3987 +++
rs184017 G T 0.291919 -0.235332 0.033842 -0.301663 -0.169001 -6.953785 3.69e-12 11.432498 6.710216 0.009586 0.850973 2 733 -?-
rs283815 G A 0.291475 -0.235753 0.033997 -0.302387 -0.169119 -6.934506 4.23e-12 11.373282 6.76873 0.009277 0.852262 2 729 -?-
rs584007 A G 0.301386 0.150444 0.021702 0.107908 0.192981 6.932266 4.3e-12 11.366414 0.034062 0.853574 0 2 3573 ++?
rs157581 C T 0.292619 -0.233672 0.033886 -0.300089 -0.167256 -6.895849 5.56e-12 11.255024 6.447979 0.011108 0.844913 2 733 -?-
rs157582 T C 0.292619 -0.233672 0.033886 -0.300089 -0.167256 -6.895849 5.56e-12 11.255024 6.447979 0.011108 0.844913 2 733 -?-
rs12972156 G C 0.222359 -0.256516 0.037283 -0.329589 -0.183442 -6.880316 6.2e-12 11.207681 3.796931 0.051347 0.736629 2 733 -?-
rs12972970 A G 0.222359 -0.256516 0.037283 -0.329589 -0.183442 -6.880316 6.2e-12 11.207681 3.796931 0.051347 0.736629 2 733 -?-
rs283811 G A 0.293302 -0.231241 0.033787 -0.297463 -0.165019 -6.844145 7.98e-12 11.097842 6.841545 0.008906 0.853834 2 733 -?-
rs3826688 T C 0.302205 0.147816 0.021644 0.105394 0.190238 6.829452 8.84e-12 11.053384 0.087023 0.767997 0 2 3575 ++?
rs2075650 G A 0.218952 -0.255194 0.037511 -0.328716 -0.181671 -6.803082 1.06e-11 10.973826 4.12174 0.042336 0.757384 2 733 -?-
rs34404554 G C 0.218952 -0.255194 0.037511 -0.328716 -0.181671 -6.803082 1.06e-11 10.973826 4.12174 0.042336 0.757384 2 733 -?-
rs11556505 T C 0.218952 -0.255194 0.037511 -0.328716 -0.181671 -6.803082 1.06e-11 10.973826 4.12174 0.042336 0.757384 2 733 -?-
rs11668327 C G 0.138356 0.167146 0.024916 0.118311 0.21598 6.708435 2.04e-11 10.690705 0.569773 0.7521 0 3 3987 +++
rs71352238 C T 0.221676 -0.2481 0.037539 -0.321676 -0.174523 -6.609115 4e-11 10.397711 4.064218 0.043801 0.75395 2 733 -?-
rs449647 T A 0.140947 0.164724 0.024933 0.115855 0.213592 6.606696 4.07e-11 10.390627 1.413853 0.493157 0 3 3987 +++
rs34342646 A G 0.22514 -0.242251 0.03736 -0.315477 -0.169026 -6.484292 9.22e-11 10.03543 4.48952 0.034103 0.777259 2 733 -?-
rs3925681 A G 0.336805 0.133876 0.021015 0.092687 0.175065 6.370537 1.95e-10 9.711045 1.703303 0.191857 0.412905 2 3575 ++?
rs440446 C G 0.301068 0.120022 0.018968 0.082845 0.157199 6.327611 2.57e-10 9.590063 3.07627 0.214781 0.349862 3 3987 +++
rs190712692 A G 0.030773 0.346476 0.057502 0.233773 0.459179 6.025497 1.73e-09 8.760725 1.449826 0.228556 0.310262 2 3575 ++?
rs28399637 A G 0.365335 -0.109901 0.01855 -0.146258 -0.073544 -5.924704 3.22e-09 8.492648 0.002089 0.998956 0 3 3983 ---
rs12721056 T G 0.271639 0.130696 0.022445 0.086703 0.174688 5.822918 5.94e-09 8.226291 2.560314 0.109577 0.609423 2 3575 ++?
rs5117 C T 0.300116 -0.196839 0.0339 -0.263282 -0.130395 -5.806504 6.55e-09 8.183751 16.912296 3.91e-05 0.940871 2 733 -?-
rs483082 T G 0.3015 -0.195225 0.033862 -0.261595 -0.128855 -5.765282 8.37e-09 8.077413 17.457845 2.94e-05 0.942719 2 733 -?-
rs78959900 A G 0.270104 0.128984 0.022416 0.085049 0.172918 5.754166 8.94e-09 8.048863 3.357779 0.066888 0.702184 2 3563 ++?
rs147711004 A G 0.05919 -0.216979 0.037771 -0.29101 -0.142947 -5.744552 9.46e-09 8.024211 1.206303 0.547085 0 3 3987 ---
rs4803772 T C 0.267155 0.129676 0.022596 0.085387 0.173964 5.738827 9.78e-09 8.00955 2.546719 0.110524 0.607338 2 3575 ++?
rs146275714 A G 0.037499 -0.265289 0.046726 -0.356871 -0.173706 -5.677565 1.4e-08 7.853531 0.426783 0.80784 0 3 3987 ---
rs438811 T C 0.300143 -0.192682 0.033949 -0.259222 -0.126143 -5.675657 1.42e-08 7.848695 16.875401 3.99e-05 0.940742 2 733 -?-
rs157590 C A 0.419985 0.114018 0.020098 0.074625 0.15341 5.673062 1.44e-08 7.842124 0.177667 0.673386 0 2 3575 ++?
rs11668861 T G 0.425481 0.100808 0.017802 0.065916 0.1357 5.662646 1.53e-08 7.815775 2.109717 0.348242 0.052005 3 3987 +++
rs12691088 A G 0.038504 -0.259033 0.046116 -0.349421 -0.168645 -5.616952 1.99e-08 7.700725 0.051329 0.974662 0 3 3987 ---
rs41290120 A G 0.030004 0.277459 0.049472 0.180494 0.374423 5.608439 2.09e-08 7.679387 4.332428 0.114611 0.538365 3 3983 +++
rs769450 A G 0.325799 0.104362 0.018618 0.06787 0.140853 5.605419 2.13e-08 7.671826 16.549206 0.000255 0.879148 3 3987 ++-
rs283809 G A 0.032731 0.275576 0.04935 0.178849 0.372302 5.58408 2.41e-08 7.618504 5.505713 0.063746 0.636741 3 3987 -++
rs283808 C A 0.032853 0.273295 0.04929 0.176688 0.369903 5.544686 3.02e-08 7.520569 5.440181 0.065869 0.632365 3 3987 -++
rs6859 A G 0.452899 -0.168445 0.031019 -0.229242 -0.107648 -5.430424 5.75e-08 7.240217 0.387562 0.533584 0 2 732 -?-
rs1160983 A G 0.019566 0.333124 0.062004 0.211596 0.454652 5.372612 7.93e-08 7.100468 12.564614 0.001869 0.840823 3 3987 -++
rs157580 G A 0.362705 0.165495 0.031041 0.104654 0.226337 5.331429 9.96e-08 7.001774 1.589485 0.2074 0.370866 2 732 +?+
rs8106922 G A 0.325479 0.097709 0.018607 0.06124 0.134178 5.251276 1.54e-07 6.81174 10.044784 0.006589 0.800892 3 3985 ++-
rs41289512 G C 0.068975 -0.184882 0.035274 -0.254019 -0.115745 -5.241315 1.63e-07 6.788312 0.230757 0.891029 0 3 3987 ---
rs59325138 T C 0.320263 0.098481 0.018976 0.061288 0.135674 5.189776 2.15e-07 6.667763 16.873481 0.000217 0.881471 3 3987 ++-
rs118147862 A G 0.027088 0.266674 0.051892 0.164965 0.368383 5.138989 2.82e-07 6.550065 2.860585 0.239239 0.300842 3 3987 +++
rs7254892 A G 0.022202 0.301677 0.059174 0.185696 0.417658 5.098126 3.5e-07 6.456153 11.197616 0.003702 0.821391 3 3986 -++
rs34878901 T C 0.323918 0.094624 0.018611 0.058145 0.131102 5.084164 3.77e-07 6.424225 13.50528 0.001168 0.85191 3 3987 ++-
rs112019714 C T 0.061069 -0.190157 0.037531 -0.263717 -0.116597 -5.066697 4.13e-07 6.384398 2.307814 0.315402 0.133379 3 3987 ---
rs406315 G A 0.416067 -0.091659 0.018174 -0.12728 -0.056038 -5.043383 4.66e-07 6.331441 4.090804 0.129328 0.511099 3 3987 ---
rs2238681 T C 0.327025 0.093815 0.018601 0.057357 0.130273 5.043546 4.66e-07 6.331809 12.569589 0.001864 0.840886 3 3987 ++-
rs3852861 T G 0.385882 0.090791 0.018034 0.055444 0.126138 5.034356 4.89e-07 6.310996 2.088087 0.352028 0.042185 3 3987 +++
rs1305062 C G 0.323961 0.093272 0.018604 0.056807 0.129736 5.013425 5.45e-07 6.263723 13.308828 0.001288 0.849724 3 3987 ++-
rs13084875 C T 0.272872 0.171517 0.034248 0.104392 0.238643 5.008121 5.6e-07 6.251775 0.005861 0.938977 0 2 733 +?+
rs117392392 A G 0.019868 -0.355544 0.071145 -0.494988 -0.2161 -4.997466 5.92e-07 6.227804 0.088141 0.766554 0 2 3574 --?
rs3852860 T C 0.385834 0.090143 0.018043 0.054779 0.125508 4.996048 5.96e-07 6.224618 1.979655 0.371641 0 3 3987 +++
rs1081105 C A 0.062204 -0.186024 0.037369 -0.259267 -0.112781 -4.97806 6.54e-07 6.184272 2.447062 0.294189 0.182694 3 3987 ---
rs3745150 C G 0.33662 0.091012 0.018481 0.054789 0.127236 4.924555 8.61e-07 6.065062 8.912594 0.011605 0.775598 3 3987 ++-
rs1374518 A G 0.424223 -0.086046 0.017544 -0.120432 -0.05166 -4.904663 9.53e-07 6.021048 0.488349 0.783351 0 3 3987 ---
rs4734093 T C 0.427255 -0.085802 0.017538 -0.120176 -0.051429 -4.892485 1.01e-06 5.994184 0.475047 0.788578 0 3 3987 ---
rs77301115 A G 0.057325 -0.188553 0.038567 -0.264145 -0.112962 -4.888961 1.03e-06 5.986422 2.364265 0.306624 0.154071 3 3986 ---
rs115881343 T C 0.060578 -0.183684 0.037739 -0.257652 -0.109715 -4.867217 1.15e-06 5.938643 2.540386 0.280777 0.212718 3 3962 ---
rs75687619 T G 0.057578 -0.187419 0.038514 -0.262906 -0.111931 -4.86625 1.16e-06 5.936523 2.401131 0.301024 0.167059 3 3986 ---
rs79398853 T C 0.057578 -0.186572 0.038507 -0.262046 -0.111098 -4.845105 1.29e-06 5.89026 2.429691 0.296756 0.17685 3 3986 ---
rs112849259 T C 0.057841 -0.185115 0.038418 -0.260413 -0.109816 -4.818485 1.47e-06 5.832283 2.480154 0.289362 0.193598 3 3985 ---
rs116881820 C T 0.058191 -0.184162 0.038301 -0.259231 -0.109092 -4.808306 1.55e-06 5.810192 2.508211 0.285331 0.202619 3 3987 ---
rs11667640 T C 0.063233 0.169185 0.035247 0.100102 0.238268 4.800038 1.61e-06 5.792281 0.162106 0.922145 0 3 3985 +++
rs114536010 T C 0.057509 -0.184932 0.038534 -0.260458 -0.109405 -4.799197 1.62e-06 5.790459 2.486788 0.288404 0.19575 3 3982 ---
rs137963801 G A 0.01777 0.617696 0.128936 0.364982 0.87041 4.79073 1.69e-06 5.77215 5.437375 0.01971 0.816088 2 619 +?+
rs146816323 A G 0.01777 0.617696 0.128936 0.364982 0.87041 4.79073 1.69e-06 5.77215 5.437375 0.01971 0.816088 2 619 +?+
rs115685970 T C 0.030848 -0.247232 0.051713 -0.348589 -0.145875 -4.78088 1.77e-06 5.750888 5.786487 0.055396 0.654367 3 3987 ---
rs903196 C T 0.31599 0.157606 0.032973 0.09298 0.222232 4.779921 1.78e-06 5.748819 1.245415 0.26443 0.197055 2 731 +?+
rs28399664 G C 0.035363 -0.230829 0.048505 -0.325898 -0.13576 -4.758904 1.98e-06 5.703595 1.866055 0.393361 0 3 3987 ---
rs112422902 A G 0.02007 0.294086 0.061943 0.172679 0.415494 4.747716 2.09e-06 5.679596 7.479169 0.023764 0.732591 3 3987 -++
rs148933445 A G 0.014547 0.333234 0.0705 0.195054 0.471414 4.726716 2.32e-06 5.634689 4.360842 0.112994 0.541373 3 3987 -++
rs4734750 A T 0.433152 -0.082563 0.017515 -0.116892 -0.048234 -4.713879 2.47e-06 5.607329 0.445005 0.800513 0 3 3987 ---
rs61679753 A T 0.01874 0.341378 0.072578 0.199126 0.48363 4.703626 2.6e-06 5.585526 12.704319 0.000365 0.921287 2 3575 -+?
rs12445269 T C 0.414315 -0.082792 0.017731 -0.117545 -0.04804 -4.669433 3.07e-06 5.513135 0.382081 0.826099 0 3 3987 ---
rs61829431 T C 0.030852 0.236712 0.050711 0.137319 0.336105 4.667894 3.09e-06 5.509889 0.160929 0.922688 0 3 3987 +++
rs147193228 T C 0.015173 -0.332573 0.071272 -0.472266 -0.19288 -4.66626 3.12e-06 5.506442 17.920601 0.000128 0.888397 3 3987 --+
rs77425808 G A 0.015173 -0.332573 0.071272 -0.472266 -0.19288 -4.66626 3.12e-06 5.506442 17.920601 0.000128 0.888397 3 3987 --+
rs139560487 T C 0.015173 -0.332573 0.071272 -0.472266 -0.19288 -4.66626 3.12e-06 5.506442 17.920601 0.000128 0.888397 3 3987 --+
rs7254133 T C 0.357461 -0.096013 0.020598 -0.136384 -0.055642 -4.661396 3.19e-06 5.496191 2.100369 0.147264 0.523893 2 3575 --?
rs11669338 G T 0.075616 0.15053 0.032357 0.087111 0.213949 4.652221 3.34e-06 5.476879 1.589184 0.451766 0 3 3987 +++
rs11673139 T A 0.075616 0.15053 0.032357 0.087111 0.213949 4.652221 3.34e-06 5.476879 1.589184 0.451766 0 3 3987 +++
rs111784051 G T 0.018604 0.338338 0.072837 0.195577 0.4811 4.645117 3.45e-06 5.46195 12.619023 0.000382 0.920755 2 3575 -+?
rs4803770 G C 0.300209 0.088654 0.019233 0.050958 0.12635 4.609589 4.1e-06 5.387611 16.21471 0.000301 0.876655 3 3987 ++-
rs677140 G C 0.248775 -0.095229 0.020707 -0.135815 -0.054644 -4.598903 4.31e-06 5.365354 3.133249 0.208749 0.361685 3 3987 ---
rs7683793 C G 0.017763 0.352195 0.076645 0.201971 0.502419 4.595153 4.39e-06 5.357554 0.040084 0.841316 0 2 3575 ++?
rs116308502 C T 0.017763 0.352195 0.076645 0.201971 0.502419 4.595153 4.39e-06 5.357554 0.040084 0.841316 0 2 3575 ++?
rs116104706 G C 0.017763 0.352195 0.076645 0.201971 0.502419 4.595153 4.39e-06 5.357554 0.040084 0.841316 0 2 3575 ++?
rs157585 C A 0.416957 0.080875 0.017722 0.04614 0.115609 4.563611 5.1e-06 5.292186 11.743707 0.002818 0.829696 3 3987 ++-
rs7871975 T C 0.142066 -0.200857 0.044082 -0.287257 -0.114456 -4.556448 5.28e-06 5.2774 3.704332 0.054271 0.730046 2 732 -?-
rs116294078 G A 0.013844 0.385566 0.084676 0.219602 0.551531 4.553438 5.36e-06 5.271193 0.359756 0.548642 0 2 3575 ++?
rs140480140 A G 0.061829 -0.1697 0.037369 -0.242943 -0.096456 -4.541193 5.68e-06 5.245978 2.604934 0.27186 0.232226 3 3987 ---
rs406456 G A 0.440021 -0.081522 0.01797 -0.116744 -0.0463 -4.536511 5.8e-06 5.236356 5.220088 0.073531 0.616865 3 3987 ---
rs546655 C T 0.236013 -0.163486 0.0361 -0.234241 -0.09273 -4.528724 6.02e-06 5.220369 1.842922 0.174609 0.457383 2 733 -?-
rs115028849 T C 0.010914 0.413898 0.091581 0.2344 0.593397 4.519487 6.29e-06 5.201438 0.045161 0.831708 0 2 3666 ?++
rs144586820 C T 0.010914 0.413898 0.091581 0.2344 0.593397 4.519487 6.29e-06 5.201438 0.045161 0.831708 0 2 3666 ?++
rs11616763 G T 0.010914 0.413898 0.091581 0.2344 0.593397 4.519487 6.29e-06 5.201438 0.045161 0.831708 0 2 3666 ?++
rs76008740 A G 0.010914 0.413898 0.091581 0.2344 0.593397 4.519487 6.29e-06 5.201438 0.045161 0.831708 0 2 3666 ?++
rs11616962 T C 0.010914 0.413898 0.091581 0.2344 0.593397 4.519487 6.29e-06 5.201438 0.045161 0.831708 0 2 3666 ?++
rs11616400 A G 0.010914 0.413898 0.091581 0.2344 0.593397 4.519487 6.29e-06 5.201438 0.045161 0.831708 0 2 3666 ?++
rs157588 T C 0.416385 0.0799 0.017733 0.045144 0.114655 4.50582 6.71e-06 5.173495 11.532973 0.003131 0.826584 3 3987 ++-
rs74708523 T G 0.066093 -0.161552 0.035889 -0.231895 -0.091209 -4.501408 6.85e-06 5.164491 2.885734 0.236249 0.306935 3 3987 ---
rs118120169 T C 0.026462 0.240868 0.053543 0.135923 0.345813 4.498554 6.94e-06 5.158671 3.915513 0.141175 0.489211 3 3987 -++
rs58086506 G A 0.089286 0.13952 0.03105 0.078663 0.200377 4.493454 7.11e-06 5.148278 0.388033 0.823644 0 3 3987 +++
rs2075649 G A 0.332072 0.083047 0.018499 0.046789 0.119305 4.489229 7.25e-06 5.139677 9.352929 0.009312 0.786163 3 3987 ++-
rs137919494 A T 0.035361 0.214838 0.047901 0.120952 0.308725 4.485032 7.39e-06 5.131142 1.767664 0.413196 0 3 3987 +++
rs34246017 T C 0.070354 0.15597 0.034827 0.087708 0.224232 4.47836 7.63e-06 5.117587 0.17627 0.915637 0 3 3987 +++
rs2018846 G T 0.118019 -0.121953 0.027244 -0.175352 -0.068554 -4.476299 7.7e-06 5.113402 0.640877 0.725831 0 3 3987 ---
rs114981851 A G 0.035263 0.214593 0.047975 0.120563 0.308624 4.473058 7.82e-06 5.106827 1.775724 0.411535 0 3 3984 +++
rs6499042 G A 0.119652 -0.121099 0.027082 -0.174179 -0.068018 -4.471574 7.87e-06 5.103818 0.651677 0.721922 0 3 3987 ---
rs12975850 A G 0.034126 0.215498 0.04821 0.121006 0.30999 4.469956 7.93e-06 5.100537 0.055356 0.972702 0 3 3985 +++
rs649395 T C 0.239426 -0.09329 0.020898 -0.134249 -0.05233 -4.464142 8.15e-06 5.088762 3.003029 0.222792 0.334006 3 3986 ---
rs95510 C A 0.121508 -0.119702 0.026852 -0.172331 -0.067072 -4.457854 8.39e-06 5.07604 0.572983 0.750893 0 3 3987 ---
rs4785855 T C 0.119407 -0.120772 0.027098 -0.173885 -0.06766 -4.45683 8.43e-06 5.07397 0.656247 0.720274 0 3 3987 ---
rs4785856 T G 0.119407 -0.120772 0.027098 -0.173885 -0.06766 -4.45683 8.43e-06 5.07397 0.656247 0.720274 0 3 3987 ---
rs4785857 G A 0.119407 -0.120772 0.027098 -0.173885 -0.06766 -4.45683 8.43e-06 5.07397 0.656247 0.720274 0 3 3987 ---
rs4785858 A T 0.119407 -0.120772 0.027098 -0.173885 -0.06766 -4.45683 8.43e-06 5.07397 0.656247 0.720274 0 3 3987 ---
rs4785854 C T 0.119488 -0.120635 0.027087 -0.173726 -0.067544 -4.453549 8.56e-06 5.06734 0.658164 0.719584 0 3 3987 ---
rs4785859 T C 0.119123 -0.120613 0.027116 -0.17376 -0.067466 -4.448033 8.79e-06 5.056205 0.702786 0.703707 0 3 3987 ---
rs78043303 G T 0.028341 0.231553 0.052273 0.129098 0.334008 4.429686 9.57e-06 5.019257 0.325829 0.849664 0 3 3987 +++
rs112837300 G A 0.012664 -0.341447 0.077205 -0.492768 -0.190126 -4.422627 9.88e-06 5.005079 0.226725 0.892827 0 3 3987 ---
rs254539 C T 0.118033 -0.120413 0.027237 -0.173798 -0.067029 -4.420929 9.96e-06 5.00167 0.678622 0.712261 0 3 3987 ---
