rs_number reference_allele other_allele eaf beta se beta_95L beta_95U z p-value -log10_p-value q_statistic q_p-value i2 n_studies n_samples effects
rs75627662 T C 0.271912 -0.018987 0.002445 -0.023779 -0.014195 -7.766173 8.47e-15 14.071999 11.395556 0.000736 0.912246 2 3670 -+
rs7259620 A G 0.35724 0.017087 0.002201 0.012773 0.021401 7.763038 8.68e-15 14.061269 3.881826 0.048811 0.742389 2 3670 ++
rs7412 T C 0.05297 0.031339 0.004572 0.022378 0.0403 6.854832 7.41e-12 11.130238 5.638652 0.017569 0.822653 2 3665 ++
chr19:44909976:G:T T G 0.053746 0.029956 0.00454 0.021057 0.038855 6.597544 4.33e-11 10.363847 5.688696 0.017075 0.824213 2 3670 ++
rs112019714 C T 0.065005 -0.027414 0.004273 -0.03579 -0.019039 -6.415346 1.45e-10 9.838167 6.560328 0.010428 0.847569 2 3670 --
rs1081105 C A 0.063519 -0.026309 0.004324 -0.034784 -0.017834 -6.084488 1.2e-09 8.919622 4.905431 0.026772 0.796144 2 3670 --
rs115881343 T C 0.061255 -0.026713 0.004396 -0.035329 -0.018097 -6.076497 1.26e-09 8.898011 6.282226 0.012195 0.840821 2 3644 --
rs77301115 A G 0.058807 -0.026305 0.004437 -0.035002 -0.017607 -5.927995 3.15e-09 8.501332 6.865234 0.008789 0.854339 2 3668 --
rs59325138 T C 0.305944 0.013825 0.002339 0.00924 0.01841 5.910323 3.51e-09 8.454748 3.84371 0.049933 0.739835 2 3670 ++
rs141622900 A G 0.036579 0.033263 0.005628 0.022232 0.044293 5.910519 3.51e-09 8.455264 4.604676 0.031885 0.782829 2 3670 ++
rs112849259 T C 0.059329 -0.026079 0.004421 -0.034743 -0.017414 -5.899328 3.75e-09 8.425832 6.419866 0.011285 0.844233 2 3669 --
rs116881820 C T 0.059481 -0.025882 0.004422 -0.03455 -0.017213 -5.852263 4.98e-09 8.302632 6.142736 0.013195 0.837206 2 3670 --
rs150966173 T C 0.060817 -0.025962 0.004451 -0.034686 -0.017237 -5.832251 5.62e-09 8.250534 5.292097 0.021422 0.811039 2 3643 --
rs75687619 T G 0.058872 -0.025763 0.004447 -0.034478 -0.017047 -5.793747 7.07e-09 8.150766 5.714529 0.016825 0.825007 2 3669 --
rs79398853 T C 0.058805 -0.025578 0.00445 -0.0343 -0.016856 -5.747727 9.28e-09 8.032347 5.44998 0.019569 0.816513 2 3669 --
rs114536010 T C 0.058685 -0.025305 0.004462 -0.034052 -0.016559 -5.670843 1.46e-08 7.836507 5.674139 0.017217 0.823762 2 3662 --
rs140480140 A G 0.063219 -0.024276 0.004298 -0.0327 -0.015852 -5.648391 1.66e-08 7.77979 4.435002 0.035209 0.774521 2 3670 --
rs188535946 A G 0.060767 -0.023832 0.004369 -0.032395 -0.015269 -5.454829 5.02e-08 7.299635 5.597359 0.017988 0.821344 2 3670 --
rs769450 A G 0.328334 0.012112 0.002257 0.007688 0.016535 5.36613 8.22e-08 7.084886 0.538269 0.463151 0 2 3670 ++
rs34878901 T C 0.336662 0.011517 0.002228 0.00715 0.015884 5.168595 2.41e-07 6.618544 0.949323 0.329892 0 2 3670 ++
rs2238681 T C 0.309146 0.01194 0.002319 0.007395 0.016486 5.148257 2.68e-07 6.571463 2.690227 0.100965 0.628284 2 3670 ++
rs3745150 C G 0.314898 0.011566 0.002321 0.007016 0.016116 4.982211 6.4e-07 6.19357 2.140995 0.143409 0.532928 2 3670 ++
rs6733839 T C 0.408716 -0.010638 0.002196 -0.014943 -0.006333 -4.843118 1.3e-06 5.885922 1.299278 0.254345 0.230342 2 3668 --
rs56967558 C T 0.040665 -0.024262 0.005015 -0.034091 -0.014433 -4.838083 1.33e-06 5.874937 0.020233 0.886888 0 2 3670 --
rs3766024 G A 0.110918 -0.02554 0.005326 -0.035978 -0.015102 -4.795629 1.65e-06 5.782739 0.394163 0.530119 0 2 1301 --
rs8106922 G A 0.310465 0.011038 0.002315 0.006501 0.015574 4.768658 1.89e-06 5.72456 0.88384 0.347152 0 2 3668 ++
rs3743058 T C 0.261842 -0.011162 0.002377 -0.01582 -0.006503 -4.695723 2.7e-06 5.568752 0.384695 0.535101 0 2 3670 --
rs12559296 C G 0.058417 0.022164 0.004721 0.012911 0.031416 4.695067 2.71e-06 5.567361 4e-06 0.998357 0 2 3552 ++
rs59697303 T C 0.263621 -0.011138 0.002374 -0.015792 -0.006484 -4.690661 2.77e-06 5.55802 0.789861 0.374142 0 2 3670 --
rs2869862 G A 0.264188 -0.011102 0.002369 -0.015745 -0.00646 -4.686966 2.82e-06 5.550193 0.322457 0.570135 0 2 3670 --
rs61772914 A C 0.133587 0.014802 0.003187 0.008556 0.021048 4.644694 3.46e-06 5.461063 0.083288 0.77289 0 2 3670 ++
rs2238010 G T 0.058043 -0.020404 0.004408 -0.029043 -0.011765 -4.628992 3.73e-06 5.428144 0.801799 0.370556 0 2 3670 --
rs12760654 A G 0.199718 -0.012545 0.002711 -0.017859 -0.007231 -4.626829 3.77e-06 5.423619 1.079077 0.298904 0.073282 2 3669 --
rs2127898 A G 0.264317 -0.01095 0.002367 -0.015589 -0.006311 -4.626605 3.77e-06 5.423149 0.218399 0.640263 0 2 3670 --
rs6700854 G A 0.0518 -0.02204 0.004764 -0.031378 -0.012702 -4.626188 3.78e-06 5.422278 0.562062 0.453431 0 2 3670 --
rs1305062 C G 0.328713 0.010344 0.00225 0.005934 0.014754 4.597477 4.34e-06 5.362386 0.089959 0.76423 0 2 3670 ++
rs405697 A G 0.178097 0.019787 0.00436 0.011242 0.028333 4.538668 5.74e-06 5.240788 0.025627 0.872814 0 2 1304 ++
rs56101614 A G 0.072623 0.019161 0.004228 0.010874 0.027448 4.531682 5.94e-06 5.226438 0.503706 0.477876 0 2 3670 ++
rs7595344 T C 0.244245 -0.011198 0.002472 -0.016043 -0.006354 -4.530984 5.96e-06 5.225007 1.962865 0.161207 0.490541 2 3670 --
rs2972559 G C 0.295767 -0.010927 0.002415 -0.015659 -0.006194 -4.525434 6.11e-06 5.213623 8.854439 0.002924 0.887062 2 3670 -+
rs12908548 A G 0.382411 0.009836 0.002176 0.005571 0.014101 4.520343 6.26e-06 5.203191 0.32823 0.566703 0 2 3670 ++
rs3852861 T G 0.376311 0.009926 0.002198 0.005619 0.014234 4.516749 6.37e-06 5.195834 0.013098 0.908885 0 2 3670 ++
rs2360677 T C 0.257802 -0.010936 0.002422 -0.015683 -0.00619 -4.51594 6.39e-06 5.19418 2.783138 0.095261 0.640693 2 3670 --
rs449647 T A 0.172526 0.01291 0.002859 0.007307 0.018513 4.515861 6.4e-06 5.194017 11.000632 0.000911 0.909096 2 3670 +-
rs3852860 T C 0.376242 0.0099 0.002198 0.005591 0.014209 4.503203 6.79e-06 5.168154 0.01449 0.904187 0 2 3670 ++
rs79878291 T C 0.030529 -0.026714 0.005987 -0.038449 -0.014978 -4.461631 8.25e-06 5.08368 1.404478 0.235975 0.287992 2 3670 --
rs75991234 A G 0.030529 -0.026714 0.005987 -0.038449 -0.014978 -4.461631 8.25e-06 5.08368 1.404478 0.235975 0.287992 2 3670 --
rs1273409 A G 0.04437 -0.023544 0.005278 -0.033889 -0.013199 -4.460774 8.28e-06 5.081944 0.068217 0.793951 0 2 3670 --
rs10427357 G A 0.246349 -0.010941 0.002454 -0.015752 -0.006131 -4.457873 8.39e-06 5.076078 3.1e-05 0.995541 0 2 3670 --
rs4803763 C G 0.288088 -0.010958 0.002458 -0.015776 -0.00614 -4.457682 8.4e-06 5.075691 8.503065 0.003545 0.882395 2 3670 -+
rs60631151 A G 0.029199 -0.026582 0.005979 -0.038301 -0.014863 -4.445931 8.87e-06 5.051964 0.842745 0.358613 0 2 3670 --
rs58610349 T C 0.029199 -0.026582 0.005979 -0.038301 -0.014863 -4.445931 8.87e-06 5.051964 0.842745 0.358613 0 2 3670 --
rs17445385 T C 0.059474 -0.020303 0.004568 -0.029255 -0.01135 -4.444983 8.91e-06 5.050052 0.621917 0.430336 0 2 3670 --
rs80218640 A G 0.030563 -0.026532 0.005973 -0.038238 -0.014825 -4.441985 9.04e-06 5.044009 1.347703 0.24568 0.257997 2 3670 --
rs12438008 A G 0.295483 -0.010205 0.002298 -0.014709 -0.005702 -4.441565 9.05e-06 5.043163 0.204403 0.65119 0 2 3669 --
rs2114927 C T 0.164346 0.013057 0.002944 0.007287 0.018826 4.435666 9.31e-06 5.031283 0.048962 0.82488 0 2 3668 ++
rs9529522 T C 0.119518 -0.023088 0.005211 -0.033302 -0.012874 -4.430519 9.53e-06 5.020931 0.782491 0.376381 0 2 1304 --
