rs_number reference_allele other_allele eaf beta se beta_95L beta_95U z p-value -log10_p-value q_statistic q_p-value i2 n_studies n_samples effects
rs719070 A G 0.163027 0.088486 0.016109 0.056912 0.12006 5.492942 4.05e-08 7.392929 1.692177 0.638674 0 4 11908 ++++
rs12958244 A C 0.168836 0.086247 0.016004 0.05488 0.117614 5.389205 7.24e-08 7.140435 0.889069 0.828065 0 4 11908 ++++
rs34049053 A G 0.169007 0.086211 0.016002 0.054847 0.117575 5.387513 7.31e-08 7.136354 0.710444 0.870745 0 4 11911 ++++
rs67099044 A C 0.166011 0.086969 0.016158 0.0553 0.118639 5.382483 7.51e-08 7.124229 0.74321 0.862996 0 4 11911 ++++
rs12456833 T C 0.165875 0.086987 0.016182 0.055269 0.118704 5.375395 7.81e-08 7.107162 0.67578 0.878885 0 4 11911 ++++
rs116919233 T C 0.017585 -0.222962 0.045601 -0.312339 -0.133584 -4.889434 1.03e-06 5.987464 0.73834 0.864151 0 4 11911 ----
rs115433258 G A 0.02465 0.187795 0.039198 0.110967 0.264624 4.790908 1.69e-06 5.772534 1.137842 0.767948 0 4 11842 ++++
rs80026848 G T 0.025175 0.183495 0.038684 0.107674 0.259316 4.743422 2.14e-06 5.670398 0.975017 0.807297 0 4 11911 ++++
rs77945491 C T 0.189233 0.071027 0.015157 0.041319 0.100735 4.686098 2.83e-06 5.548358 0.794057 0.850888 0 4 11911 ++++
rs74798922 G A 0.012779 -0.277313 0.05974 -0.394404 -0.160223 -4.64199 3.5e-06 5.455387 2.360149 0.307256 0.152596 3 10422 ---?
rs2343546 A G 0.05905 0.150249 0.032762 0.086036 0.214461 4.586111 4.58e-06 5.338772 0.059999 0.970446 0 3 5597 ++?+
rs150374730 T C 0.02208 0.188506 0.041106 0.107938 0.269074 4.585833 4.59e-06 5.338196 0.489857 0.921114 0 4 11911 ++++
rs185695508 A T 0.019921 -0.252924 0.055159 -0.361036 -0.144813 -4.585387 4.6e-06 5.33727 0.289856 0.865085 0 3 5597 --?-
rs5925659 G A 0.299813 0.07722 0.016872 0.044151 0.11029 4.576738 4.79e-06 5.31934 1.50443 0.681248 0 4 11678 ++++
rs11934957 C T 0.285023 -0.059882 0.013144 -0.085644 -0.034121 -4.555965 5.29e-06 5.276404 0.623632 0.891002 0 4 11911 ----
rs35975554 G A 0.157632 0.075238 0.016517 0.042865 0.107612 4.555212 5.31e-06 5.27485 0.22243 0.97389 0 4 11911 ++++
rs1847721 T C 0.061281 0.146798 0.032235 0.083617 0.209978 4.553988 5.34e-06 5.272326 0.082063 0.959799 0 3 5597 ++?+
rs2131505 G C 0.061281 0.146798 0.032235 0.083617 0.209978 4.553988 5.34e-06 5.272326 0.082063 0.959799 0 3 5597 ++?+
rs11933744 T A 0.285037 -0.059682 0.013143 -0.085442 -0.033922 -4.5411 5.68e-06 5.245788 0.62275 0.891205 0 4 11911 ----
rs78901752 A T 0.188755 0.068857 0.015168 0.039127 0.098586 4.539626 5.72e-06 5.242757 0.832925 0.841577 0 4 11911 ++++
rs144337229 A G 0.022918 -0.201264 0.044356 -0.288202 -0.114327 -4.537479 5.78e-06 5.238345 2.301375 0.316419 0.130954 3 10423 -+-?
rs2769270 A G 0.154027 0.074332 0.0164 0.042189 0.106475 4.532582 5.91e-06 5.228287 1.444187 0.695211 0 4 11909 ++++
rs138950675 G A 0.026698 0.167577 0.037081 0.094898 0.240256 4.519185 6.3e-06 5.20082 0.568847 0.903526 0 4 11911 ++++
rs150475392 T C 0.026735 0.167363 0.03707 0.094705 0.24002 4.514744 6.43e-06 5.191733 0.570371 0.903181 0 4 11911 ++++
rs34263279 A G 0.157639 0.074416 0.016487 0.042102 0.10673 4.513639 6.46e-06 5.189473 0.114655 0.990023 0 4 11911 ++++
rs74350953 T C 0.056211 -0.118548 0.026301 -0.170098 -0.066997 -4.507303 6.66e-06 5.176524 1.902614 0.592863 0 4 11902 ----
rs9964918 T C 0.156325 0.074533 0.016542 0.042112 0.106955 4.505798 6.71e-06 5.17345 1.124705 0.771114 0 4 11911 ++++
rs17072581 C G 0.158314 0.073956 0.016432 0.041749 0.106162 4.500744 6.87e-06 5.163136 0.708895 0.87111 0 4 11911 ++++
rs147194151 C T 0.027157 0.165434 0.036777 0.09335 0.237517 4.498267 6.95e-06 5.158087 0.599641 0.896515 0 4 11911 ++++
rs11934919 C T 0.285173 -0.059123 0.013148 -0.084892 -0.033354 -4.496911 6.99e-06 5.155322 0.720308 0.868417 0 4 11905 ----
rs62184560 T C 0.116148 -0.085151 0.018945 -0.122284 -0.048018 -4.494544 7.07e-06 5.150498 2.768716 0.428676 0 4 11911 -+--
rs17081593 C G 0.284871 -0.059075 0.013149 -0.084846 -0.033303 -4.492835 7.13e-06 5.147019 0.390533 0.942191 0 4 11911 ----
rs72839906 C T 0.031545 -0.151615 0.033751 -0.217766 -0.085464 -4.492231 7.15e-06 5.145789 2.24589 0.522966 0 4 11911 ----
rs4505435 G A 0.158545 0.073755 0.01643 0.041551 0.105958 4.488904 7.26e-06 5.139016 0.69132 0.875244 0 4 11911 ++++
rs55892625 T G 0.049652 -0.13466 0.030002 -0.193464 -0.075857 -4.488393 7.28e-06 5.137977 0.306553 0.857892 0 3 10423 ---?
rs76776539 A G 0.014684 0.246359 0.054968 0.138622 0.354095 4.481887 7.5e-06 5.12475 0.684047 0.710332 0 3 10423 +++?
rs17182286 A G 0.401639 0.054808 0.012234 0.030829 0.078787 4.47993 7.57e-06 5.120773 1.103476 0.776235 0 4 11911 ++++
rs35131851 A T 0.28489 -0.058889 0.013149 -0.084661 -0.033118 -4.478744 7.61e-06 5.118365 0.393791 0.941522 0 4 11911 ----
rs74812529 G A 0.187406 0.068095 0.01522 0.038265 0.097926 4.474171 7.78e-06 5.109084 0.974259 0.80748 0 4 11911 ++++
rs1472194 G A 0.054582 0.151231 0.033822 0.084939 0.217522 4.471323 7.88e-06 5.10331 0.050788 0.974926 0 3 5597 ++?+
rs1338111 A G 0.176617 0.069098 0.015539 0.038641 0.099555 4.446605 8.84e-06 5.053323 1.611961 0.656681 0 4 11911 ++++
rs1826508 C T 0.061483 0.143278 0.03224 0.080088 0.206468 4.444139 8.95e-06 5.04835 0.081172 0.960226 0 3 5595 ++?+
rs149194553 A G 0.056402 -0.116572 0.02624 -0.168003 -0.065142 -4.442504 9.01e-06 5.045055 1.67715 0.642026 0 4 11911 ----
rs79120489 C T 0.028189 0.160994 0.036242 0.08996 0.232028 4.442199 9.03e-06 5.04444 0.717849 0.868998 0 4 11911 ++++
rs143050150 A T 0.026918 0.163284 0.036823 0.091112 0.235457 4.434361 9.36e-06 5.028658 0.392592 0.941768 0 4 11911 ++++
rs66504828 A T 0.159137 0.072773 0.016437 0.040557 0.104989 4.427482 9.66e-06 5.014828 0.118847 0.989484 0 4 11911 ++++
rs9949690 T C 0.15685 0.072954 0.016502 0.040609 0.105298 4.420821 9.97e-06 5.001455 0.838449 0.84025 0 4 11911 ++++
