rs_number reference_allele other_allele eaf beta se beta_95L beta_95U z p-value -log10_p-value q_statistic q_p-value i2 n_studies n_samples effects
rs13003389 T A 0.074086 0.338968 0.064739 0.21208 0.465856 5.235929 1.68e-07 6.775663 5.284939 0.071185 0.621566 3 1775 +++
rs12618770 C G 0.083101 0.328468 0.062774 0.205432 0.451505 5.232562 1.71e-07 6.76776 5.708974 0.057585 0.649674 3 1775 +++
rs34373650 A G 0.078873 0.326247 0.062742 0.203274 0.449221 5.199856 2.04e-07 6.691253 4.831648 0.089294 0.586063 3 1775 +++
rs35801352 A C 0.074931 0.329482 0.064887 0.202303 0.456661 5.077769 3.89e-07 6.409628 4.938007 0.084669 0.594978 3 1775 +++
rs12991228 C G 0.092112 0.301788 0.060294 0.183611 0.419965 5.005244 5.68e-07 6.245299 6.403417 0.040693 0.687667 3 1775 +++
rs115428819 C T 0.090988 -0.29459 0.059249 -0.410718 -0.178461 -4.972054 6.75e-07 6.170829 1.754816 0.415859 0 3 1775 ---
rs28681428 G A 0.091553 -0.293585 0.059215 -0.409647 -0.177524 -4.957954 7.26e-07 6.139334 1.742494 0.418429 0 3 1775 ---
rs11060382 A G 0.255758 -0.211226 0.042852 -0.295216 -0.127236 -4.92918 8.41e-07 6.075318 0.556784 0.757 0 3 1775 ---
rs34269963 C T 0.09437 0.291146 0.059233 0.17505 0.407242 4.915293 9.03e-07 6.044547 6.265672 0.043594 0.6808 3 1775 +++
rs10250801 A G 0.17492 0.22632 0.046549 0.135083 0.317556 4.861913 1.18e-06 5.927018 4.581246 0.101203 0.563438 3 1775 -++
rs73468119 G A 0.17492 0.22632 0.046549 0.135083 0.317556 4.861913 1.18e-06 5.927018 4.581246 0.101203 0.563438 3 1775 -++
rs73468120 A G 0.17492 0.22632 0.046549 0.135083 0.317556 4.861913 1.18e-06 5.927018 4.581246 0.101203 0.563438 3 1775 -++
rs78470752 T C 0.073838 -0.522583 0.107803 -0.733878 -0.311289 -4.847573 1.27e-06 5.89565 0.309026 0.578279 0 2 474 -?-
rs10236799 A T 0.17492 0.225524 0.046636 0.134118 0.31693 4.835868 1.35e-06 5.870107 4.550797 0.102756 0.560516 3 1775 -++
rs13009368 C G 0.097467 0.286662 0.059696 0.169657 0.403666 4.802 1.6e-06 5.796527 5.862597 0.053328 0.658854 3 1775 +++
rs162274 A G 0.049538 -0.412049 0.085976 -0.580561 -0.243536 -4.792614 1.67e-06 5.776222 4.195193 0.040539 0.761632 2 1403 +-?
rs13010733 G T 0.093574 0.287335 0.06021 0.169324 0.405347 4.772213 1.85e-06 5.73221 6.062709 0.04825 0.670114 3 1774 ++-
rs7132165 T C 0.261122 -0.203947 0.042744 -0.287724 -0.120169 -4.771399 1.86e-06 5.730459 0.436179 0.804053 0 3 1775 ---
rs34984815 C T 0.100552 0.281236 0.05931 0.164988 0.397484 4.741773 2.15e-06 5.666868 5.58428 0.06129 0.641852 3 1775 +++
rs10014302 A G 0.073518 -0.293143 0.062484 -0.415611 -0.170675 -4.691523 2.76e-06 5.559847 2.374208 0.305104 0.157614 3 1775 ---
rs10784376 A T 0.378459 -0.193728 0.04132 -0.274715 -0.11274 -4.688438 2.8e-06 5.553311 0.08712 0.76787 0 2 1403 --?
rs10841057 C T 0.19131 0.205989 0.043969 0.11981 0.292168 4.684872 2.85e-06 5.545761 0.411761 0.81393 0 3 1775 +++
rs78544423 G A 0.074083 -0.291837 0.062422 -0.414183 -0.169491 -4.675262 2.98e-06 5.525441 2.353935 0.308212 0.150359 3 1775 ---
rs141254240 C T 0.041509 0.565444 0.121101 0.328086 0.802802 4.669197 3.07e-06 5.512637 5.691865 0.05808 0.648621 3 1737 +++
rs57187732 G T 0.094087 0.277821 0.059601 0.161003 0.394639 4.661343 3.19e-06 5.496079 5.730032 0.056982 0.650962 3 1775 +++
rs28651523 G A 0.074928 -0.287738 0.062174 -0.409599 -0.165876 -4.627913 3.75e-06 5.425886 2.217308 0.330003 0.098005 3 1775 ---
rs78976091 A T 0.074369 -0.285601 0.062207 -0.407526 -0.163676 -4.591157 4.47e-06 5.34925 2.263681 0.322439 0.116483 3 1775 ---
rs75853974 G A 0.074369 -0.285601 0.062207 -0.407526 -0.163676 -4.591157 4.47e-06 5.34925 2.263681 0.322439 0.116483 3 1775 ---
rs111322628 T C 0.050423 0.362614 0.07902 0.207736 0.517493 4.588909 4.52e-06 5.344582 2.25175 0.324369 0.111802 3 1775 +++
rs12491742 G T 0.013152 -0.733282 0.16044 -1.047744 -0.41882 -4.570448 4.94e-06 5.306319 0.111187 0.738797 0 2 1673 ?--
rs879740 T C 0.236237 0.212522 0.046663 0.121062 0.303982 4.554375 5.33e-06 5.273124 3.368874 0.066439 0.703165 2 1403 ++?
rs115886573 A G 0.207911 -0.19354 0.042515 -0.27687 -0.11021 -4.552251 5.39e-06 5.268746 1.600472 0.449223 0 3 1775 ---
rs1048260 C G 0.206519 -0.192841 0.042537 -0.276214 -0.109469 -4.533481 5.89e-06 5.230131 1.62963 0.442721 0 3 1775 ---
rs73074343 G A 0.052198 0.391296 0.086339 0.222072 0.56052 4.532106 5.93e-06 5.227308 2.783844 0.248597 0.281569 3 1772 +++
rs148855526 A G 0.032579 0.408231 0.09047 0.230909 0.585553 4.512327 6.5e-06 5.186789 1.798864 0.17985 0.444094 2 1673 ?++
rs1048254 G T 0.207304 -0.191943 0.042563 -0.275367 -0.108518 -4.509568 6.59e-06 5.18115 1.910479 0.38472 0 3 1775 ---
rs12135247 C T 0.207304 -0.191943 0.042563 -0.275367 -0.108518 -4.509568 6.59e-06 5.18115 1.910479 0.38472 0 3 1775 ---
rs9896268 T C 0.078046 -0.356633 0.079089 -0.511648 -0.201618 -4.50924 6.6e-06 5.180481 0.031992 0.858046 0 2 1403 --?
rs9964693 T C 0.475032 -0.186737 0.041444 -0.267967 -0.105506 -4.505737 6.71e-06 5.173325 2.769302 0.096088 0.638898 2 1403 +-?
rs13237695 T C 0.403922 0.15991 0.035497 0.090336 0.229484 4.504915 6.74e-06 5.171648 2.09901 0.350111 0.04717 3 1775 -++
rs6486477 A G 0.261825 -0.192205 0.042824 -0.27614 -0.108269 -4.488227 7.28e-06 5.13764 0.264609 0.876074 0 3 1772 ---
chr4:37043986:C:A A C 0.297489 -0.301075 0.067727 -0.43382 -0.16833 -4.44541 8.89e-06 5.050913 1.463417 0.226387 0.316668 2 474 -?-
rs9400937 A G 0.134337 0.231569 0.052093 0.129468 0.333671 4.445337 8.9e-06 5.050767 2.659841 0.264498 0.248075 3 1775 +++
rs10241081 A T 0.169305 0.208912 0.047088 0.11662 0.301204 4.436649 9.26e-06 5.033262 3.739162 0.154188 0.465121 3 1775 -++
rs34091688 C T 0.276203 -0.196574 0.044376 -0.28355 -0.109598 -4.429786 9.56e-06 5.019457 1.030198 0.310112 0.029313 2 1403 --?
rs327580 A G 0.044545 -0.393237 0.088942 -0.567563 -0.218911 -4.421284 9.95e-06 5.002383 6.105457 0.013477 0.836212 2 1403 +-?
rs327579 A G 0.044545 -0.393237 0.088942 -0.567563 -0.218911 -4.421284 9.95e-06 5.002383 6.105457 0.013477 0.836212 2 1403 +-?
rs35464924 T A 0.185661 -0.215688 0.048791 -0.311318 -0.120057 -4.420636 9.98e-06 5.001082 0.014472 0.99279 0 3 1775 ---
