rs_number reference_allele other_allele eaf beta se beta_95L beta_95U z p-value -log10_p-value q_statistic q_p-value i2 n_studies n_samples effects
rs75627662 T C 0.275395 -0.021502 0.002626 -0.026649 -0.016355 -8.187522 2.8e-16 15.552129 8.274634 0.00402 0.879149 2 3057 -+
rs7259620 A G 0.369317 0.017786 0.002417 0.01305 0.022523 7.359578 1.92e-13 12.715711 0.25306 0.614928 0 2 3058 ++
rs59325138 T C 0.330818 0.016774 0.002532 0.011811 0.021737 6.624119 3.62e-11 10.441702 0.108228 0.74217 0 2 3058 ++
rs7412 T C 0.054132 0.034485 0.005225 0.024244 0.044727 6.599703 4.26e-11 10.370163 0.104173 0.746878 0 2 3055 ++
chr19:44909976:G:T T G 0.055172 0.033979 0.005179 0.023827 0.04413 6.56031 5.56e-11 10.255273 0.798285 0.371606 0 2 3058 ++
rs112019714 C T 0.058279 -0.031566 0.005047 -0.041458 -0.021673 -6.254076 4.12e-10 9.384634 0.245675 0.620137 0 2 3058 --
rs1081105 C A 0.057646 -0.031072 0.005021 -0.040913 -0.021231 -6.188442 6.26e-10 9.203219 0.338901 0.560464 0 2 3058 --
rs115881343 T C 0.056507 -0.030811 0.00515 -0.040904 -0.020717 -5.982921 2.25e-09 8.646963 0.366421 0.544962 0 2 3043 --
rs112849259 T C 0.052967 -0.031126 0.005259 -0.041435 -0.020818 -5.918145 3.35e-09 8.47535 0.315282 0.574457 0 2 3058 --
rs75687619 T G 0.053053 -0.030913 0.005253 -0.041208 -0.020618 -5.885291 4.08e-09 8.38899 0.300789 0.583388 0 2 3058 --
rs77301115 A G 0.052802 -0.030818 0.005264 -0.041135 -0.020501 -5.854751 4.91e-09 8.309122 0.294638 0.587264 0 2 3058 --
rs114536010 T C 0.05266 -0.03056 0.005293 -0.040935 -0.020185 -5.773299 7.98e-09 8.098039 0.437103 0.508524 0 2 3055 --
rs41289512 G C 0.062584 -0.027425 0.004776 -0.036786 -0.018064 -5.742346 9.58e-09 8.01856 0.916094 0.338503 0 2 3058 --
rs147711004 A G 0.054024 -0.029364 0.005141 -0.03944 -0.019288 -5.712182 1.14e-08 7.941497 0.795358 0.372485 0 2 3058 --
rs79398853 T C 0.052855 -0.030089 0.005271 -0.04042 -0.019759 -5.708726 1.17e-08 7.932692 0.476842 0.489856 0 2 3056 --
rs188535946 A G 0.054215 -0.029094 0.005128 -0.039146 -0.019043 -5.673199 1.44e-08 7.842471 0.228836 0.632388 0 2 3058 --
rs116881820 C T 0.053408 -0.029804 0.005266 -0.040126 -0.019483 -5.659812 1.55e-08 7.808614 0.402729 0.525683 0 2 3058 --
rs140480140 A G 0.057733 -0.028314 0.005027 -0.038167 -0.01846 -5.63201 1.83e-08 7.73854 0.639819 0.423776 0 2 3058 --
rs150966173 T C 0.055527 -0.028871 0.005183 -0.03903 -0.018713 -5.57034 2.6e-08 7.58427 0.230893 0.630863 0 2 3034 --
rs8106922 G A 0.331454 0.01406 0.002543 0.009076 0.019044 5.529116 3.3e-08 7.482042 0.382852 0.536081 0 2 3058 ++
rs141622900 A G 0.038207 0.033666 0.006237 0.021441 0.045891 5.397392 6.92e-08 7.160197 1.353389 0.244687 0.261114 2 3058 ++
rs2238681 T C 0.332708 0.013344 0.002542 0.008361 0.018326 5.248722 1.56e-07 6.805729 0.659288 0.416812 0 2 3058 ++
rs34878901 T C 0.342123 0.012587 0.002494 0.007699 0.017474 5.04759 4.56e-07 6.340979 3.058076 0.080337 0.672997 2 3058 +-
rs1305062 C G 0.3382 0.012661 0.002509 0.007745 0.017578 5.047302 4.57e-07 6.340326 4.376724 0.036433 0.771519 2 3058 +-
rs11668861 T G 0.431488 0.011812 0.002372 0.007163 0.016461 4.98013 6.47e-07 6.188907 2.691219 0.100903 0.628421 2 3056 +-
rs60049679 C G 0.104267 -0.018782 0.003808 -0.026247 -0.011318 -4.931889 8.29e-07 6.081331 3.15698 0.075603 0.683242 2 3058 -+
rs11177671 C T 0.230947 -0.013735 0.002821 -0.019264 -0.008207 -4.869554 1.14e-06 5.94377 0.01504 0.902394 0 2 3053 --
rs73048293 A G 0.340655 -0.012121 0.002503 -0.017027 -0.007215 -4.842159 1.31e-06 5.883829 0.91243 0.339471 0 2 3056 --
rs769450 A G 0.339746 0.012076 0.002499 0.007179 0.016974 4.832884 1.37e-06 5.863605 6.541404 0.010539 0.847128 2 3058 +-
rs34020771 G A 0.089554 -0.019639 0.004123 -0.02772 -0.011559 -4.763713 1.93e-06 5.713926 0.103934 0.747159 0 2 3057 --
rs12459575 A G 0.33999 -0.011901 0.002505 -0.016811 -0.006992 -4.751597 2.05e-06 5.687913 0.852251 0.355916 0 2 3058 --
rs449647 T A 0.15656 0.015406 0.003244 0.009049 0.021763 4.749743 2.07e-06 5.683938 2.508096 0.113263 0.601291 2 3058 ++
chr10:8978099:T:A T A 0.433147 -0.011056 0.002359 -0.015679 -0.006432 -4.686842 2.82e-06 5.549933 1.684929 0.194271 0.406503 2 3058 --
rs12265771 T G 0.021222 -0.036502 0.007941 -0.052067 -0.020937 -4.596473 4.36e-06 5.360299 2.066301 0.150586 0.516043 2 3058 --
rs11259912 T C 0.069106 -0.021549 0.004692 -0.030746 -0.012353 -4.59279 4.44e-06 5.352643 2.703151 0.10015 0.630061 2 3058 --
rs1022631 T C 0.401474 -0.020092 0.004395 -0.028706 -0.011477 -4.57139 4.92e-06 5.308269 0.824584 0.363843 0 2 871 --
rs115239633 G C 0.030716 0.030355 0.006655 0.01731 0.0434 4.560929 5.17e-06 5.286648 0.149173 0.699327 0 2 3058 ++
rs1156552 T A 0.162079 -0.014608 0.003206 -0.020892 -0.008323 -4.555897 5.29e-06 5.276263 0.707566 0.400253 0 2 3058 --
rs1979339 C T 0.162079 -0.014608 0.003206 -0.020892 -0.008323 -4.555897 5.29e-06 5.276263 0.707566 0.400253 0 2 3058 --
rs7967700 G A 0.027497 -0.032735 0.007213 -0.046874 -0.018597 -4.538106 5.76e-06 5.239632 0.079702 0.777701 0 2 3058 --
rs7254892 A G 0.03217 0.030235 0.006672 0.017158 0.043313 4.531608 5.94e-06 5.226286 4.302032 0.038067 0.767552 2 3058 ++
rs3852312 T C 0.434187 -0.010519 0.002331 -0.015088 -0.00595 -4.512643 6.49e-06 5.187436 3.434304 0.063855 0.70882 2 3058 -+
rs58005130 C T 0.11061 -0.016691 0.003713 -0.02397 -0.009413 -4.494964 7.06e-06 5.151354 0.450779 0.501965 0 2 3058 --
rs72843203 G A 0.127624 -0.015798 0.003526 -0.022709 -0.008888 -4.48101 7.53e-06 5.122967 0.004433 0.946914 0 2 3058 --
rs12804457 G A 0.105295 -0.017261 0.003852 -0.024811 -0.009711 -4.480995 7.53e-06 5.122937 0.067145 0.79554 0 2 3058 --
rs10815383 G C 0.276964 0.011602 0.002596 0.006514 0.01669 4.469502 7.95e-06 5.099618 0.558788 0.454749 0 2 3058 ++
rs10758750 G C 0.276957 0.011564 0.002599 0.00647 0.016658 4.449657 8.72e-06 5.059482 0.473084 0.491572 0 2 3058 ++
rs1461649 A G 0.162385 -0.014251 0.003209 -0.020542 -0.00796 -4.440304 9.11e-06 5.040621 0.789009 0.3744 0 2 3058 --
