rs_number reference_allele other_allele eaf beta se beta_95L beta_95U z p-value -log10_p-value q_statistic q_p-value i2 n_studies n_samples effects
rs5935633 A G 0.119525 -0.038595 0.007167 -0.052642 -0.024548 -5.385276 7.4e-08 7.130962 3.883737 0.048756 0.742516 2 479 --
rs71526390 A G 0.057076 -0.057046 0.01074 -0.078095 -0.035996 -5.311707 1.11e-07 6.954766 0.065013 0.798742 0 2 485 --
rs7811294 A G 0.169075 0.032907 0.006385 0.020393 0.045421 5.154073 2.6e-07 6.584909 2.709006 0.099783 0.630861 2 485 ++
rs28436253 G A 0.161552 0.033292 0.006464 0.020622 0.045961 5.150318 2.65e-07 6.576226 2.478266 0.115429 0.596492 2 485 ++
rs139497490 C A 0.015778 -0.091479 0.018261 -0.12727 -0.055688 -5.009612 5.56e-07 6.255132 3.029663 0.081755 0.66993 2 485 --
rs17868180 T C 0.020499 -0.082139 0.016433 -0.114348 -0.04993 -4.998329 5.89e-07 6.229744 5.611798 0.01784 0.821804 2 485 --
rs112019714 C T 0.088275 -0.043923 0.008846 -0.061262 -0.026585 -4.965235 6.99e-07 6.155588 0.501724 0.478744 0 2 485 --
rs4748309 A T 0.019976 -0.089484 0.018064 -0.124891 -0.054078 -4.953647 7.42e-07 6.12973 7.607536 0.005812 0.868551 2 485 --
rs73891649 A G 0.062456 -0.047108 0.009516 -0.06576 -0.028456 -4.95023 7.55e-07 6.122116 6.893333 0.008652 0.854932 2 485 --
rs74659351 T C 0.023549 -0.083433 0.01699 -0.116734 -0.050132 -4.910653 9.24e-07 6.034284 1.361403 0.243294 0.265464 2 485 --
rs117771123 G A 0.014828 -0.094556 0.019488 -0.132753 -0.056358 -4.851877 1.24e-06 5.905055 3.732829 0.053353 0.732107 2 485 --
rs142615416 A G 0.010828 -0.133674 0.027625 -0.187819 -0.079529 -4.838887 1.33e-06 5.876691 0.90394 0.341727 0 2 485 --
rs34496942 A G 0.023549 -0.072793 0.015045 -0.102281 -0.043304 -4.838284 1.33e-06 5.875375 0.794249 0.372819 0 2 485 --
rs56296297 C T 0.036903 -0.058463 0.012086 -0.082151 -0.034775 -4.837424 1.34e-06 5.873501 0.022952 0.879583 0 2 485 --
rs138748177 A G 0.015248 -0.094829 0.019649 -0.13334 -0.056318 -4.826235 1.42e-06 5.849132 8.822664 0.002975 0.886656 2 485 --
rs17668311 T C 0.010528 -0.09737 0.020219 -0.136998 -0.057741 -4.815814 1.49e-06 5.826482 0.015933 0.899552 0 2 485 --
rs2097407 G A 0.400597 0.0243 0.005076 0.01435 0.03425 4.78674 1.72e-06 5.763532 0.753305 0.385432 0 2 478 ++
rs5942408 C T 0.399835 0.024049 0.005057 0.014138 0.033959 4.755939 2.01e-06 5.697228 0.654668 0.418449 0 2 479 ++
rs12465558 G A 0.012199 -0.094074 0.019811 -0.132904 -0.055245 -4.748603 2.08e-06 5.681495 5.176351 0.022896 0.806814 2 485 --
rs113244279 G C 0.071571 -0.04623 0.009757 -0.065352 -0.027107 -4.738324 2.19e-06 5.659487 6.908256 0.00858 0.855246 2 485 --
rs80271415 C T 0.071571 -0.04623 0.009757 -0.065352 -0.027107 -4.738324 2.19e-06 5.659487 6.908256 0.00858 0.855246 2 485 --
rs79795832 G A 0.071571 -0.04623 0.009757 -0.065352 -0.027107 -4.738324 2.19e-06 5.659487 6.908256 0.00858 0.855246 2 485 --
rs111821294 A C 0.071571 -0.04623 0.009757 -0.065352 -0.027107 -4.738324 2.19e-06 5.659487 6.908256 0.00858 0.855246 2 485 --
rs10772963 T G 0.487954 -0.023489 0.004962 -0.033214 -0.013764 -4.734135 2.24e-06 5.650532 0.433752 0.510154 0 2 485 --
rs77301115 A G 0.070074 -0.044406 0.009387 -0.062804 -0.026007 -4.730564 2.28e-06 5.642903 0.143004 0.705313 0 2 484 --
rs61588707 A G 0.049007 -0.052065 0.011021 -0.073666 -0.030463 -4.724117 2.35e-06 5.629145 0.605157 0.436617 0 2 485 --
rs4403502 G A 0.049529 -0.052065 0.011021 -0.073666 -0.030463 -4.724117 2.35e-06 5.629145 0.605157 0.436617 0 2 485 --
rs4615683 C G 0.049529 -0.052065 0.011021 -0.073666 -0.030463 -4.724117 2.35e-06 5.629145 0.605157 0.436617 0 2 485 --
rs7308633 A T 0.489457 -0.023181 0.004926 -0.032837 -0.013526 -4.705611 2.57e-06 5.589745 0.538042 0.463245 0 2 485 --
rs1944757 G A 0.269297 -0.026578 0.005679 -0.037709 -0.015447 -4.68006 2.91e-06 5.535583 0.287595 0.591766 0 2 485 --
rs115881343 T C 0.069136 -0.04485 0.009589 -0.063643 -0.026056 -4.677387 2.95e-06 5.529931 0.203266 0.652097 0 2 478 --
rs12649612 A G 0.130618 -0.034201 0.007342 -0.048592 -0.01981 -4.657952 3.24e-06 5.488937 0.224047 0.635974 0 2 485 --
rs79491991 C A 0.029323 -0.066395 0.014253 -0.094332 -0.038459 -4.658197 3.24e-06 5.489453 3.431433 0.063967 0.708577 2 485 --
rs78814892 C T 0.030376 -0.066395 0.014253 -0.094332 -0.038459 -4.658197 3.24e-06 5.489453 3.431433 0.063967 0.708577 2 485 --
rs56358458 C T 0.030376 -0.066395 0.014253 -0.094332 -0.038459 -4.658197 3.24e-06 5.489453 3.431433 0.063967 0.708577 2 485 --
rs73230779 A T 0.064024 -0.047903 0.010311 -0.068112 -0.027694 -4.645843 3.44e-06 5.463476 7.7664 0.005323 0.87124 2 485 --
rs5935636 T A 0.110713 -0.036182 0.007791 -0.051453 -0.020911 -4.643805 3.47e-06 5.459197 4.730249 0.029637 0.788595 2 479 --
rs7799788 A G 0.021451 -0.082774 0.017853 -0.117766 -0.047781 -4.636359 3.6e-06 5.443577 1.675637 0.195505 0.403212 2 485 --
rs73133616 G A 0.021451 -0.082774 0.017853 -0.117766 -0.047781 -4.636359 3.6e-06 5.443577 1.675637 0.195505 0.403212 2 485 --
rs7777737 A G 0.021451 -0.082774 0.017853 -0.117766 -0.047781 -4.636359 3.6e-06 5.443577 1.675637 0.195505 0.403212 2 485 --
rs78264029 G A 0.021451 -0.082774 0.017853 -0.117766 -0.047781 -4.636359 3.6e-06 5.443577 1.675637 0.195505 0.403212 2 485 --
rs73133624 A T 0.021451 -0.082774 0.017853 -0.117766 -0.047781 -4.636359 3.6e-06 5.443577 1.675637 0.195505 0.403212 2 485 --
rs7797093 A G 0.021451 -0.082774 0.017853 -0.117766 -0.047781 -4.636359 3.6e-06 5.443577 1.675637 0.195505 0.403212 2 485 --
rs7784738 C T 0.021451 -0.082774 0.017853 -0.117766 -0.047781 -4.636359 3.6e-06 5.443577 1.675637 0.195505 0.403212 2 485 --
rs73133630 C G 0.021451 -0.082774 0.017853 -0.117766 -0.047781 -4.636359 3.6e-06 5.443577 1.675637 0.195505 0.403212 2 485 --
rs59382180 T G 0.021451 -0.082774 0.017853 -0.117766 -0.047781 -4.636359 3.6e-06 5.443577 1.675637 0.195505 0.403212 2 485 --
rs142351389 T A 0.021451 -0.082774 0.017853 -0.117766 -0.047781 -4.636359 3.6e-06 5.443577 1.675637 0.195505 0.403212 2 485 --
rs79403899 G A 0.021451 -0.082774 0.017853 -0.117766 -0.047781 -4.636359 3.6e-06 5.443577 1.675637 0.195505 0.403212 2 485 --
rs112849259 T C 0.070525 -0.043403 0.009372 -0.061773 -0.025034 -4.630996 3.7e-06 5.432341 0.086505 0.768668 0 2 485 --
rs853462 T A 0.012199 -0.091777 0.019876 -0.130733 -0.052821 -4.61756 3.94e-06 5.404243 1.017185 0.313188 0.016895 2 485 --
rs4273747 G T 0.021973 -0.081626 0.017743 -0.116402 -0.04685 -4.600494 4.28e-06 5.368666 1.853343 0.173395 0.460434 2 485 --
rs59838008 T C 0.021973 -0.081626 0.017743 -0.116402 -0.04685 -4.600494 4.28e-06 5.368666 1.853343 0.173395 0.460434 2 485 --
rs10810135 A T 0.052058 -0.049588 0.0108 -0.070755 -0.028421 -4.591668 4.46e-06 5.350311 0.324702 0.568796 0 2 485 --
rs2382472 T G 0.050481 -0.049789 0.010857 -0.071069 -0.028509 -4.585752 4.59e-06 5.338028 0.307408 0.579275 0 2 485 --
rs2382473 T A 0.050481 -0.049789 0.010857 -0.071069 -0.028509 -4.585752 4.59e-06 5.338028 0.307408 0.579275 0 2 485 --
rs4537389 C G 0.050481 -0.049789 0.010857 -0.071069 -0.028509 -4.585752 4.59e-06 5.338028 0.307408 0.579275 0 2 485 --
rs149682419 A G 0.019875 -0.082463 0.017996 -0.117736 -0.047191 -4.582245 4.67e-06 5.330753 1.775958 0.182646 0.436924 2 485 --
rs73136729 G T 0.019875 -0.082463 0.017996 -0.117736 -0.047191 -4.582245 4.67e-06 5.330753 1.775958 0.182646 0.436924 2 485 --
rs117837853 T C 0.019875 -0.082463 0.017996 -0.117736 -0.047191 -4.582245 4.67e-06 5.330753 1.775958 0.182646 0.436924 2 485 --
rs75869462 G A 0.019875 -0.082463 0.017996 -0.117736 -0.047191 -4.582245 4.67e-06 5.330753 1.775958 0.182646 0.436924 2 485 --
rs2051591 T G 0.457917 -0.02358 0.005147 -0.033668 -0.013492 -4.581465 4.69e-06 5.329135 1.043263 0.307064 0.041469 2 479 --
rs5941136 A G 0.457917 -0.02358 0.005147 -0.033668 -0.013492 -4.581465 4.69e-06 5.329135 1.043263 0.307064 0.041469 2 479 --
rs75923417 G A 0.052974 -0.050675 0.011082 -0.072395 -0.028955 -4.572866 4.88e-06 5.311324 9.366447 0.00221 0.893236 2 485 --
rs5942400 G T 0.454749 -0.023333 0.00511 -0.033347 -0.013318 -4.56636 5.04e-06 5.297867 1.120072 0.289903 0.1072 2 479 --
rs5942401 G A 0.454749 -0.023333 0.00511 -0.033347 -0.013318 -4.56636 5.04e-06 5.297867 1.120072 0.289903 0.1072 2 479 --
rs6780936 C T 0.403216 0.024067 0.005281 0.013715 0.034419 4.556894 5.27e-06 5.27832 0.019246 0.889665 0 2 485 ++
rs112876535 T C 0.032046 -0.068933 0.015143 -0.098612 -0.039253 -4.552243 5.39e-06 5.26873 1.723781 0.189207 0.41988 2 485 --
rs116881820 C T 0.070002 -0.042847 0.009416 -0.061302 -0.024391 -4.550335 5.44e-06 5.264798 0.061679 0.803861 0 2 485 --
rs4707999 T C 0.039755 -0.054942 0.012144 -0.078744 -0.03114 -4.524276 6.15e-06 5.211249 1.773145 0.182993 0.43603 2 485 --
rs6662352 T G 0.256435 -0.026096 0.00577 -0.037406 -0.014786 -4.522373 6.2e-06 5.20735 0.210106 0.646684 0 2 485 --
rs1175202 G A 0.120918 -0.034947 0.007729 -0.050095 -0.019799 -4.521772 6.22e-06 5.206118 0.205525 0.650297 0 2 485 --
rs7788831 G A 0.116438 0.034416 0.00762 0.019481 0.04935 4.516683 6.37e-06 5.195699 4.695767 0.030237 0.787042 2 485 ++
rs595548 A T 0.019875 -0.079745 0.017665 -0.114368 -0.045122 -4.51435 6.44e-06 5.190927 2.123607 0.145045 0.529103 2 485 --
rs16924768 A G 0.110278 -0.03616 0.008011 -0.051862 -0.020458 -4.513777 6.46e-06 5.189754 0.041393 0.838781 0 2 485 --
rs7259620 A G 0.385742 0.022916 0.005079 0.01296 0.032871 4.511599 6.53e-06 5.185302 7.850994 0.005079 0.872628 2 485 ++
rs17146377 C T 0.083674 -0.040593 0.009001 -0.058236 -0.02295 -4.509574 6.59e-06 5.181163 0.749903 0.386507 0 2 485 --
rs2350088 T C 0.041331 -0.053681 0.011957 -0.077117 -0.030245 -4.489476 7.24e-06 5.140181 2.020069 0.155232 0.504967 2 485 --
rs72971686 T C 0.140303 -0.029013 0.006481 -0.041716 -0.01631 -4.476629 7.69e-06 5.114071 5.636779 0.017587 0.822594 2 485 --
rs77224938 A G 0.110761 -0.035771 0.007994 -0.051439 -0.020103 -4.474931 7.75e-06 5.110626 0.063538 0.800989 0 2 485 --
rs1573692 C A 0.463764 -0.02297 0.005134 -0.033032 -0.012908 -4.474467 7.77e-06 5.109685 1.265814 0.260553 0.209995 2 479 --
rs11093150 C A 0.463764 -0.02297 0.005134 -0.033032 -0.012908 -4.474467 7.77e-06 5.109685 1.265814 0.260553 0.209995 2 479 --
rs9349546 A G 0.024174 -0.074441 0.016647 -0.107069 -0.041812 -4.471592 7.87e-06 5.103854 0.867264 0.351714 0 2 485 --
rs115144857 T C 0.035097 -0.06927 0.015531 -0.09971 -0.038829 -4.460123 8.31e-06 5.080629 0.818285 0.365682 0 2 485 --
rs55927246 G A 0.028902 -0.067958 0.015245 -0.097837 -0.038078 -4.457806 8.4e-06 5.075943 0.021992 0.882109 0 2 485 --
rs55796317 T C 0.014298 -0.087309 0.019595 -0.125714 -0.048903 -4.455723 8.48e-06 5.071733 1.428839 0.231954 0.300131 2 485 --
rs448627 A G 0.266332 -0.024809 0.005568 -0.035723 -0.013896 -4.455556 8.48e-06 5.071395 4.301835 0.038071 0.767541 2 485 --
rs13431955 G A 0.290758 -0.025247 0.005667 -0.036354 -0.01414 -4.455167 8.5e-06 5.07061 0.112859 0.736913 0 2 485 --
rs390063 T C 0.485168 0.022185 0.004983 0.012417 0.031952 4.451644 8.64e-06 5.063493 1.097961 0.294714 0.089221 2 485 ++
rs7385240 C T 0.084523 -0.040055 0.009002 -0.057698 -0.022412 -4.449716 8.72e-06 5.059602 0.305416 0.580507 0 2 485 --
rs117153262 G C 0.01135 -0.107451 0.024151 -0.154788 -0.060115 -4.449105 8.74e-06 5.058368 5.808029 0.015953 0.827825 2 485 --
rs6783002 C A 0.203739 -0.026149 0.005884 -0.037681 -0.014617 -4.444256 8.94e-06 5.048587 7.394797 0.006541 0.86477 2 485 --
rs4902832 A G 0.473308 0.021565 0.004875 0.01201 0.03112 4.423449 9.85e-06 5.006728 0.154953 0.693847 0 2 485 ++
rs1603867 T G 0.415088 0.023047 0.005212 0.012831 0.033262 4.421756 9.92e-06 5.00333 0.017514 0.894716 0 2 485 ++
