rs_number reference_allele other_allele eaf beta se beta_95L beta_95U z p-value -log10_p-value q_statistic q_p-value i2 n_studies n_samples effects
rs13003389 T A 0.074109 0.338843 0.066861 0.207795 0.469891 5.067864 4.1e-07 6.387056 5.422427 0.066456 0.631161 3 1646 +++
rs11060382 A G 0.255684 -0.225382 0.044645 -0.312885 -0.137879 -5.04837 4.54e-07 6.342749 0.611579 0.736542 0 3 1646 ---
rs34373650 A G 0.07891 0.325337 0.064914 0.198105 0.452569 5.011782 5.5e-07 6.260021 4.920104 0.085431 0.593504 3 1646 +++
rs12618770 C G 0.083078 0.322979 0.06526 0.195069 0.450888 4.949118 7.59e-07 6.119638 5.625153 0.06005 0.644454 3 1646 +++
rs35801352 A C 0.07496 0.328454 0.067038 0.197058 0.459849 4.899483 9.78e-07 6.009612 5.029264 0.080893 0.602328 3 1646 +++
rs78470752 T C 0.073838 -0.522583 0.107803 -0.733878 -0.311289 -4.847573 1.27e-06 5.89565 0.309026 0.578279 0 2 474 -?-
rs115886573 A G 0.207458 -0.214064 0.044211 -0.300719 -0.12741 -4.841847 1.31e-06 5.883149 0.918312 0.631817 0 3 1646 ---
rs12991228 C G 0.092072 0.301853 0.06242 0.17951 0.424196 4.835837 1.35e-06 5.870041 6.557974 0.037666 0.695028 3 1646 +++
rs7132165 T C 0.260866 -0.217018 0.044885 -0.304993 -0.129044 -4.834999 1.35e-06 5.868214 0.464609 0.792705 0 3 1646 ---
rs1048260 C G 0.206105 -0.213321 0.044232 -0.300016 -0.126627 -4.822787 1.44e-06 5.841631 0.941541 0.624521 0 3 1646 ---
rs1048254 G T 0.206897 -0.212189 0.044259 -0.298935 -0.125442 -4.794291 1.66e-06 5.779847 1.169876 0.55714 0 3 1646 ---
rs12135247 C T 0.206897 -0.212189 0.044259 -0.298935 -0.125442 -4.794291 1.66e-06 5.779847 1.169876 0.55714 0 3 1646 ---
rs10250801 A G 0.175227 0.237004 0.049434 0.140114 0.333894 4.794375 1.66e-06 5.780028 5.230374 0.073154 0.617618 3 1646 -++
rs73468119 G A 0.175227 0.237004 0.049434 0.140114 0.333894 4.794375 1.66e-06 5.780028 5.230374 0.073154 0.617618 3 1646 -++
rs73468120 A G 0.175227 0.237004 0.049434 0.140114 0.333894 4.794375 1.66e-06 5.780028 5.230374 0.073154 0.617618 3 1646 -++
rs10236799 A T 0.175227 0.236754 0.04956 0.139616 0.333892 4.777115 1.81e-06 5.74277 5.225731 0.073324 0.617278 3 1646 -++
rs3802923 G C 0.112952 -0.335627 0.070454 -0.473718 -0.197537 -4.763764 1.93e-06 5.714035 0.002463 0.960417 0 2 1274 --?
rs10841057 C T 0.19142 0.213574 0.045087 0.125202 0.301945 4.73688 2.21e-06 5.656401 0.540074 0.763351 0 3 1646 +++
rs13009368 C G 0.097394 0.288827 0.061815 0.167668 0.409985 4.672408 3.02e-06 5.519414 6.098944 0.047384 0.672074 3 1646 +++
rs298565 G T 0.041521 0.426672 0.091329 0.247667 0.605677 4.671802 3.03e-06 5.518136 0.577043 0.749371 0 3 1646 +++
rs34269963 C T 0.094266 0.288443 0.061787 0.167341 0.409546 4.668363 3.08e-06 5.510878 6.311333 0.04261 0.68311 3 1646 +++
rs162274 A G 0.049611 -0.429583 0.092149 -0.610195 -0.248971 -4.661828 3.18e-06 5.497101 4.524766 0.033408 0.778994 2 1274 +-?
rs111322628 T C 0.05067 0.373589 0.080398 0.21601 0.531168 4.646768 3.42e-06 5.465418 2.008292 0.366357 0.004129 3 1646 +++
rs1793680 T C 0.177739 -0.266048 0.057662 -0.379065 -0.153031 -4.613943 4.01e-06 5.396692 0.2618 0.608886 0 2 1274 --?
rs62371237 T C 0.255165 -0.201485 0.043806 -0.287344 -0.115625 -4.599501 4.3e-06 5.366599 0.770418 0.680308 0 3 1646 ---
rs34984815 C T 0.100423 0.28086 0.06144 0.160437 0.401282 4.57127 4.92e-06 5.308022 5.695686 0.057969 0.648857 3 1646 +++
rs6486477 A G 0.261592 -0.204157 0.044973 -0.292304 -0.116009 -4.539531 5.72e-06 5.242561 0.455364 0.796377 0 3 1643 ---
rs167915 T A 0.151767 -0.286861 0.063262 -0.410854 -0.162869 -4.534527 5.86e-06 5.232279 0.044286 0.833322 0 2 1274 --?
rs17238796 C T 0.180044 -0.245695 0.054337 -0.352195 -0.139195 -4.521716 6.22e-06 5.206003 3.121708 0.077256 0.679663 2 1274 --?
rs11060381 G C 0.238082 -0.205528 0.045622 -0.294946 -0.11611 -4.505058 6.73e-06 5.171939 0.064027 0.968494 0 3 1646 ---
rs13010733 G T 0.093438 0.283358 0.062918 0.160038 0.406678 4.503584 6.78e-06 5.16893 6.050077 0.048556 0.669426 3 1645 ++-
rs1796156 G T 0.281382 0.18124 0.04027 0.102311 0.26017 4.500618 6.87e-06 5.162879 8.321248 0.015598 0.759651 3 1646 +++
rs10054870 G T 0.264054 -0.194848 0.043423 -0.279957 -0.10974 -4.487241 7.32e-06 5.135634 0.907469 0.635251 0 3 1646 ---
rs902891 C T 0.273278 -0.194465 0.043362 -0.279455 -0.109475 -4.484666 7.41e-06 5.130397 0.389998 0.822835 0 3 1646 ---
rs11807829 C T 0.212551 -0.196393 0.043796 -0.282234 -0.110553 -4.484243 7.42e-06 5.129538 1.224399 0.542157 0 3 1646 ---
rs57187732 G T 0.093961 0.278729 0.062193 0.15683 0.400628 4.481642 7.51e-06 5.124252 5.935637 0.051415 0.663052 3 1646 +++
rs10744421 G T 0.246701 -0.206856 0.046169 -0.297346 -0.116365 -4.480449 7.55e-06 5.121827 0.046749 0.976897 0 3 1646 ---
rs7959437 T G 0.246416 -0.206856 0.046169 -0.297346 -0.116365 -4.480449 7.55e-06 5.121827 0.046749 0.976897 0 3 1646 ---
rs9400937 A G 0.134356 0.23837 0.053597 0.13332 0.34342 4.447463 8.81e-06 5.055054 3.087577 0.21357 0.352243 3 1646 +++
chr4:37043986:C:A A C 0.297489 -0.301075 0.067727 -0.43382 -0.16833 -4.44541 8.89e-06 5.050913 1.463417 0.226387 0.316668 2 474 -?-
rs9387421 T C 0.121637 0.252455 0.056839 0.14105 0.363859 4.441579 9.05e-06 5.04319 1.871523 0.392287 0 3 1646 +++
rs7757149 A G 0.121637 0.252455 0.056839 0.14105 0.363859 4.441579 9.05e-06 5.04319 1.871523 0.392287 0 3 1646 +++
rs9400938 C G 0.121637 0.252455 0.056839 0.14105 0.363859 4.441579 9.05e-06 5.04319 1.871523 0.392287 0 3 1646 +++
rs2145547 C T 0.121637 0.252455 0.056839 0.14105 0.363859 4.441579 9.05e-06 5.04319 1.871523 0.392287 0 3 1646 +++
rs7761438 G T 0.121343 0.252452 0.056855 0.141016 0.363889 4.440269 9.11e-06 5.040552 1.873441 0.391911 0 3 1646 +++
rs75230925 C A 0.044662 -0.515989 0.116571 -0.744468 -0.28751 -4.426393 9.71e-06 5.01264 0.086712 0.7684 0 2 1274 --?
rs1033723 T A 0.122215 0.251473 0.056834 0.140079 0.362867 4.424701 9.79e-06 5.009242 1.827104 0.401097 0 3 1646 +++
rs7757528 T A 0.122215 0.251473 0.056834 0.140079 0.362867 4.424701 9.79e-06 5.009242 1.827104 0.401097 0 3 1646 +++
rs4946183 C A 0.122215 0.251473 0.056834 0.140079 0.362867 4.424701 9.79e-06 5.009242 1.827104 0.401097 0 3 1646 +++
