rs_number reference_allele other_allele eaf beta se beta_95L beta_95U z p-value -log10_p-value q_statistic q_p-value i2 n_studies n_samples effects
rs429358 C T 0.127387 -0.013374 0.001871 -0.017041 -0.009708 -7.149233 9.08e-13 12.041779 3.156192 0.075639 0.683162 2 2079 -+
rs12721051 G C 0.156571 -0.011058 0.001718 -0.014426 -0.007689 -6.434581 1.28e-10 9.892996 0.162665 0.686715 0 2 2080 --
rs6857 T C 0.142553 -0.011467 0.001818 -0.01503 -0.007905 -6.308373 2.91e-10 9.5361 6.41754 0.0113 0.844177 2 2080 -+
rs56131196 A G 0.16128 -0.010688 0.001701 -0.014022 -0.007354 -6.282845 3.43e-10 9.464733 5.79134 0.016105 0.827328 2 2079 -+
rs4420638 G A 0.16141 -0.010624 0.001703 -0.013963 -0.007285 -6.237012 4.6e-10 9.337293 6.902119 0.008609 0.855117 2 2078 -+
rs7256200 T G 0.103825 -0.012527 0.002067 -0.016578 -0.008477 -6.061832 1.39e-09 8.858422 2.435372 0.118626 0.589385 2 2080 -+
rs10414043 A G 0.104059 -0.012383 0.002066 -0.016432 -0.008334 -5.994238 2.1e-09 8.677125 3.404873 0.065004 0.706303 2 2080 -+
rs157581 C T 0.22818 -0.009087 0.001544 -0.012114 -0.006061 -5.885851 4.07e-09 8.390457 0.015479 0.900987 0 2 2257 --
rs283811 G A 0.223255 -0.008728 0.001538 -0.011742 -0.005714 -5.675303 1.42e-08 7.847799 0.015763 0.900088 0 2 2257 --
rs66626994 A G 0.128012 -0.01061 0.001875 -0.014284 -0.006936 -5.659572 1.56e-08 7.808007 6.153913 0.013112 0.837502 2 2080 -+
rs10119 A G 0.282038 -0.006613 0.001169 -0.008904 -0.004321 -5.655984 1.59e-08 7.798946 4.764941 0.029045 0.790134 2 4426 -+
rs184017 G T 0.225387 -0.008758 0.001552 -0.011801 -0.005716 -5.641736 1.73e-08 7.763016 0.01716 0.895778 0 2 2257 --
rs11556505 T C 0.120704 -0.010823 0.001962 -0.014669 -0.006976 -5.515076 3.57e-08 7.44739 1.229335 0.267536 0.186552 2 2080 -+
rs2075650 G A 0.12211 -0.010659 0.001954 -0.014489 -0.006828 -5.454298 5.03e-08 7.298339 1.990543 0.158284 0.497625 2 2080 -+
rs12972156 G C 0.118721 -0.010706 0.00197 -0.014567 -0.006845 -5.435391 5.59e-08 7.25229 1.078419 0.299052 0.072716 2 2080 -+
rs12972970 A G 0.118721 -0.010706 0.00197 -0.014567 -0.006845 -5.435391 5.59e-08 7.25229 1.078419 0.299052 0.072716 2 2080 -+
rs34404554 G C 0.119766 -0.010652 0.001967 -0.014507 -0.006798 -5.416623 6.21e-08 7.206727 3.108417 0.077889 0.678293 2 2080 -+
rs848218 C T 0.193372 -0.006916 0.001283 -0.009431 -0.004402 -5.391736 7.14e-08 7.146542 0.000432 0.983422 0 2 4657 --
rs71352238 C T 0.118843 -0.01068 0.001982 -0.014564 -0.006796 -5.389757 7.21e-08 7.141766 1.076319 0.299522 0.070908 2 2080 -+
rs34342646 A G 0.122789 -0.010447 0.001948 -0.014265 -0.00663 -5.363895 8.33e-08 7.079519 2.266339 0.132212 0.55876 2 2080 -+
chr19:44893408:G:T T G 0.19135 -0.008396 0.001619 -0.011569 -0.005223 -5.185905 2.19e-07 6.658753 6.84452 0.008891 0.853898 2 2080 -+
rs4496780 G T 0.085882 0.009066 0.001851 0.005439 0.012693 4.898591 9.83e-07 6.007646 1.202205 0.272881 0.168195 2 4657 ++
rs438811 T C 0.23831 -0.007219 0.001531 -0.01022 -0.004218 -4.715156 2.45e-06 5.610048 1.773995 0.182888 0.436301 2 2257 --
rs848302 T A 0.165179 -0.006287 0.001348 -0.00893 -0.003644 -4.663068 3.16e-06 5.499712 0.056264 0.812502 0 2 4657 --
rs116951643 A G 0.067571 -0.009378 0.002017 -0.013332 -0.005424 -4.648567 3.39e-06 5.469199 0.455143 0.499903 0 2 4657 -+
rs4310041 C A 0.081742 0.008742 0.001881 0.005054 0.012429 4.646496 3.43e-06 5.464847 0.583614 0.444899 0 2 4657 ++
rs6917272 A T 0.08163 0.008722 0.001884 0.00503 0.012415 4.630114 3.71e-06 5.430493 0.589255 0.442707 0 2 4657 ++
rs145187746 A G 0.029638 -0.013971 0.003018 -0.019885 -0.008056 -4.629831 3.72e-06 5.429902 0.291467 0.589282 0 2 4657 --
rs74183012 T C 0.096202 -0.007916 0.001719 -0.011285 -0.004546 -4.604849 4.19e-06 5.377731 0.206397 0.649606 0 2 4657 --
rs5117 C T 0.209848 -0.007247 0.001578 -0.01034 -0.004154 -4.59272 4.44e-06 5.352497 0.408847 0.522555 0 2 2080 --
rs2867773 G T 0.455876 -0.004623 0.001007 -0.006596 -0.00265 -4.59243 4.45e-06 5.351896 0.457158 0.498955 0 2 4657 --
rs75627662 T C 0.188741 -0.006072 0.00133 -0.008679 -0.003464 -4.56433 5.09e-06 5.293673 4.085981 0.04324 0.755261 2 4657 -+
rs5969000 A G 0.184643 -0.004287 0.000939 -0.006128 -0.002446 -4.563308 5.11e-06 5.291559 0.103343 0.747855 0 2 4390 --
rs7753099 A C 0.443379 0.004694 0.00103 0.002676 0.006712 4.558855 5.22e-06 5.282366 2.159104 0.141727 0.536845 2 4603 ++
rs11072285 A G 0.350178 0.00497 0.001095 0.002824 0.007116 4.539318 5.73e-06 5.242124 0.000373 0.984594 0 2 4657 ++
rs55722349 A G 0.141519 0.006716 0.001487 0.003801 0.009631 4.516018 6.39e-06 5.194339 1.255652 0.262476 0.203601 2 4657 +-
rs1343261 T C 0.179795 -0.004285 0.00095 -0.006147 -0.002422 -4.509278 6.6e-06 5.180559 0.60504 0.436662 0 2 4390 --
rs58958352 C G 0.18692 -0.005952 0.001323 -0.008546 -0.003358 -4.497724 6.97e-06 5.156978 3.87559 0.048993 0.741975 2 4603 --
rs8130738 A G 0.325372 -0.006151 0.001369 -0.008834 -0.003469 -4.494276 7.08e-06 5.149953 0.162252 0.687092 0 2 2080 --
rs11576839 C T 0.066545 -0.009146 0.002048 -0.013159 -0.005133 -4.46682 8.05e-06 5.094183 0.765233 0.381696 0 2 4655 -+
rs59317417 G A 0.145313 0.00658 0.001475 0.003688 0.009472 4.460126 8.31e-06 5.080634 1.722883 0.189322 0.419577 2 4657 +-
rs5968999 T C 0.186198 -0.004174 0.000937 -0.006011 -0.002336 -4.452322 8.61e-06 5.064862 0.306737 0.57969 0 2 4390 --
rs12723994 T C 0.224311 0.005422 0.001218 0.003035 0.00781 4.451808 8.63e-06 5.063824 0.098338 0.753834 0 2 4657 ++
rs6623764 G A 0.170224 -0.004269 0.00096 -0.00615 -0.002388 -4.448682 8.76e-06 5.057514 1.530016 0.21611 0.346412 2 4585 --
rs200008275 T A 0.018767 -0.01619 0.003643 -0.023331 -0.00905 -4.443922 8.96e-06 5.047913 0.122132 0.726733 0 2 4657 --
rs5923591 C T 0.206671 -0.003925 0.000884 -0.005657 -0.002192 -4.439987 9.12e-06 5.039984 0.809696 0.36821 0 2 4585 --
rs2064337 G A 0.206671 -0.003925 0.000884 -0.005657 -0.002192 -4.439987 9.12e-06 5.039984 0.809696 0.36821 0 2 4585 --
rs6653109 C T 0.206671 -0.003925 0.000884 -0.005657 -0.002192 -4.439987 9.12e-06 5.039984 0.809696 0.36821 0 2 4585 --
rs724619 T G 0.206671 -0.003925 0.000884 -0.005657 -0.002192 -4.439987 9.12e-06 5.039984 0.809696 0.36821 0 2 4585 --
rs11797734 C A 0.206671 -0.003925 0.000884 -0.005657 -0.002192 -4.439987 9.12e-06 5.039984 0.809696 0.36821 0 2 4585 --
rs78334957 C T 0.149268 0.006484 0.001463 0.003616 0.009352 4.431033 9.51e-06 5.021964 1.915911 0.166308 0.478055 2 4657 +-
