rs_number reference_allele other_allele eaf beta se beta_95L beta_95U z p-value -log10_p-value q_statistic q_p-value i2 n_studies n_samples effects
rs75627662 T C 0.272428 -0.175199 0.017982 -0.210444 -0.139955 -9.743126 2.11e-22 21.676298 14.10361 0.000173 0.929096 2 4856 --
rs7259620 A G 0.356665 0.139191 0.016189 0.107461 0.170921 8.598103 8.56e-18 17.067611 0.139885 0.708396 0 2 4856 ++
rs7412 T C 0.053116 0.280581 0.033844 0.214248 0.346915 8.290552 1.19e-16 15.925626 7.142614 0.007527 0.859995 2 4848 ++
chr19:44909976:G:T T G 0.053956 0.268505 0.033593 0.202662 0.334347 7.992888 1.38e-15 14.858962 7.7124 0.005484 0.870339 2 4856 ++
rs769450 A G 0.327424 0.119881 0.016521 0.087499 0.152263 7.256066 4.15e-13 12.381705 3.269002 0.070601 0.694096 2 4856 ++
rs34878901 T C 0.336275 0.113017 0.016356 0.080959 0.145075 6.909703 5.04e-12 11.297331 4.291015 0.038314 0.766955 2 4856 ++
rs112019714 C T 0.066204 -0.220643 0.032041 -0.283445 -0.157842 -6.886189 5.95e-12 11.22557 2.433548 0.118764 0.589077 2 4856 --
rs141622900 A G 0.03686 0.279555 0.0413 0.198608 0.360502 6.768956 1.34e-11 10.871305 5.642827 0.017527 0.822784 2 4856 ++
rs59325138 T C 0.304027 0.113376 0.017158 0.079746 0.147006 6.607698 4.04e-11 10.393561 3.377419 0.066095 0.703916 2 4856 ++
rs77301115 A G 0.059641 -0.219424 0.033404 -0.284895 -0.153953 -6.56888 5.25e-11 10.28021 2.564623 0.109279 0.610079 2 4854 --
rs75687619 T G 0.059734 -0.218858 0.033435 -0.284391 -0.153326 -6.545797 6.12e-11 10.213111 2.704813 0.100046 0.630289 2 4855 --
rs115881343 T C 0.062113 -0.214282 0.032946 -0.278857 -0.149707 -6.50395 8.09e-11 10.092046 2.763716 0.096424 0.638168 2 4822 --
rs112849259 T C 0.060156 -0.215935 0.033287 -0.281178 -0.150692 -6.487009 9.05e-11 10.043247 2.58191 0.108091 0.61269 2 4854 --
rs79398853 T C 0.059656 -0.21629 0.033462 -0.281875 -0.150705 -6.463818 1.06e-10 9.97664 2.432203 0.118866 0.58885 2 4853 --
rs1081105 C A 0.064457 -0.209121 0.032417 -0.272659 -0.145583 -6.450912 1.15e-10 9.939674 1.54384 0.214047 0.352265 2 4856 --
rs114536010 T C 0.059535 -0.215616 0.033507 -0.281289 -0.149942 -6.434957 1.28e-10 9.89407 2.599651 0.106887 0.615333 2 4846 --
rs116881820 C T 0.06034 -0.213492 0.033238 -0.278638 -0.148345 -6.423125 1.38e-10 9.860321 2.374971 0.123294 0.578942 2 4856 --
rs1305062 C G 0.327865 0.105656 0.016504 0.073309 0.138003 6.401965 1.58e-10 9.800114 2.07969 0.149271 0.519159 2 4856 ++
rs140480140 A G 0.064149 -0.202019 0.032304 -0.265334 -0.138704 -6.253784 4.13e-10 9.383825 2.959656 0.085366 0.662123 2 4856 --
rs188535946 A G 0.061574 -0.201482 0.032767 -0.265706 -0.137259 -6.148914 8.04e-10 9.094841 3.284286 0.069946 0.69552 2 4856 --
rs2238681 T C 0.307014 0.103985 0.016938 0.070787 0.137183 6.139182 8.55e-10 9.068262 1.749832 0.185898 0.428516 2 4856 ++
rs150966173 T C 0.061593 -0.203278 0.033328 -0.268601 -0.137955 -6.09931 1.1e-09 8.959778 3.629709 0.056757 0.724496 2 4814 --
rs8106922 G A 0.308375 0.101169 0.016901 0.068044 0.134295 5.98607 2.21e-09 8.655349 0.197626 0.656644 0 2 4853 ++
rs73052307 C T 0.109144 0.145603 0.024727 0.097138 0.194069 5.888416 4.01e-09 8.397186 22.14695 2.53e-06 0.954847 2 4851 +-
rs365653 G A 0.11934 0.136248 0.023968 0.08927 0.183226 5.684521 1.35e-08 7.871165 21.984196 2.75e-06 0.954513 2 4856 +-
rs41289512 G C 0.058897 -0.193577 0.03454 -0.261275 -0.125879 -5.604476 2.14e-08 7.669464 1.474827 0.224586 0.321954 2 4856 --
rs11668861 T G 0.429968 0.08968 0.016006 0.058308 0.121052 5.602891 2.16e-08 7.665498 2.039472 0.153263 0.509677 2 4856 ++
rs3745150 C G 0.312524 0.089818 0.017022 0.056455 0.123181 5.276662 1.34e-07 6.871634 0.027521 0.86824 0 2 4856 ++
rs9754853 T A 0.239185 0.095302 0.018198 0.059634 0.13097 5.236954 1.67e-07 6.778069 0.384357 0.535281 0 2 4856 ++
rs3852861 T G 0.375416 0.08461 0.016269 0.052723 0.116497 5.200769 2.03e-07 6.693382 0.630885 0.427031 0 2 4856 ++
rs3852860 T C 0.375377 0.084078 0.016275 0.052178 0.115978 5.165954 2.44e-07 6.61242 0.606383 0.436153 0 2 4856 ++
rs7254892 A G 0.037493 0.206388 0.040745 0.126529 0.286247 5.065414 4.15e-07 6.381479 4.93092 0.02638 0.797198 2 4855 ++
rs7683793 C G 0.018227 0.315572 0.065477 0.187237 0.443907 4.819576 1.46e-06 5.834653 0.84504 0.357959 0 2 4444 ++
rs116308502 C T 0.018227 0.315572 0.065477 0.187237 0.443907 4.819576 1.46e-06 5.834653 0.84504 0.357959 0 2 4444 ++
rs449647 T A 0.173487 0.099955 0.020819 0.059149 0.140761 4.801088 1.6e-06 5.794554 22.288679 2.35e-06 0.955134 2 4856 +-
rs72962798 G A 0.190604 0.096164 0.020142 0.056686 0.135642 4.774375 1.83e-06 5.736867 0.978805 0.322494 0 2 4856 ++
rs115528386 T G 0.038096 -0.199899 0.042255 -0.28272 -0.117079 -4.730734 2.27e-06 5.643267 4.303261 0.038039 0.767618 2 4856 --
rs76042268 G A 0.037888 -0.200131 0.042341 -0.283118 -0.117143 -4.726694 2.32e-06 5.634641 4.296681 0.038187 0.767262 2 4856 --
rs145182878 T G 0.032848 -0.207858 0.044156 -0.294404 -0.121312 -4.707325 2.55e-06 5.593389 0.157989 0.691015 0 2 4856 --
rs145012655 C T 0.032952 -0.206137 0.044109 -0.29259 -0.119683 -4.673343 3.01e-06 5.521389 0.120294 0.728716 0 2 4856 --
rs142880675 G A 0.032952 -0.206137 0.044109 -0.29259 -0.119683 -4.673343 3.01e-06 5.521389 0.120294 0.728716 0 2 4856 --
rs373501003 C G 0.03233 -0.205568 0.044066 -0.291938 -0.119197 -4.664949 3.14e-06 5.503677 0.325333 0.56842 0 2 4856 --
rs142308833 T C 0.034184 -0.201383 0.043245 -0.286144 -0.116622 -4.656769 3.26e-06 5.486448 0.005516 0.940794 0 2 4856 --
rs4721086 A G 0.153636 0.10134 0.021895 0.058426 0.144254 4.628454 3.74e-06 5.42702 0.113711 0.735958 0 2 4856 ++
rs143226718 G C 0.032952 -0.203265 0.044124 -0.289748 -0.116782 -4.606679 4.15e-06 5.381544 0.069514 0.792045 0 2 4856 --
rs149566236 A G 0.034291 -0.198669 0.043197 -0.283336 -0.114002 -4.599081 4.31e-06 5.365725 0.015876 0.899732 0 2 4856 --
rs370203806 T C 0.032845 -0.20294 0.044175 -0.289523 -0.116358 -4.594023 4.41e-06 5.355206 0.072678 0.787477 0 2 4856 --
rs138750643 C T 0.032845 -0.20294 0.044175 -0.289523 -0.116358 -4.594023 4.41e-06 5.355206 0.072678 0.787477 0 2 4856 --
rs114151804 G A 0.052926 -0.161934 0.035375 -0.231269 -0.092599 -4.577665 4.77e-06 5.321261 0.585802 0.444047 0 2 4856 --
rs10203159 G T 0.196799 0.091043 0.019915 0.052009 0.130076 4.571599 4.91e-06 5.308701 0.6953 0.404367 0 2 4856 ++
rs72962778 C G 0.19633 0.091141 0.019938 0.052063 0.130219 4.571276 4.92e-06 5.308032 0.692427 0.40534 0 2 4856 ++
rs12622216 A G 0.195929 0.091283 0.019981 0.052119 0.130446 4.568384 4.99e-06 5.302051 0.861343 0.353363 0 2 4856 ++
rs6463933 A G 0.151739 0.100487 0.022013 0.057341 0.143633 4.564815 5.07e-06 5.294673 0.235381 0.627562 0 2 4856 ++
rs6944167 C G 0.156289 0.099142 0.021735 0.056541 0.141742 4.561356 5.16e-06 5.28753 0.198144 0.656223 0 2 4856 ++
rs1794640 T C 0.032741 -0.201617 0.044221 -0.288291 -0.114944 -4.559313 5.21e-06 5.283312 0.053684 0.816772 0 2 4856 --
rs401092 T C 0.032741 -0.201617 0.044221 -0.288291 -0.114944 -4.559313 5.21e-06 5.283312 0.053684 0.816772 0 2 4856 --
rs116330221 C G 0.066925 -0.144414 0.031689 -0.206523 -0.082304 -4.557259 5.26e-06 5.279073 7.780594 0.005281 0.871475 2 4856 --
rs439229 T G 0.036448 -0.1909 0.041896 -0.273016 -0.108785 -4.556555 5.28e-06 5.27762 0.005345 0.941716 0 2 4856 --
rs3821925 G A 0.405532 0.105393 0.023171 0.059978 0.150809 4.54846 5.48e-06 5.260934 1.262299 0.261216 0.207795 2 1593 ++
rs11704238 T C 0.106928 -0.115687 0.025507 -0.165681 -0.065694 -4.535525 5.83e-06 5.234329 2.078259 0.14941 0.518828 2 4849 --
rs10211257 G C 0.196351 0.090045 0.019974 0.050896 0.129195 4.508091 6.64e-06 5.178134 0.461613 0.496871 0 2 4856 ++
rs115301950 C T 0.066822 -0.142748 0.031719 -0.204916 -0.080579 -4.50045 6.88e-06 5.162538 7.859158 0.005056 0.87276 2 4856 --
rs11857008 C T 0.258116 0.082332 0.018307 0.04645 0.118214 4.497261 6.98e-06 5.156035 1.246448 0.264232 0.197721 2 4856 ++
rs72964817 A G 0.195412 0.089737 0.019979 0.050579 0.128895 4.491651 7.17e-06 5.144608 0.477562 0.489529 0 2 4856 ++
rs7039085 A G 0.313258 -0.075867 0.016893 -0.108978 -0.042757 -4.491064 7.19e-06 5.143413 1.678312 0.195149 0.404163 2 4855 --
rs2992650 G A 0.420484 0.071934 0.016101 0.040377 0.103491 4.46776 8.02e-06 5.096087 0.255567 0.613182 0 2 4855 ++
rs10971409 A G 0.056538 0.150397 0.033813 0.084125 0.21667 4.44798 8.79e-06 5.056098 0.587188 0.443509 0 2 4855 ++
rs2992649 G A 0.420641 0.071512 0.016109 0.039939 0.103085 4.439355 9.15e-06 5.03871 0.261433 0.609137 0 2 4856 ++
