rs_number reference_allele other_allele eaf beta se beta_95L beta_95U z p-value -log10_p-value q_statistic q_p-value i2 n_studies n_samples effects
rs10119 A G 0.334255 -0.01788 0.001097 -0.020029 -0.015731 -16.305262 1.02e-59 58.993354 164.804568 0 0.981797 4 9288 ----
rs34095326 A G 0.143407 -0.024071 0.001532 -0.027073 -0.021069 -15.714957 1.33e-55 54.874562 117.696326 0 0.974511 4 9288 ----
rs75627662 T C 0.226472 -0.01897 0.001256 -0.021433 -0.016507 -15.097684 1.87e-51 50.728902 155.055821 0 0.980652 4 9288 ----
rs429358 C T 0.157334 -0.019932 0.001663 -0.023192 -0.016672 -11.984199 4.68e-33 32.329793 57.342585 3.53e-13 0.965122 3 3750 --?-
rs10414043 A G 0.129866 -0.02056 0.001809 -0.024104 -0.017015 -11.3678 6.55e-30 29.183722 48.45397 3.01e-11 0.958724 3 3754 --?-
rs7256200 T G 0.129866 -0.02056 0.001809 -0.024104 -0.017015 -11.3678 6.55e-30 29.183722 48.45397 3.01e-11 0.958724 3 3754 --?-
rs769449 A G 0.127641 -0.020417 0.001823 -0.023989 -0.016845 -11.202303 4.3e-29 28.366946 51.016797 8.35e-12 0.960797 3 3754 --?-
rs6857 T C 0.181403 -0.016846 0.001572 -0.019927 -0.013765 -10.715604 9.26e-27 26.033369 40.1469 1.92e-09 0.950183 3 3754 --?-
rs73052335 C A 0.138755 -0.018713 0.001756 -0.022156 -0.01527 -10.653785 1.8e-26 25.744274 43.406557 3.75e-10 0.953924 3 3754 --?-
rs4420638 G A 0.190863 -0.016063 0.001542 -0.019084 -0.013041 -10.419247 2.18e-25 24.662432 53.097355 2.95e-12 0.962333 3 3748 --?-
rs56131196 A G 0.190755 -0.016013 0.001542 -0.019036 -0.01299 -10.382534 3.2e-25 24.495234 51.263439 7.38e-12 0.960986 3 3749 --?-
rs12721051 G C 0.191112 -0.015903 0.001542 -0.018925 -0.01288 -10.312186 6.66e-25 24.176477 52.468662 4.04e-12 0.961882 3 3754 --?-
rs41289512 G C 0.048706 -0.026785 0.00261 -0.031901 -0.021669 -10.261895 1.12e-24 23.949906 37.567654 3.49e-08 0.920144 4 9288 ----
rs146275714 A G 0.025677 -0.036467 0.003554 -0.043433 -0.029501 -10.261102 1.13e-24 23.946343 41.455894 5.23e-09 0.927634 4 9288 ----
rs147711004 A G 0.04125 -0.029035 0.002836 -0.034594 -0.023477 -10.237545 1.44e-24 23.840597 35.045517 1.19e-07 0.914397 4 9288 ----
rs12691088 A G 0.026311 -0.035625 0.00351 -0.042505 -0.028745 -10.148937 3.59e-24 23.444978 51.615425 3.62e-11 0.941878 4 9288 ----
rs1160985 T C 0.409715 0.01019 0.001042 0.008148 0.012231 9.783698 1.41e-22 21.849937 62.898648 1.41e-13 0.952304 4 9287 ++++
rs760136 G A 0.409773 0.010177 0.001042 0.008135 0.012218 9.770973 1.6e-22 21.795403 62.579242 1.65e-13 0.952061 4 9288 ++++
rs1038026 G A 0.40994 0.010174 0.001042 0.008132 0.012216 9.767051 1.66e-22 21.778609 61.224497 3.22e-13 0.951 4 9288 ++++
rs28399664 G C 0.024687 -0.035411 0.003633 -0.042531 -0.02829 -9.747257 2.02e-22 21.693945 36.093157 7.16e-08 0.916882 4 9288 ----
rs741780 C T 0.409832 0.010151 0.001041 0.00811 0.012192 9.747522 2.02e-22 21.69508 61.920381 2.28e-13 0.951551 4 9288 ++++
rs1038025 C T 0.409733 0.010135 0.001043 0.00809 0.01218 9.714304 2.8e-22 21.553377 61.279491 3.13e-13 0.951044 4 9288 ++++
rs7259620 A G 0.406659 0.010095 0.001041 0.008056 0.012135 9.701869 3.16e-22 21.500453 61.330097 3.06e-13 0.951084 4 9287 ++++
rs2075650 G A 0.155212 -0.016233 0.001677 -0.01952 -0.012946 -9.678702 3.96e-22 21.402033 29.994619 3.07e-07 0.933321 3 3754 --?-
rs11556505 T C 0.154914 -0.016204 0.001678 -0.019493 -0.012915 -9.657381 4.88e-22 21.311657 30.073483 2.95e-07 0.933496 3 3754 --?-
rs34404554 G C 0.154914 -0.016175 0.001679 -0.019465 -0.012885 -9.636087 6e-22 21.221594 30.152493 2.83e-07 0.93367 3 3754 --?-
rs12721046 A G 0.159026 -0.015957 0.001663 -0.019218 -0.012697 -9.592711 9.15e-22 21.038732 44.296351 2.41e-10 0.95485 3 3754 --?-
rs111789331 A T 0.160145 -0.01592 0.00166 -0.019174 -0.012666 -9.589415 9.44e-22 21.024871 43.145883 4.28e-10 0.953646 3 3754 --?-
rs66626994 A G 0.160224 -0.01582 0.001661 -0.019076 -0.012565 -9.525377 1.75e-21 20.756475 43.345727 3.87e-10 0.953859 3 3754 --?-
rs12972156 G C 0.155627 -0.015695 0.001679 -0.018985 -0.012404 -9.348865 9.42e-21 20.025809 32.123137 1.06e-07 0.93774 3 3754 --?-
rs12972970 A G 0.155627 -0.015695 0.001679 -0.018985 -0.012404 -9.348865 9.42e-21 20.025809 32.123137 1.06e-07 0.93774 3 3754 --?-
rs71352238 C T 0.158504 -0.015351 0.001673 -0.01863 -0.012073 -9.177448 4.69e-20 19.329052 30.096437 2.92e-07 0.933547 3 3754 --?-
rs34342646 A G 0.159041 -0.014753 0.001671 -0.018028 -0.011478 -8.828802 1.12e-18 17.950863 30.486089 2.4e-07 0.934396 3 3754 --?-
chr19:44893408:G:T T G 0.215158 -0.012862 0.001468 -0.01574 -0.009984 -8.759418 2.08e-18 17.682819 38.457747 4.46e-09 0.947995 3 3753 --?-
rs1081105 C A 0.039498 -0.025535 0.002922 -0.031262 -0.019809 -8.73984 2.47e-18 17.607559 32.665468 3.79e-07 0.90816 4 9288 ----
rs484195 A G 0.366879 0.009907 0.001136 0.007682 0.012133 8.725019 2.81e-18 17.550696 69.836171 6.66e-16 0.971362 3 7873 +++?
rs112019714 C T 0.039733 -0.025127 0.002899 -0.030809 -0.019445 -8.66713 4.68e-18 17.329491 29.703463 1.59e-06 0.899002 4 9288 ----
rs115881343 T C 0.039256 -0.025283 0.002917 -0.031002 -0.019565 -8.666475 4.71e-18 17.326998 31.505436 6.65e-07 0.904778 4 9251 ----
rs157594 T G 0.366842 0.009826 0.001135 0.007601 0.012052 8.65378 5.26e-18 17.278685 69.833798 6.66e-16 0.971361 3 7873 +++?
rs157595 A G 0.366631 0.009812 0.001135 0.007586 0.012037 8.642232 5.82e-18 17.234794 69.495626 7.77e-16 0.971221 3 7873 +++?
rs769450 A G 0.375248 0.008709 0.001058 0.006634 0.010783 8.228499 1.99e-16 15.700129 48.830249 1.42e-10 0.938563 4 9288 ++++
rs184017 G T 0.226242 -0.011873 0.001443 -0.014701 -0.009044 -8.227122 2.02e-16 15.695145 34.667888 2.96e-08 0.94231 3 3754 --?-
rs116881820 C T 0.037953 -0.024386 0.002973 -0.030212 -0.018559 -8.203179 2.46e-16 15.608594 28.914238 2.33e-06 0.896245 4 9288 ----
rs112849259 T C 0.03774 -0.024313 0.002978 -0.03015 -0.018477 -8.164882 3.38e-16 15.470664 28.702214 2.59e-06 0.895478 4 9286 ----
rs75687619 T G 0.03768 -0.024238 0.002972 -0.030064 -0.018412 -8.154417 3.69e-16 15.433083 29.76933 1.54e-06 0.899225 4 9287 ----
rs77301115 A G 0.037642 -0.024272 0.002978 -0.030109 -0.018435 -8.150587 3.81e-16 15.419339 28.580374 2.74e-06 0.895033 4 9288 ----
rs157581 C T 0.227219 -0.01175 0.001443 -0.014579 -0.008921 -8.141419 4.11e-16 15.386472 32.802105 7.54e-08 0.939028 3 3754 --?-
rs79398853 T C 0.037721 -0.024169 0.002974 -0.029997 -0.01834 -8.127362 4.61e-16 15.336142 29.513783 1.75e-06 0.898353 4 9285 ----
rs150966173 T C 0.038932 -0.023632 0.002912 -0.02934 -0.017923 -8.114301 5.14e-16 15.289457 32.648939 3.82e-07 0.908113 4 9253 ----
rs157582 T C 0.225752 -0.01171 0.001445 -0.014542 -0.008877 -8.102234 5.67e-16 15.246388 33.619003 5.01e-08 0.94051 3 3754 --?-
rs114536010 T C 0.037713 -0.024086 0.002974 -0.029916 -0.018257 -8.098475 5.85e-16 15.232986 29.118583 2.11e-06 0.896973 4 9279 ----
rs283815 G A 0.226483 -0.011686 0.001445 -0.014517 -0.008854 -8.089362 6.3e-16 15.200514 31.401597 1.52e-07 0.936309 3 3746 --?-
rs140480140 A G 0.04032 -0.023124 0.002886 -0.028781 -0.017467 -8.01167 1.19e-15 14.925147 29.298792 1.94e-06 0.897607 4 9288 ----
rs34878901 T C 0.372968 0.008398 0.001056 0.006328 0.010469 7.950035 1.96e-15 14.708527 47.462063 2.77e-10 0.936792 4 9288 ++++
rs283811 G A 0.226773 -0.011422 0.00144 -0.014245 -0.008599 -7.930683 2.29e-15 14.640851 32.955622 6.98e-08 0.939312 3 3754 --?-
rs8106922 G A 0.373249 0.008374 0.001057 0.006303 0.010446 7.924496 2.4e-15 14.619246 47.154647 3.22e-10 0.93638 4 9284 ++++
rs5117 C T 0.230503 -0.011351 0.001436 -0.014165 -0.008536 -7.905163 2.81e-15 14.551845 43.42632 3.72e-10 0.953945 3 3754 --?-
rs28399637 A G 0.326408 -0.008705 0.001103 -0.010866 -0.006544 -7.894695 3.05e-15 14.515417 33.169209 2.97e-07 0.909555 4 9282 ----
rs1305062 C G 0.372531 0.0083 0.001057 0.006227 0.010372 7.849983 4.36e-15 14.360353 48.051383 2.08e-10 0.937567 4 9288 +++-
rs440446 C G 0.34368 0.008433 0.001078 0.006321 0.010546 7.823818 5.37e-15 14.270009 71.059594 2.55e-15 0.957782 4 9288 ++++
rs483082 T G 0.231795 -0.011151 0.001433 -0.013961 -0.008342 -7.780867 7.55e-15 14.122337 40.955184 1.28e-09 0.951166 3 3754 --?-
rs438811 T C 0.231371 -0.011148 0.001434 -0.013958 -0.008338 -7.776237 7.83e-15 14.106464 40.754402 1.41e-09 0.950926 3 3754 --?-
rs7412 T C 0.065597 0.015263 0.001964 0.011413 0.019113 7.769884 8.23e-15 14.084703 44.343264 1.28e-09 0.932346 4 9275 ++++
rs3826688 T C 0.347199 0.008977 0.001158 0.006708 0.011245 7.754701 9.27e-15 14.03276 55.378353 9.43e-13 0.963885 3 7873 +++?
chr19:44909976:G:T T G 0.065627 0.015195 0.00196 0.011353 0.019037 7.75188 9.48e-15 14.023121 42.978643 2.49e-09 0.930198 4 9288 ++++
rs584007 A G 0.345947 0.008962 0.001158 0.006693 0.011232 7.739823 1.04e-14 13.98196 57.936818 2.63e-13 0.96548 3 7867 +++?
rs59325138 T C 0.370369 0.00825 0.001066 0.00616 0.01034 7.737626 1.06e-14 13.974464 46.976298 3.52e-10 0.936138 4 9288 ++++
rs2238681 T C 0.373308 0.008081 0.001058 0.006007 0.010155 7.637272 2.32e-14 13.634367 45.898353 5.96e-10 0.934638 4 9288 +++-
rs79701229 A G 0.017463 -0.032815 0.004364 -0.041368 -0.024262 -7.520053 5.72e-14 13.24257 20.137714 4.24e-05 0.900684 3 7873 ---?
rs188535946 A G 0.038619 -0.021918 0.002932 -0.027666 -0.016171 -7.475023 8.06e-14 13.093619 28.236373 3.24e-06 0.893754 4 9288 ----
rs3925681 A G 0.384695 0.008372 0.001123 0.006171 0.010573 7.455441 9.35e-14 13.029117 57.336863 3.54e-13 0.965118 3 7873 +++?
rs148601586 G C 0.016171 -0.03257 0.004422 -0.041238 -0.023902 -7.364737 1.85e-13 12.732478 29.074103 4.86e-07 0.93121 3 7873 ---?
rs7254133 T C 0.320202 -0.008603 0.001186 -0.010929 -0.006278 -7.251023 4.31e-13 12.36555 32.771675 7.65e-08 0.938972 3 7873 ---?
rs4803770 G C 0.348228 0.007829 0.001081 0.00571 0.009947 7.243662 4.55e-13 12.341987 48.962941 1.33e-10 0.938729 4 9288 ++++
rs157590 C A 0.454236 0.007834 0.001095 0.005687 0.009981 7.15198 8.9e-13 12.050461 19.921462 4.72e-05 0.899606 3 7873 +++?
rs4803772 T C 0.312543 0.008242 0.001181 0.005928 0.010556 6.980514 3.06e-12 11.514861 44.688891 1.98e-10 0.955246 3 7873 +++?
rs12721056 T G 0.316655 0.008 0.001178 0.005691 0.010308 6.791213 1.15e-11 10.938111 44.403461 2.28e-10 0.954958 3 7873 +++?
rs4803764 C T 0.283344 -0.007758 0.001153 -0.010018 -0.005498 -6.729244 1.77e-11 10.752624 35.970083 7.6e-08 0.916597 4 9288 ----
rs4803763 C G 0.287512 -0.007722 0.001149 -0.009973 -0.005471 -6.722856 1.85e-11 10.733597 37.365729 3.85e-08 0.919713 4 9288 ----
rs12462573 A G 0.283812 -0.007736 0.001151 -0.009992 -0.00548 -6.720737 1.87e-11 10.727289 35.983504 7.55e-08 0.916628 4 9288 ----
rs56317818 T C 0.28398 -0.007709 0.001151 -0.009965 -0.005454 -6.699028 2.17e-11 10.662777 36.142132 6.99e-08 0.916994 4 9288 ----
rs78959900 A G 0.31477 0.007883 0.00118 0.00557 0.010195 6.680738 2.46e-11 10.608577 43.375757 3.81e-10 0.953891 3 7852 +++?
rs11668327 C G 0.164337 0.008965 0.001365 0.006291 0.01164 6.570371 5.19e-11 10.284551 43.412981 2.01e-09 0.930896 4 9288 ++++
rs3745150 C G 0.375029 0.006957 0.001061 0.004877 0.009037 6.556426 5.7e-11 10.243981 33.981733 2e-07 0.911717 4 9288 ++++
rs73050205 A T 0.283833 -0.007523 0.001152 -0.009781 -0.005265 -6.530788 6.77e-11 10.169604 35.256315 1.08e-07 0.914909 4 9288 ----
rs2972559 G C 0.288885 -0.007443 0.001147 -0.009692 -0.005194 -6.486684 9.07e-11 10.04231 38.1011 2.69e-08 0.921262 4 9288 ----
rs10410835 T C 0.453644 0.006489 0.00101 0.00451 0.008468 6.426911 1.35e-10 9.871114 36.615966 5.55e-08 0.918069 4 9288 ++++
rs2927468 A G 0.455101 0.006457 0.00101 0.004477 0.008436 6.392201 1.69e-10 9.772397 36.683448 5.37e-08 0.918219 4 9288 ++++
rs35396326 G C 0.300102 -0.007145 0.001128 -0.009355 -0.004935 -6.336788 2.42e-10 9.615861 31.782868 5.81e-07 0.90561 4 9288 ----
rs60049679 C G 0.083599 -0.011808 0.001873 -0.015479 -0.008137 -6.303898 3e-10 9.523569 29.675715 1.61e-06 0.898907 4 9288 ----
rs73052307 C T 0.129209 0.00938 0.001494 0.006451 0.012309 6.277179 3.56e-10 9.448929 25.715566 1.09e-05 0.883339 4 9281 ++++
rs118170342 C T 0.053717 -0.016435 0.00262 -0.02157 -0.011299 -6.272721 3.66e-10 9.436504 36.752833 1.05e-08 0.945582 3 7873 ---?
rs157585 C A 0.450281 0.00645 0.001031 0.00443 0.008471 6.256763 4.05e-10 9.392102 25.199805 1.4e-05 0.880951 4 9288 ++++
rs157588 T C 0.450241 0.006402 0.00103 0.004383 0.008421 6.215617 5.27e-10 9.278111 25.340227 1.31e-05 0.881611 4 9288 +++-
rs2075649 G A 0.369796 0.006596 0.001065 0.004508 0.008684 6.192062 6.12e-10 9.213177 28.669587 2.63e-06 0.895359 4 9288 +++-
rs190712692 A G 0.043248 0.014681 0.002532 0.009717 0.019644 5.79697 6.93e-09 8.159093 31.480394 1.46e-07 0.936468 3 7873 +++?
rs117310449 T C 0.015475 -0.027378 0.004773 -0.036732 -0.018023 -5.736244 9.93e-09 8.002938 1.908424 0.385116 0 3 7873 ---?
rs141622900 A G 0.043988 0.013581 0.002375 0.008927 0.018236 5.719184 1.1e-08 7.959351 33.614105 2.39e-07 0.910752 4 9288 ++++
rs4802238 T C 0.328192 -0.006223 0.001095 -0.00837 -0.004077 -5.682206 1.36e-08 7.865293 32.900647 3.38e-07 0.908816 4 9288 ----
rs71352239 T C 0.298334 0.006711 0.001189 0.004381 0.009041 5.644421 1.7e-08 7.769782 17.734199 0.000141 0.887224 3 7873 +++?
rs449647 T A 0.163885 0.007615 0.001376 0.004918 0.010312 5.533924 3.21e-08 7.493929 47.932208 2.2e-10 0.937412 4 9288 ++++
rs2199575 A G 0.314098 -0.006125 0.001112 -0.008304 -0.003945 -5.507505 3.73e-08 7.428739 31.23766 7.58e-07 0.903962 4 9288 ----
rs74579864 C G 0.326282 -0.00604 0.001098 -0.008193 -0.003887 -5.499054 3.91e-08 7.407946 26.862246 6.29e-06 0.888319 4 9288 ----
rs144261139 A C 0.015514 -0.02609 0.004752 -0.035404 -0.016776 -5.490213 4.11e-08 7.386229 1.729442 0.421169 0 3 7868 ---?
rs12162222 T G 0.314428 -0.006065 0.001111 -0.008243 -0.003886 -5.456813 4.96e-08 7.304476 30.598947 1.03e-06 0.901957 4 9288 ----
rs7359852 C T 0.326969 -0.005974 0.001099 -0.008129 -0.003819 -5.433076 5.67e-08 7.246661 26.944723 6.05e-06 0.888661 4 9288 ----
rs3021439 A G 0.325664 -0.005967 0.001099 -0.008122 -0.003812 -5.426888 5.87e-08 7.231629 27.093254 5.63e-06 0.889271 4 9288 ----
rs73048293 A G 0.325933 -0.00596 0.0011 -0.008115 -0.003804 -5.419481 6.11e-08 7.213657 27.189967 5.37e-06 0.889665 4 9281 ----
rs73048288 C G 0.325563 -0.005949 0.0011 -0.008104 -0.003794 -5.410271 6.44e-08 7.191341 26.997972 5.89e-06 0.888881 4 9288 ----
rs2927480 C G 0.325682 -0.005946 0.0011 -0.008102 -0.003791 -5.407831 6.52e-08 7.185435 26.96031 6e-06 0.888725 4 9288 ----
rs12459575 A G 0.325903 -0.005937 0.001099 -0.008092 -0.003783 -5.400333 6.8e-08 7.167302 26.822693 6.41e-06 0.888154 4 9288 ----
rs157584 C T 0.456431 0.00555 0.001031 0.00353 0.007571 5.383407 7.47e-08 7.126455 17.258085 0.000625 0.826168 4 9288 +++-
rs4803762 A G 0.328828 -0.005772 0.001096 -0.00792 -0.003625 -5.268511 1.4e-07 6.852376 25.603609 1.15e-05 0.882829 4 9288 ----
rs10405693 T C 0.344345 -0.005665 0.001081 -0.007783 -0.003547 -5.242652 1.62e-07 6.791454 28.411788 2.98e-06 0.89441 4 9287 ----
rs10402524 C T 0.34491 -0.005665 0.001082 -0.007784 -0.003545 -5.237062 1.67e-07 6.778322 28.832444 2.43e-06 0.895951 4 9288 ----
rs6733839 T C 0.395263 -0.005526 0.001057 -0.007597 -0.003455 -5.229728 1.73e-07 6.761114 14.675373 0.002116 0.795576 4 9285 ----
rs10402271 G T 0.34479 -0.005657 0.001082 -0.007777 -0.003537 -5.229382 1.74e-07 6.760303 28.740778 2.54e-06 0.895619 4 9287 ----
rs10406338 C T 0.34795 -0.005535 0.001078 -0.007648 -0.003422 -5.13348 2.9e-07 6.537362 25.871211 1.01e-05 0.884041 4 9288 ----
rs10412413 T C 0.348082 -0.00551 0.001079 -0.007624 -0.003395 -5.1072 3.33e-07 6.476945 27.210632 5.32e-06 0.889749 4 9288 ----
rs4803758 T G 0.348127 -0.005476 0.001079 -0.00759 -0.003362 -5.07685 3.91e-07 6.407533 26.816094 6.43e-06 0.888127 4 9288 ----
rs41290120 A G 0.03909 0.012615 0.0025 0.007714 0.017515 5.045189 4.62e-07 6.335535 27.085538 5.65e-06 0.88924 4 9286 ++++
rs4803761 G A 0.33347 -0.005509 0.001092 -0.00765 -0.003369 -5.044411 4.64e-07 6.33377 25.60468 1.15e-05 0.882834 4 9288 ----
rs58132661 T A 0.348218 -0.00544 0.001079 -0.007554 -0.003326 -5.04403 4.65e-07 6.332907 26.685894 6.85e-06 0.887581 4 9288 ----
rs58826447 A T 0.348218 -0.00544 0.001079 -0.007554 -0.003326 -5.04403 4.65e-07 6.332907 26.685894 6.85e-06 0.887581 4 9288 ----
rs58446550 A C 0.348218 -0.00544 0.001079 -0.007554 -0.003326 -5.04403 4.65e-07 6.332907 26.685894 6.85e-06 0.887581 4 9288 ----
rs148933445 A G 0.017817 0.018528 0.003682 0.011311 0.025745 5.031864 4.95e-07 6.305357 8.800605 0.032063 0.659114 4 9288 +-++
rs11667241 C G 0.340912 -0.00538 0.001084 -0.007503 -0.003256 -4.964809 7e-07 6.154636 26.34668 8.07e-06 0.886134 4 9288 ----
rs10401157 A G 0.09454 -0.008585 0.001733 -0.011983 -0.005188 -4.952761 7.45e-07 6.127755 13.297215 0.004036 0.774389 4 9288 ----
rs754366 A G 0.094902 -0.008516 0.001731 -0.011909 -0.005123 -4.919458 8.84e-07 6.053768 11.779075 0.00818 0.745311 4 9288 ----
rs2004357 A G 0.095328 -0.008494 0.001727 -0.011879 -0.005109 -4.918629 8.87e-07 6.051932 14.278709 0.002549 0.789897 4 9288 ----
rs1114831 A C 0.094569 -0.008525 0.001734 -0.011924 -0.005125 -4.915298 9.02e-07 6.044558 12.922642 0.004807 0.767849 4 9288 ----
rs28620490 T C 0.09454 -0.008508 0.001734 -0.011906 -0.005111 -4.907933 9.37e-07 6.028272 12.788827 0.005116 0.76542 4 9288 ----
rs34545713 T C 0.09536 -0.008479 0.001731 -0.011871 -0.005087 -4.899216 9.79e-07 6.009025 14.183142 0.002666 0.788481 4 9288 ----
rs74667686 T C 0.051545 -0.011548 0.002359 -0.016171 -0.006924 -4.895488 9.98e-07 6.000802 0.9145 0.821927 0 4 9288 ----
rs7248421 T C 0.095064 -0.008467 0.001733 -0.011863 -0.005071 -4.886957 1.04e-06 5.98201 13.659813 0.003407 0.780378 4 9288 ----
rs10401823 G C 0.094902 -0.008437 0.001732 -0.011831 -0.005043 -4.871751 1.13e-06 5.948589 13.221202 0.004182 0.773092 4 9288 ----
rs17643262 A G 0.094667 -0.008416 0.001731 -0.011809 -0.005024 -4.862159 1.18e-06 5.927558 12.174329 0.006809 0.75358 4 9280 ----
rs10405086 T C 0.095003 -0.008401 0.00173 -0.011793 -0.00501 -4.854997 1.22e-06 5.911878 11.411111 0.009698 0.737098 4 9288 ----
rs12462040 T C 0.095256 -0.008399 0.00173 -0.01179 -0.005008 -4.854707 1.23e-06 5.911245 14.563705 0.00223 0.794008 4 9288 ----
rs78273125 T A 0.094881 -0.008388 0.001731 -0.011781 -0.004995 -4.845821 1.28e-06 5.891822 13.058423 0.004512 0.770263 4 9288 ----
rs74846209 T G 0.094832 -0.008359 0.00173 -0.01175 -0.004967 -4.830781 1.38e-06 5.859026 12.931883 0.004786 0.768015 4 9288 ----
rs1048699 T C 0.094837 -0.008353 0.00173 -0.011745 -0.004962 -4.827679 1.41e-06 5.852273 12.895905 0.004867 0.767368 4 9287 ----
rs406456 G A 0.413987 -0.004971 0.001033 -0.006995 -0.002947 -4.813002 1.51e-06 5.820378 10.943975 0.012033 0.725877 4 9288 ----
rs55923289 C T 0.134445 -0.007333 0.001527 -0.010325 -0.004341 -4.803084 1.59e-06 5.798875 19.590646 0.000206 0.846866 4 9287 ----
rs5167 G T 0.363313 -0.005063 0.001055 -0.007132 -0.002995 -4.79824 1.63e-06 5.788388 6.122131 0.105817 0.509975 4 9288 ----
rs1808389 G A 0.026631 -0.014488 0.003026 -0.020419 -0.008556 -4.787202 1.72e-06 5.76453 5.177291 0.159266 0.420546 4 9288 ----
rs4663105 C A 0.420847 -0.004984 0.001045 -0.007031 -0.002937 -4.771356 1.86e-06 5.730367 16.144289 0.001059 0.814176 4 9288 ---+
rs113321260 A G 0.094886 -0.008258 0.001734 -0.011656 -0.00486 -4.762767 1.94e-06 5.711894 12.741548 0.00523 0.76455 4 9288 ----
rs2927481 A C 0.345286 -0.005125 0.00108 -0.007241 -0.003009 -4.746655 2.1e-06 5.677322 26.395831 7.88e-06 0.886346 4 9288 ----
rs365653 G A 0.108028 0.007715 0.001628 0.004524 0.010906 4.738949 2.18e-06 5.660825 17.183846 0.000648 0.825417 4 9288 ++++
rs1160983 A G 0.026814 0.014441 0.003058 0.008447 0.020435 4.721992 2.37e-06 5.624614 9.868805 0.019715 0.696012 4 9288 ++++
rs2972558 C T 0.318216 0.005462 0.001158 0.003193 0.007731 4.718104 2.42e-06 5.616327 22.7982 1.12e-05 0.912274 3 7873 +++?
rs74337004 T C 0.062178 0.010067 0.002135 0.005882 0.014253 4.714348 2.46e-06 5.608327 12.146705 0.006897 0.753019 4 9288 +-++
rs77401305 A C 0.097906 -0.008008 0.001702 -0.011344 -0.004672 -4.704366 2.59e-06 5.587099 11.514509 0.009246 0.739459 4 9288 ----
rs8103315 A C 0.13588 -0.007103 0.001511 -0.010065 -0.004142 -4.701431 2.63e-06 5.580866 15.579062 0.001383 0.807434 4 9286 ----
rs9529177 T C 0.448691 -0.004817 0.001025 -0.006826 -0.002808 -4.699975 2.64e-06 5.577774 2.847611 0.415722 0 4 9288 ----
rs2427384 A G 0.217191 0.00577 0.001228 0.003364 0.008176 4.70031 2.64e-06 5.578487 0.532742 0.911641 0 4 9288 ++++
rs9529176 C A 0.435544 -0.004807 0.001024 -0.006815 -0.0028 -4.692926 2.74e-06 5.562822 1.467599 0.689769 0 4 9288 ----
rs73118751 A T 0.181898 -0.006223 0.00133 -0.008829 -0.003616 -4.678523 2.94e-06 5.532332 8.654252 0.034259 0.65335 4 9288 ----
rs5770893 T G 0.108638 -0.007546 0.001614 -0.01071 -0.004382 -4.674643 2.99e-06 5.524135 2.344527 0.504045 0 4 9286 ----
rs12634457 C T 0.163159 -0.006474 0.001387 -0.009192 -0.003757 -4.669475 3.07e-06 5.513224 11.069757 0.011355 0.728991 4 9288 ----
rs2927477 C T 0.113851 0.007327 0.001572 0.004245 0.010409 4.659428 3.22e-06 5.492045 3.404451 0.333368 0.118801 4 9288 +-++
rs75701613 C G 0.181957 -0.006183 0.00133 -0.008789 -0.003577 -4.650163 3.37e-06 5.472552 8.677089 0.033907 0.654262 4 9288 ----
rs73118749 T G 0.181777 -0.006187 0.001331 -0.008795 -0.003579 -4.649544 3.38e-06 5.471251 8.812732 0.031887 0.659583 4 9288 ----
rs6018357 G T 0.05236 -0.010843 0.002338 -0.015425 -0.00626 -4.637371 3.58e-06 5.445698 6.156029 0.104261 0.512673 4 9288 ----
rs41453248 C T 0.062618 -0.010064 0.002175 -0.014328 -0.005801 -4.626751 3.77e-06 5.423455 4.612855 0.202442 0.349644 4 9288 ----
rs111784051 G T 0.026152 0.015225 0.003299 0.008758 0.021691 4.614349 4e-06 5.397541 9.500704 0.008649 0.789489 3 7873 +++?
chr20:47245064:C:G G C 0.047118 -0.011221 0.002432 -0.015989 -0.006453 -4.61301 4.03e-06 5.394746 6.8184 0.077917 0.560014 4 9288 ----
rs28469095 C T 0.095497 -0.007964 0.001727 -0.011348 -0.004579 -4.612261 4.04e-06 5.393184 13.047053 0.004536 0.770063 4 9288 ----
rs6018359 T C 0.061999 -0.010024 0.00218 -0.014297 -0.005751 -4.597991 4.33e-06 5.363456 5.458697 0.14113 0.450418 4 9288 ----
rs111302855 T A 0.048113 -0.010823 0.002354 -0.015437 -0.006209 -4.597458 4.34e-06 5.362347 1.781128 0.61905 0 4 9288 -+--
rs59638000 T C 0.164213 -0.006335 0.001381 -0.009041 -0.003629 -4.588171 4.54e-06 5.343049 11.843516 0.007939 0.746697 4 9288 ----
rs2965112 G A 0.115311 0.007193 0.001569 0.004117 0.010269 4.58325 4.65e-06 5.332837 3.475086 0.324008 0.136712 4 9288 +-++
rs6018360 G C 0.062035 -0.009981 0.002179 -0.014252 -0.005711 -4.580809 4.7e-06 5.327776 5.529021 0.136913 0.457408 4 9288 ----
rs2664579 A C 0.062196 -0.009972 0.002179 -0.014243 -0.005701 -4.576057 4.81e-06 5.31793 5.458408 0.141148 0.450389 4 9288 ----
rs11143231 G C 0.039209 -0.012287 0.002693 -0.017565 -0.007008 -4.562413 5.13e-06 5.289712 2.364244 0.500325 0 4 9288 ----
rs2965113 C T 0.115311 0.007148 0.00157 0.004072 0.010225 4.554068 5.34e-06 5.272492 3.419984 0.331289 0.122803 4 9288 +-++
rs2967669 G A 0.115311 0.007148 0.00157 0.004072 0.010225 4.554068 5.34e-06 5.272492 3.419984 0.331289 0.122803 4 9288 +-++
rs73118766 A G 0.179948 -0.006089 0.001337 -0.00871 -0.003468 -4.553241 5.36e-06 5.270785 8.691408 0.033688 0.654832 4 9288 ----
rs11143228 G A 0.039261 -0.012246 0.002697 -0.017531 -0.00696 -4.540931 5.68e-06 5.245439 2.188268 0.534263 0 4 9288 ----
rs11776998 C T 0.049265 -0.010996 0.002422 -0.015743 -0.006249 -4.539746 5.71e-06 5.243004 3.055531 0.383142 0.018174 4 9288 ----
rs78823375 G A 0.059761 -0.009738 0.002148 -0.013948 -0.005528 -4.533369 5.89e-06 5.229901 3.555237 0.313668 0.156174 4 9288 -+--
rs2275801 G A 0.062843 -0.009805 0.002168 -0.014054 -0.005557 -4.523656 6.17e-06 5.209978 4.660274 0.198432 0.356261 4 9276 ----
rs406315 G A 0.392675 -0.004696 0.001038 -0.006731 -0.002661 -4.522351 6.2e-06 5.207305 9.624439 0.022044 0.688294 4 9288 ----
rs2967668 G A 0.112124 0.007161 0.001585 0.004055 0.010267 4.518495 6.32e-06 5.199408 3.417347 0.331641 0.122126 4 9288 +-++
rs11143224 A G 0.039322 -0.012166 0.002696 -0.01745 -0.006882 -4.512507 6.5e-06 5.187159 2.129562 0.545955 0 4 9272 ----
rs11143220 T G 0.03918 -0.012131 0.002693 -0.017409 -0.006853 -4.505158 6.73e-06 5.172145 1.906699 0.591996 0 4 9288 ----
rs12974942 T A 0.432874 -0.004686 0.00104 -0.006725 -0.002646 -4.503712 6.77e-06 5.169192 11.800292 0.0081 0.745769 4 9288 ----
rs7254892 A G 0.029664 0.013198 0.00293 0.007454 0.018941 4.503892 6.77e-06 5.169559 9.8562 0.019829 0.695623 4 9288 ++++
rs11143221 C T 0.039341 -0.012118 0.002691 -0.017392 -0.006844 -4.503399 6.78e-06 5.168553 2.217664 0.528478 0 4 9288 ----
rs12378977 A T 0.039341 -0.012118 0.002691 -0.017392 -0.006844 -4.503399 6.78e-06 5.168553 2.217664 0.528478 0 4 9288 ----
rs12378700 G A 0.039341 -0.012118 0.002691 -0.017392 -0.006844 -4.503399 6.78e-06 5.168553 2.217664 0.528478 0 4 9288 ----
rs11143223 C T 0.039376 -0.012118 0.002691 -0.017392 -0.006844 -4.503399 6.78e-06 5.168553 2.217664 0.528478 0 4 9288 ----
rs11143225 C T 0.039341 -0.012118 0.002691 -0.017392 -0.006844 -4.503399 6.78e-06 5.168553 2.217664 0.528478 0 4 9288 ----
rs17057565 A G 0.039341 -0.012118 0.002691 -0.017392 -0.006844 -4.503399 6.78e-06 5.168553 2.217664 0.528478 0 4 9288 ----
rs78180613 T C 0.039341 -0.012118 0.002691 -0.017392 -0.006844 -4.503399 6.78e-06 5.168553 2.217664 0.528478 0 4 9288 ----
rs7864929 T C 0.039341 -0.012118 0.002691 -0.017392 -0.006844 -4.503399 6.78e-06 5.168553 2.217664 0.528478 0 4 9288 ----
rs7850810 G A 0.039341 -0.012118 0.002691 -0.017392 -0.006844 -4.503399 6.78e-06 5.168553 2.217664 0.528478 0 4 9288 ----
rs7850819 C A 0.039341 -0.012118 0.002691 -0.017392 -0.006844 -4.503399 6.78e-06 5.168553 2.217664 0.528478 0 4 9288 ----
rs7854086 A T 0.039341 -0.012118 0.002691 -0.017392 -0.006844 -4.503399 6.78e-06 5.168553 2.217664 0.528478 0 4 9288 ----
rs7864354 A G 0.039341 -0.012118 0.002691 -0.017392 -0.006844 -4.503399 6.78e-06 5.168553 2.217664 0.528478 0 4 9288 ----
rs7854229 C T 0.039341 -0.012118 0.002691 -0.017392 -0.006844 -4.503399 6.78e-06 5.168553 2.217664 0.528478 0 4 9288 ----
rs7854622 C T 0.039341 -0.012118 0.002691 -0.017392 -0.006844 -4.503399 6.78e-06 5.168553 2.217664 0.528478 0 4 9288 ----
rs7864814 T G 0.039341 -0.012118 0.002691 -0.017392 -0.006844 -4.503399 6.78e-06 5.168553 2.217664 0.528478 0 4 9288 ----
rs7854774 C T 0.039341 -0.012118 0.002691 -0.017392 -0.006844 -4.503399 6.78e-06 5.168553 2.217664 0.528478 0 4 9288 ----
rs7867791 A G 0.039341 -0.012118 0.002691 -0.017392 -0.006844 -4.503399 6.78e-06 5.168553 2.217664 0.528478 0 4 9288 ----
rs7027719 G A 0.039341 -0.012118 0.002691 -0.017392 -0.006844 -4.503399 6.78e-06 5.168553 2.217664 0.528478 0 4 9288 ----
rs80111336 G A 0.039344 -0.012116 0.002691 -0.01739 -0.006841 -4.50235 6.82e-06 5.166413 2.205398 0.530886 0 4 9287 ----
rs11881591 A G 0.281519 0.005494 0.001221 0.003102 0.007887 4.500945 6.86e-06 5.163547 2.203208 0.332338 0.092233 3 7873 +++?
rs11143226 T C 0.039341 -0.01211 0.002691 -0.017384 -0.006836 -4.500318 6.88e-06 5.162268 2.211113 0.529763 0 4 9288 ----
rs3894654 T A 0.06261 -0.009392 0.002089 -0.013486 -0.005298 -4.496673 7e-06 5.154836 4.263669 0.234364 0.296381 4 9288 -+--
rs1023033 G A 0.419492 -0.004629 0.00103 -0.006648 -0.002611 -4.495272 7.05e-06 5.151983 1.865063 0.60088 0 4 9288 ----
rs75992634 T C 0.06253 -0.009391 0.002089 -0.013487 -0.005296 -4.49456 7.07e-06 5.150532 4.336248 0.22737 0.308158 4 9288 -+--
rs3795064 G C 0.187218 -0.006347 0.001412 -0.009115 -0.003579 -4.494295 7.08e-06 5.149991 11.846853 0.002676 0.831179 3 7873 ---?
rs111525696 G A 0.186834 -0.00635 0.001413 -0.009119 -0.00358 -4.493812 7.1e-06 5.149007 11.952861 0.002538 0.832676 3 7873 ---?
rs10501609 C G 0.060351 -0.00954 0.002125 -0.013704 -0.005375 -4.489693 7.23e-06 5.140623 4.375495 0.223668 0.314363 4 9288 -+--
rs13390911 C G 0.244847 0.005399 0.001204 0.003039 0.007759 4.48366 7.44e-06 5.128353 2.053421 0.561393 0 4 9288 ++++
rs9296142 C T 0.066486 0.009236 0.00206 0.005199 0.013274 4.483743 7.44e-06 5.128521 2.222363 0.527557 0 4 9287 +-++
rs77355849 T C 0.015821 0.019914 0.004442 0.011208 0.02862 4.483134 7.46e-06 5.127284 0.812886 0.666015 0 3 7873 +++?
rs72973561 T C 0.186834 -0.006331 0.001413 -0.0091 -0.003561 -4.480408 7.56e-06 5.121745 11.816839 0.002716 0.83075 3 7873 ---?
rs11670441 T C 0.186834 -0.006324 0.001413 -0.009094 -0.003555 -4.47594 7.71e-06 5.112675 11.771671 0.002779 0.830101 3 7873 ---?
rs11665845 A T 0.186834 -0.006324 0.001413 -0.009094 -0.003555 -4.47594 7.71e-06 5.112675 11.771671 0.002779 0.830101 3 7873 ---?
rs11143227 A G 0.039442 -0.012026 0.002689 -0.017298 -0.006755 -4.471674 7.87e-06 5.10402 2.101548 0.5516 0 4 9288 ----
rs61679753 A T 0.026245 0.014701 0.00329 0.008253 0.021149 4.468738 7.98e-06 5.09807 9.57169 0.008347 0.79105 3 7873 +++?
rs113353568 A G 0.186904 -0.006308 0.001413 -0.009077 -0.00354 -4.465712 8.09e-06 5.091939 11.651512 0.002951 0.828348 3 7873 ---?
rs78448597 C G 0.059528 -0.009606 0.002151 -0.013823 -0.00539 -4.465427 8.1e-06 5.091363 3.10399 0.375868 0.033502 4 9288 -+--
rs11143253 C T 0.037385 -0.01227 0.002748 -0.017656 -0.006884 -4.465321 8.11e-06 5.091148 3.353853 0.340217 0.105507 4 9288 ----
rs12466091 A G 0.245097 0.00538 0.001205 0.003018 0.007743 4.46357 8.17e-06 5.087603 2.010127 0.570307 0 4 9288 ++++
rs112422902 A G 0.028581 0.013004 0.002913 0.007294 0.018714 4.463513 8.18e-06 5.087489 13.224514 0.004175 0.773149 4 9288 ++++
rs139184624 T C 0.042125 -0.012179 0.002731 -0.017532 -0.006826 -4.459117 8.34e-06 5.078594 0.714438 0.699619 0 3 7873 ---?
rs74834851 T C 0.070858 -0.008624 0.001936 -0.012419 -0.004828 -4.453345 8.57e-06 5.066928 1.559573 0.668591 0 4 9286 ----
rs116264811 C T 0.080588 -0.008353 0.001876 -0.01203 -0.004676 -4.452315 8.61e-06 5.064848 1.872552 0.599276 0 4 9288 ----
rs142547591 T G 0.015873 -0.0204 0.004585 -0.029386 -0.011414 -4.449589 8.72e-06 5.059345 2.741742 0.253886 0.270537 3 3754 --?-
rs12432458 T C 0.080818 -0.008331 0.001873 -0.012003 -0.00466 -4.447706 8.8e-06 5.055544 1.995456 0.57335 0 4 9288 ----
rs79468145 A G 0.036209 0.012367 0.002781 0.006917 0.017818 4.447038 8.83e-06 5.054197 2.164274 0.53902 0 4 9288 +-++
rs78960480 A G 0.036199 0.012365 0.002781 0.006914 0.017816 4.445817 8.88e-06 5.051734 2.141353 0.543592 0 4 9285 +-++
rs77240545 A G 0.035659 0.012524 0.002817 0.007002 0.018046 4.445494 8.89e-06 5.051082 2.067815 0.558451 0 4 9288 +-++
rs141247486 A C 0.035624 0.012524 0.002817 0.007002 0.018046 4.445494 8.89e-06 5.051082 2.067815 0.558451 0 4 9288 +-++
rs113145738 A C 0.035624 0.012524 0.002817 0.007002 0.018046 4.445494 8.89e-06 5.051082 2.067815 0.558451 0 4 9288 +-++
rs186650116 A C 0.035624 0.012524 0.002817 0.007002 0.018046 4.445494 8.89e-06 5.051082 2.067815 0.558451 0 4 9288 +-++
rs2888902 A G 0.062943 -0.00926 0.002084 -0.013345 -0.005176 -4.444056 8.95e-06 5.048183 3.871514 0.275677 0.225109 4 9288 -+--
rs4899607 A T 0.0808 -0.008323 0.001875 -0.011997 -0.004649 -4.439705 9.13e-06 5.039415 2.127891 0.546291 0 4 9288 ----
rs79618501 A G 0.0808 -0.008323 0.001875 -0.011997 -0.004649 -4.439705 9.13e-06 5.039415 2.127891 0.546291 0 4 9288 ----
rs114510224 T C 0.035624 0.012504 0.002818 0.00698 0.018027 4.437012 9.25e-06 5.033994 2.053772 0.561322 0 4 9288 +-++
rs112920873 T C 0.035594 0.012504 0.002818 0.00698 0.018027 4.437012 9.25e-06 5.033994 2.053772 0.561322 0 4 9288 +-++
rs17057601 T C 0.037258 -0.012204 0.002751 -0.017595 -0.006813 -4.436693 9.26e-06 5.03335 3.338304 0.342347 0.10134 4 9288 ----
rs11848666 C T 0.080815 -0.008312 0.001875 -0.011986 -0.004637 -4.433597 9.39e-06 5.027121 2.077043 0.556571 0 4 9286 ----
rs8112710 T C 0.342574 0.004778 0.001078 0.002666 0.006891 4.432654 9.44e-06 5.025223 8.355442 0.03921 0.640953 4 9288 ++++
rs139671094 A G 0.060256 -0.009438 0.00213 -0.013612 -0.005264 -4.431905 9.47e-06 5.023717 4.930086 0.176989 0.391491 4 9288 -+--
rs9571711 T C 0.417522 -0.004558 0.001029 -0.006574 -0.002542 -4.431754 9.48e-06 5.023413 1.79943 0.615059 0 4 9288 ----
rs79939947 C T 0.080818 -0.0083 0.001873 -0.011972 -0.004629 -4.431151 9.5e-06 5.022201 2.067908 0.558432 0 4 9288 ----
rs75427813 A G 0.035624 0.012485 0.002818 0.006962 0.018009 4.430424 9.53e-06 5.02074 2.040585 0.564026 0 4 9288 +-++
rs11847559 A G 0.08077 -0.008306 0.001875 -0.011981 -0.00463 -4.429335 9.58e-06 5.018552 2.172036 0.537477 0 4 9288 ----
rs143927902 T C 0.0401 -0.011649 0.00263 -0.016804 -0.006494 -4.429039 9.59e-06 5.017957 5.356015 0.147509 0.439882 4 9288 ----
rs77597306 A T 0.035659 0.012474 0.002817 0.006952 0.017995 4.427578 9.66e-06 5.015019 2.03187 0.565818 0 4 9288 +-++
rs9819990 C T 0.036439 0.012299 0.002778 0.006854 0.017745 4.427082 9.68e-06 5.014023 2.079834 0.556003 0 4 9288 +-++
rs9878314 G A 0.036304 0.012412 0.002806 0.006912 0.017912 4.423341 9.85e-06 5.006511 1.974872 0.577638 0 4 9288 +-++
