rs_number reference_allele other_allele eaf beta se beta_95L beta_95U z p-value -log10_p-value q_statistic q_p-value i2 n_studies n_samples effects
rs719070 A G 0.180832 0.093286 0.015211 0.063472 0.1231 6.132691 8.9e-10 9.050554 0.819506 0.365325 0 2 13182 ++
rs12958244 A C 0.153951 0.086569 0.015741 0.055717 0.117421 5.499577 3.9e-08 7.409233 0.012422 0.911258 0 2 13554 ++
rs34049053 A G 0.154104 0.086534 0.015739 0.055685 0.117383 5.498025 3.93e-08 7.405416 0.012512 0.910935 0 2 13557 ++
rs67099044 A C 0.149955 0.086803 0.015965 0.055511 0.118094 5.437088 5.54e-08 7.256417 0.004463 0.946739 0 2 13557 ++
rs12456833 T C 0.149869 0.086835 0.015987 0.0555 0.118171 5.431459 5.72e-08 7.242733 0.003671 0.951684 0 2 13557 ++
rs7223559 A G 0.299704 0.07631 0.015769 0.045402 0.107218 4.839113 1.33e-06 5.877184 2.671733 0.102145 0.625711 2 7212 ++
rs77945491 C T 0.176095 0.071076 0.014982 0.041711 0.100441 4.744024 2.13e-06 5.671687 0.000458 0.982928 0 2 13185 ++
rs72764246 A G 0.021357 -0.18721 0.039641 -0.264905 -0.109514 -4.722685 2.37e-06 5.62609 4.976697 0.025691 0.799063 2 13554 --
rs34263279 A G 0.151287 0.073106 0.015812 0.042115 0.104097 4.623506 3.83e-06 5.416669 0.078727 0.779031 0 2 13557 ++
rs2168901 G A 0.119659 -0.082388 0.01787 -0.117413 -0.047364 -4.610524 4.08e-06 5.389561 0.001625 0.967846 0 2 13557 --
rs78901752 A T 0.175595 0.069078 0.014993 0.039691 0.098466 4.607226 4.14e-06 5.382686 0.009314 0.923117 0 2 13185 ++
rs61211846 T C 0.119096 -0.082342 0.017898 -0.117423 -0.047262 -4.600629 4.28e-06 5.368945 0.001673 0.967374 0 2 13557 --
rs17182286 A G 0.382032 0.054025 0.011783 0.030931 0.07712 4.584998 4.61e-06 5.336465 0.056557 0.812023 0 2 13557 ++
rs12301525 C T 0.119139 -0.08197 0.017884 -0.117024 -0.046917 -4.583363 4.64e-06 5.333073 0.000886 0.976254 0 2 13557 --
rs17114680 C T 0.119139 -0.08197 0.017884 -0.117024 -0.046917 -4.583363 4.64e-06 5.333073 0.000886 0.976254 0 2 13557 --
rs12298691 G C 0.119671 -0.081712 0.017853 -0.116704 -0.04672 -4.576909 4.79e-06 5.319694 0.015266 0.901667 0 2 13557 --
rs12312329 G A 0.119698 -0.081705 0.017853 -0.116697 -0.046713 -4.576533 4.8e-06 5.318916 0.015225 0.901798 0 2 13554 --
rs721750 C T 0.119595 -0.081569 0.01786 -0.116575 -0.046564 -4.567211 5.02e-06 5.299625 0.002551 0.959716 0 2 13557 --
rs67134794 G A 0.365467 0.055031 0.01205 0.031413 0.078648 4.566989 5.02e-06 5.299168 0.776282 0.378281 0 2 13185 ++
rs1458603 T C 0.118968 -0.081556 0.017861 -0.116563 -0.046549 -4.566183 5.04e-06 5.297502 0.016052 0.89918 0 2 13557 --
rs7138539 T A 0.119429 -0.081621 0.017883 -0.116672 -0.046571 -4.564215 5.09e-06 5.293433 0.000118 0.991342 0 2 13557 --
rs12322144 C T 0.119443 -0.081469 0.017863 -0.116481 -0.046458 -4.560766 5.17e-06 5.28631 0.001455 0.969574 0 2 13557 --
rs34444250 A C 0.119443 -0.081469 0.017863 -0.116481 -0.046458 -4.560766 5.17e-06 5.28631 0.001455 0.969574 0 2 13557 --
rs10066796 A G 0.042241 -0.135844 0.029822 -0.194295 -0.077393 -4.555194 5.31e-06 5.274814 0.024739 0.87502 0 2 13549 --
rs80338356 A G 0.328454 0.055464 0.012185 0.031582 0.079346 4.551875 5.4e-06 5.26797 0.363872 0.546364 0 2 13557 ++
rs1379951 A T 0.122415 -0.082539 0.018147 -0.118107 -0.046971 -4.548331 5.49e-06 5.260669 0.001077 0.97382 0 2 13185 --
rs11640040 T A 0.341628 0.0544 0.01197 0.030939 0.077861 4.544659 5.58e-06 5.253109 0.250045 0.617044 0 2 13557 ++
rs12581315 T A 0.119108 -0.081169 0.017867 -0.116188 -0.04615 -4.542998 5.63e-06 5.249691 0.003081 0.955736 0 2 13557 --
rs12425622 G A 0.119108 -0.081169 0.017867 -0.116188 -0.04615 -4.542998 5.63e-06 5.249691 0.003081 0.955736 0 2 13557 --
rs72484626 G A 0.115359 -0.081695 0.018019 -0.117012 -0.046377 -4.533787 5.88e-06 5.230761 0.000888 0.976233 0 2 13557 --
rs74812529 G A 0.174376 0.068196 0.015044 0.03871 0.097683 4.533124 5.9e-06 5.229399 0.001933 0.964934 0 2 13185 ++
rs7978152 T G 0.118986 -0.080798 0.017869 -0.115822 -0.045775 -4.521674 6.22e-06 5.205917 0.01396 0.905948 0 2 13557 --
rs73355620 G A 0.118986 -0.080798 0.017869 -0.115822 -0.045775 -4.521674 6.22e-06 5.205917 0.01396 0.905948 0 2 13557 --
rs1338109 T A 0.256829 0.059845 0.013243 0.033887 0.085802 4.518813 6.31e-06 5.200058 0.5614 0.453697 0 2 13185 ++
rs12214630 T C 0.081551 -0.099351 0.02199 -0.142452 -0.05625 -4.51799 6.33e-06 5.198374 0.39035 0.532116 0 2 13185 --
rs72801516 G A 0.334655 0.054764 0.012127 0.030996 0.078532 4.516029 6.39e-06 5.194362 0.940053 0.332264 0 2 13557 ++
rs12315112 T A 0.122368 -0.081802 0.018121 -0.11732 -0.046284 -4.514135 6.45e-06 5.190487 0.004428 0.946948 0 2 13185 --
rs1379955 C T 0.122403 -0.081748 0.018116 -0.117254 -0.046241 -4.512524 6.5e-06 5.187192 0.003999 0.949576 0 2 13185 --
rs66504828 A T 0.152639 0.07108 0.01576 0.040189 0.10197 4.510008 6.58e-06 5.18205 0.131616 0.716763 0 2 13557 ++
rs7313257 C T 0.122296 -0.081768 0.018134 -0.117311 -0.046225 -4.509059 6.61e-06 5.180111 0.003694 0.951533 0 2 13185 --
rs9370005 T C 0.082337 -0.098682 0.021888 -0.141582 -0.055781 -4.508502 6.62e-06 5.178973 0.325346 0.568412 0 2 13181 --
rs11180371 T A 0.118493 -0.080676 0.017915 -0.115789 -0.045564 -4.503376 6.78e-06 5.168506 0.059085 0.807947 0 2 13557 --
rs149549557 T C 0.018825 -0.186695 0.041474 -0.267985 -0.105406 -4.501498 6.84e-06 5.164674 0.002641 0.959015 0 2 13455 --
rs2648707 C T 0.037643 -0.142165 0.031601 -0.204104 -0.080227 -4.49872 6.93e-06 5.159009 0.295636 0.586632 0 2 13556 --
rs73355618 G A 0.114698 -0.081126 0.018034 -0.116472 -0.04578 -4.498614 6.94e-06 5.158792 0.01536 0.901366 0 2 13557 --
rs7959097 T C 0.1179 -0.080613 0.017924 -0.115745 -0.045481 -4.497387 6.98e-06 5.156292 0.057641 0.810264 0 2 13557 --
rs11664515 G A 0.152605 0.070861 0.015758 0.039975 0.101746 4.496857 7e-06 5.155211 0.128641 0.719845 0 2 13557 ++
rs12314773 A G 0.115849 -0.080959 0.018017 -0.116272 -0.045647 -4.493618 7.1e-06 5.148613 0.058774 0.808445 0 2 13557 --
rs7194365 G A 0.336288 0.054265 0.01209 0.030568 0.077961 4.488362 7.28e-06 5.137914 0.450965 0.501877 0 2 13557 ++
rs1379956 C T 0.12225 -0.081333 0.018122 -0.116852 -0.045814 -4.488143 7.29e-06 5.137468 0.003763 0.951088 0 2 13185 --
rs11180376 A G 0.12176 -0.081408 0.018141 -0.116965 -0.045851 -4.487468 7.31e-06 5.136096 0.007357 0.931646 0 2 13185 --
rs146629787 A G 0.039972 -0.13046 0.029074 -0.187444 -0.073475 -4.487219 7.32e-06 5.135588 0.028028 0.867043 0 2 13557 --
rs13202612 T A 0.081648 -0.098664 0.021987 -0.141759 -0.055569 -4.487294 7.32e-06 5.135742 0.326128 0.567948 0 2 13185 --
rs7194948 G C 0.341859 0.05401 0.012045 0.030403 0.077618 4.484191 7.42e-06 5.129431 0.304372 0.581154 0 2 13557 ++
rs12313261 T C 0.115974 -0.08067 0.018002 -0.115955 -0.045386 -4.481117 7.53e-06 5.123185 0.064061 0.800189 0 2 13554 --
rs10506673 T C 0.121897 -0.081136 0.018118 -0.116648 -0.045625 -4.478162 7.64e-06 5.117184 0.047539 0.827403 0 2 13181 --
rs58510747 A G 0.14817 0.071628 0.015998 0.040271 0.102985 4.477217 7.67e-06 5.115266 0.832968 0.361416 0 2 13185 ++
rs11596481 G A 0.157767 0.068914 0.015396 0.038739 0.09909 4.476189 7.71e-06 5.113179 0.534737 0.464622 0 2 13556 ++
rs12207297 T C 0.117217 0.078291 0.01753 0.043933 0.11265 4.466167 8.07e-06 5.092862 0.002049 0.963896 0 2 13557 ++
rs11834361 C A 0.122578 -0.080873 0.018128 -0.116403 -0.045343 -4.461289 8.26e-06 5.082988 0.052807 0.818249 0 2 13143 --
rs7978855 A G 0.118405 -0.079752 0.017903 -0.114843 -0.044662 -4.454592 8.52e-06 5.069447 0.136837 0.711446 0 2 13556 --
rs7979085 A G 0.118349 -0.079633 0.017906 -0.114729 -0.044536 -4.447161 8.82e-06 5.054445 0.134741 0.713566 0 2 13557 --
rs2815621 C G 0.035276 -0.140014 0.031517 -0.201787 -0.078241 -4.44251 9.01e-06 5.045067 1.051045 0.305267 0.048566 2 13557 --
rs35975554 G A 0.142955 0.072179 0.016248 0.040333 0.104025 4.44238 9.02e-06 5.044805 1.061054 0.302975 0.057541 2 13557 +-
rs12304388 C A 0.118978 -0.079516 0.017906 -0.114612 -0.04442 -4.440725 9.09e-06 5.04147 0.133872 0.714451 0 2 13551 --
rs1004888390 G C 0.080134 -0.098824 0.022261 -0.142456 -0.055192 -4.439306 9.15e-06 5.038612 0.222192 0.637375 0 2 13185 --
