rs_number reference_allele other_allele eaf beta se beta_95L beta_95U z p-value -log10_p-value q_statistic q_p-value i2 n_studies n_samples effects
rs429358 C T 0.140369 -0.015817 0.001717 -0.019183 -0.012451 -9.209802 3.47e-20 19.459597 3.393839 0.183247 0.410697 3 3072 --?-
rs10414043 A G 0.115314 -0.0167 0.001865 -0.020355 -0.013045 -8.954683 3.61e-19 18.442445 6.19691 0.045119 0.677258 3 3074 --?-
rs7256200 T G 0.115314 -0.0167 0.001865 -0.020355 -0.013045 -8.954683 3.61e-19 18.442445 6.19691 0.045119 0.677258 3 3074 --?-
rs769449 A G 0.113394 -0.016426 0.001881 -0.020112 -0.012739 -8.733261 2.62e-18 17.582305 8.543089 0.01396 0.765893 3 3074 --?-
rs34095326 A G 0.115339 -0.012507 0.00148 -0.015408 -0.009606 -8.448768 3.1e-17 16.50804 3.802532 0.283592 0.211052 4 6932 ----
rs73052335 C A 0.124066 -0.014915 0.001811 -0.018464 -0.011366 -8.236381 1.87e-16 15.728679 4.043217 0.132442 0.505344 3 3074 --?-
rs6857 T C 0.165199 -0.013303 0.001617 -0.016473 -0.010133 -8.225955 2.04e-16 15.690919 1.165173 0.558452 0 3 3074 --?-
rs56131196 A G 0.174937 -0.012642 0.001585 -0.015749 -0.009536 -7.976008 1.59e-15 14.799613 1.358831 0.506913 0 3 3072 --?-
rs4420638 G A 0.174791 -0.012612 0.001586 -0.01572 -0.009504 -7.952895 1.91e-15 14.718544 1.459246 0.482091 0 3 3071 --?-
rs12721051 G C 0.174843 -0.012471 0.001586 -0.015579 -0.009363 -7.864769 3.88e-15 14.411539 1.457637 0.482479 0 3 3074 --?-
rs10119 A G 0.292505 -0.007857 0.001036 -0.009887 -0.005826 -7.583276 3.52e-14 13.45316 0.157142 0.984192 0 4 6932 ----
rs2075650 G A 0.142111 -0.013036 0.001723 -0.016413 -0.00966 -7.567617 3.97e-14 13.400839 2.570469 0.276586 0.221932 3 3074 --?-
rs11556505 T C 0.141774 -0.013003 0.001723 -0.016381 -0.009625 -7.544883 4.73e-14 13.32507 2.580627 0.275184 0.224995 3 3074 --?-
rs34404554 G C 0.141774 -0.01297 0.001724 -0.016349 -0.00959 -7.522177 5.63e-14 13.249615 2.590925 0.273771 0.228075 3 3074 --?-
rs111789331 A T 0.146343 -0.012731 0.001706 -0.016074 -0.009388 -7.464363 8.74e-14 13.058486 3.881642 0.143586 0.484754 3 3074 --?-
rs66626994 A G 0.14658 -0.012625 0.001706 -0.015968 -0.009281 -7.400362 1.42e-13 12.848567 3.584096 0.166619 0.441979 3 3074 --?-
rs12721046 A G 0.145002 -0.012633 0.00171 -0.015985 -0.009281 -7.386452 1.57e-13 12.803172 4.45728 0.107675 0.551296 3 3074 --?-
rs75627662 T C 0.194256 -0.008626 0.001204 -0.010986 -0.006267 -7.166358 8.02e-13 12.09594 2.568692 0.463005 0 4 6932 ----
rs12972156 G C 0.141917 -0.012339 0.001727 -0.015723 -0.008955 -7.146391 9.27e-13 12.032803 1.73601 0.419788 0 3 3074 --?-
rs12972970 A G 0.141917 -0.012339 0.001727 -0.015723 -0.008955 -7.146391 9.27e-13 12.032803 1.73601 0.419788 0 3 3074 --?-
rs71352238 C T 0.145534 -0.012108 0.001718 -0.015475 -0.008742 -7.049577 1.87e-12 11.72908 2.286281 0.318816 0.125217 3 3074 --?-
chr19:44893408:G:T T G 0.201322 -0.010317 0.001503 -0.013263 -0.007371 -6.864032 6.95e-12 11.158165 1.471313 0.479191 0 3 3073 --?-
rs34342646 A G 0.145435 -0.011521 0.001718 -0.014888 -0.008155 -6.70799 2.04e-11 10.689383 1.251278 0.53492 0 3 3074 --?-
rs147711004 A G 0.031868 -0.018168 0.002773 -0.023603 -0.012734 -6.55275 5.84e-11 10.2333 6.65015 0.083925 0.548882 4 6932 ----
rs5117 C T 0.216356 -0.009284 0.00147 -0.012165 -0.006404 -6.317575 2.74e-10 9.561892 2.747889 0.253107 0.272169 3 3074 --?-
rs41289512 G C 0.038251 -0.016028 0.002539 -0.021003 -0.011052 -6.313769 2.81e-10 9.55122 10.690064 0.013525 0.719366 4 6932 ----
rs184017 G T 0.212717 -0.009276 0.001476 -0.012169 -0.006382 -6.283852 3.41e-10 9.467542 0.368682 0.831652 0 3 3074 --?-
rs483082 T G 0.217664 -0.00911 0.001466 -0.011984 -0.006236 -6.213122 5.36e-10 9.271222 2.42988 0.296728 0.176914 3 3074 --?-
rs157581 C T 0.213668 -0.009157 0.001476 -0.012049 -0.006264 -6.204185 5.67e-10 9.246566 0.234025 0.889574 0 3 3074 --?-
rs438811 T C 0.217409 -0.009098 0.001467 -0.011973 -0.006224 -6.203932 5.68e-10 9.24587 2.179254 0.336342 0.082255 3 3074 --?-
rs157582 T C 0.211928 -0.009087 0.001478 -0.011985 -0.00619 -6.147191 8.13e-10 9.090133 0.316092 0.853811 0 3 3074 --?-
rs283815 G A 0.213077 -0.009054 0.001477 -0.011949 -0.006159 -6.130049 9.05e-10 9.043353 0.311107 0.855941 0 3 3069 --?-
rs283811 G A 0.213031 -0.008869 0.001474 -0.011758 -0.005981 -6.017791 1.82e-09 8.740078 0.070102 0.965556 0 3 3074 --?-
rs146275714 A G 0.019103 -0.021294 0.003571 -0.028293 -0.014295 -5.963251 2.54e-09 8.594662 14.346183 0.00247 0.790885 4 6932 ----
rs28399664 G C 0.018406 -0.020699 0.003626 -0.027805 -0.013592 -5.708875 1.17e-08 7.93307 12.120108 0.006983 0.752477 4 6932 ----
rs12691088 A G 0.019244 -0.020055 0.003544 -0.027001 -0.013109 -5.658994 1.56e-08 7.806547 13.046206 0.004538 0.770048 4 6932 ----
rs1038026 G A 0.436912 0.005029 0.000961 0.003145 0.006914 5.231508 1.72e-07 6.765287 2.14472 0.542919 0 4 6932 ++++
rs1160985 T C 0.436862 0.00502 0.000961 0.003136 0.006904 5.222016 1.81e-07 6.743042 2.16061 0.539749 0 4 6932 ++++
rs760136 G A 0.436918 0.005015 0.000961 0.003131 0.006899 5.218081 1.85e-07 6.733829 2.159506 0.539968 0 4 6932 ++++
rs741780 C T 0.437085 0.00494 0.000961 0.003057 0.006824 5.141801 2.78e-07 6.556553 2.153247 0.541216 0 4 6932 ++++
rs1038025 C T 0.436785 0.004919 0.000963 0.003032 0.006806 5.109008 3.3e-07 6.481093 2.147617 0.54234 0 4 6932 ++++
rs7259620 A G 0.43349 0.004844 0.00096 0.002963 0.006725 5.046513 4.59e-07 6.338537 2.728837 0.435349 0 4 6931 ++++
rs17220908 T C 0.070064 -0.00934 0.001896 -0.013056 -0.005623 -4.924984 8.59e-07 6.066012 6.845558 0.032622 0.70784 3 6599 -?--
rs9638321 G C 0.318086 0.00495 0.001014 0.002963 0.006938 4.881055 1.07e-06 5.969027 0.667805 0.880749 0 4 6932 +-++
rs10225008 A C 0.31785 0.004949 0.001014 0.002961 0.006938 4.878906 1.09e-06 5.964302 0.748494 0.861743 0 4 6932 +-++
rs74834851 T C 0.069398 -0.008851 0.001819 -0.012417 -0.005285 -4.864656 1.17e-06 5.933029 0.524193 0.913545 0 4 6932 ----
rs4717137 A G 0.31808 0.004912 0.001013 0.002926 0.006899 4.847078 1.27e-06 5.894569 0.692756 0.874906 0 4 6932 +-++
rs8106922 G A 0.394945 0.004634 0.000973 0.002727 0.006542 4.761529 1.95e-06 5.709232 3.191384 0.363048 0.059969 4 6930 +++-
rs58142675 T G 0.015009 -0.019015 0.003999 -0.026853 -0.011176 -4.754456 2.02e-06 5.694047 0.971833 0.615133 0 3 5891 ---?
rs57349827 G A 0.015009 -0.019015 0.003999 -0.026853 -0.011176 -4.754456 2.02e-06 5.694047 0.971833 0.615133 0 3 5891 ---?
rs28644184 T C 0.458439 -0.00453 0.000958 -0.006407 -0.002653 -4.731088 2.27e-06 5.644023 2.533036 0.46935 0 4 6931 ----
rs12423334 T C 0.412574 -0.004526 0.000963 -0.006414 -0.002638 -4.697952 2.67e-06 5.573482 2.749238 0.431925 0 4 6932 ----
rs769450 A G 0.398262 0.004577 0.000975 0.002665 0.006488 4.692518 2.74e-06 5.561956 3.352002 0.34047 0.105012 4 6932 +++-
rs147091659 G A 0.01517 -0.018866 0.004022 -0.026749 -0.010982 -4.69042 2.77e-06 5.55751 2.109233 0.348326 0.051788 3 5891 -+-?
rs79514756 G T 0.22313 0.005321 0.001138 0.003091 0.007551 4.67724 2.95e-06 5.52962 2.280601 0.516247 0 4 6932 +-++
rs28588142 T C 0.180786 -0.005703 0.001223 -0.008099 -0.003307 -4.664557 3.14e-06 5.502851 0.098049 0.99207 0 4 6932 ----
rs34878901 T C 0.395377 0.004538 0.000973 0.002631 0.006446 4.663947 3.15e-06 5.501566 2.900318 0.407251 0 4 6932 +++-
rs6572472 C T 0.225154 0.005291 0.001135 0.003066 0.007516 4.661103 3.19e-06 5.495574 1.996698 0.573092 0 4 6932 +-++
rs9845438 C A 0.229855 -0.00526 0.001133 -0.007481 -0.003039 -4.641585 3.51e-06 5.454537 4.053859 0.255707 0.259964 4 6932 -+--
rs75592842 A G 0.081334 -0.007896 0.001701 -0.01123 -0.004562 -4.641544 3.51e-06 5.45445 1.486418 0.685409 0 4 6932 ----
rs144480040 A G 0.014025 -0.019569 0.004222 -0.027843 -0.011295 -4.635468 3.62e-06 5.441709 3.612139 0.164299 0.446311 3 5891 -+-?
rs75220298 G A 0.043111 -0.010816 0.002336 -0.015394 -0.006237 -4.630203 3.71e-06 5.430679 0.265277 0.966421 0 4 6932 ----
rs79506809 A C 0.061751 0.009069 0.001961 0.005224 0.012913 4.623588 3.83e-06 5.416839 2.590466 0.459163 0 4 6932 +++-
rs9296142 C T 0.067508 0.008771 0.001901 0.005045 0.012497 4.613958 4.01e-06 5.396725 2.550878 0.466166 0 4 6931 ++++
rs1305062 C G 0.394678 0.004489 0.000974 0.00258 0.006398 4.609717 4.09e-06 5.387878 2.869408 0.412201 0 4 6932 +++-
rs75303647 T C 0.122362 -0.006637 0.001443 -0.009465 -0.003808 -4.599115 4.31e-06 5.365796 4.908762 0.178601 0.388848 4 6932 ---+
rs12537953 T C 0.320531 0.004666 0.001015 0.002676 0.006655 4.596476 4.36e-06 5.360305 1.180193 0.757759 0 4 6932 +-++
rs62476444 G A 0.322053 0.004643 0.001013 0.002657 0.00663 4.581925 4.68e-06 5.330091 0.895085 0.826614 0 4 6932 +-++
rs79211907 A G 0.016467 -0.016806 0.003674 -0.024008 -0.009605 -4.574272 4.85e-06 5.314234 8.618924 0.034811 0.651929 4 6932 ---+
rs73324731 A G 0.04911 -0.009996 0.002195 -0.014298 -0.005695 -4.554723 5.32e-06 5.273841 7.887824 0.048388 0.619667 4 6932 -+--
rs9529176 C A 0.433571 -0.004302 0.000945 -0.006155 -0.00245 -4.551285 5.41e-06 5.266754 2.689546 0.442007 0 4 6932 ----
rs73324729 A G 0.048931 -0.010003 0.002198 -0.014312 -0.005694 -4.550148 5.44e-06 5.264412 7.793313 0.050482 0.615055 4 6932 -+--
rs73799183 A C 0.048931 -0.010003 0.002198 -0.014312 -0.005694 -4.550148 5.44e-06 5.264412 7.793313 0.050482 0.615055 4 6932 -+--
rs73324732 A C 0.048931 -0.010003 0.002198 -0.014312 -0.005694 -4.550148 5.44e-06 5.264412 7.793313 0.050482 0.615055 4 6932 -+--
rs73324733 G C 0.048931 -0.010003 0.002198 -0.014312 -0.005694 -4.550148 5.44e-06 5.264412 7.793313 0.050482 0.615055 4 6932 -+--
rs10515851 C G 0.048931 -0.010003 0.002198 -0.014312 -0.005694 -4.550148 5.44e-06 5.264412 7.793313 0.050482 0.615055 4 6932 -+--
rs73324741 A T 0.048931 -0.010003 0.002198 -0.014312 -0.005694 -4.550148 5.44e-06 5.264412 7.793313 0.050482 0.615055 4 6932 -+--
rs73324747 T C 0.048931 -0.010003 0.002198 -0.014312 -0.005694 -4.550148 5.44e-06 5.264412 7.793313 0.050482 0.615055 4 6932 -+--
rs73324751 G A 0.048992 -0.010003 0.002198 -0.014312 -0.005694 -4.550148 5.44e-06 5.264412 7.793313 0.050482 0.615055 4 6932 -+--
rs17061334 C T 0.048937 -0.010002 0.002199 -0.014312 -0.005693 -4.549433 5.46e-06 5.262939 7.793814 0.050471 0.615079 4 6931 -+--
rs10849893 G C 0.416892 -0.004373 0.000962 -0.006258 -0.002488 -4.547638 5.51e-06 5.259242 2.030322 0.566137 0 4 6932 ----
rs73324750 C G 0.048931 -0.00998 0.0022 -0.014291 -0.005669 -4.537058 5.79e-06 5.237479 7.781071 0.05076 0.614449 4 6932 -+--
rs77553312 C A 0.072609 -0.008379 0.001849 -0.012002 -0.004755 -4.532271 5.92e-06 5.227647 12.286709 0.006463 0.755834 4 6931 ----
rs532156473 T A 0.048995 -0.009973 0.002201 -0.014287 -0.00566 -4.531846 5.93e-06 5.226775 7.275199 0.063625 0.58764 4 6932 -+--
rs142547591 T G 0.01577 -0.021166 0.004677 -0.030333 -0.012 -4.525801 6.1e-06 5.214375 0.242861 0.885653 0 3 3074 --?-
rs149174406 T C 0.03796 -0.011011 0.002434 -0.015781 -0.006241 -4.524651 6.14e-06 5.212017 1.880227 0.597634 0 4 6932 ----
rs2643987 A G 0.034847 -0.01179 0.002607 -0.016899 -0.00668 -4.522465 6.2e-06 5.207539 3.713527 0.294106 0.192143 4 6932 ----
rs73324753 C T 0.049062 -0.009934 0.002198 -0.014242 -0.005626 -4.519715 6.28e-06 5.201905 7.329359 0.062109 0.590687 4 6932 -+--
rs73324754 T A 0.049062 -0.009934 0.002198 -0.014242 -0.005626 -4.519715 6.28e-06 5.201905 7.329359 0.062109 0.590687 4 6932 -+--
rs57505550 A T 0.049062 -0.009934 0.002198 -0.014242 -0.005626 -4.519715 6.28e-06 5.201905 7.329359 0.062109 0.590687 4 6932 -+--
rs56830205 G A 0.049062 -0.009934 0.002198 -0.014242 -0.005626 -4.519715 6.28e-06 5.201905 7.329359 0.062109 0.590687 4 6932 -+--
rs58701669 T C 0.049062 -0.009934 0.002198 -0.014242 -0.005626 -4.519715 6.28e-06 5.201905 7.329359 0.062109 0.590687 4 6932 -+--
rs10515852 C T 0.049062 -0.009934 0.002198 -0.014242 -0.005626 -4.519715 6.28e-06 5.201905 7.329359 0.062109 0.590687 4 6932 -+--
rs10515853 A G 0.049062 -0.009934 0.002198 -0.014242 -0.005626 -4.519715 6.28e-06 5.201905 7.329359 0.062109 0.590687 4 6932 -+--
rs59199395 A T 0.049062 -0.009934 0.002198 -0.014242 -0.005626 -4.519715 6.28e-06 5.201905 7.329359 0.062109 0.590687 4 6932 -+--
rs60074657 C T 0.049062 -0.009934 0.002198 -0.014242 -0.005626 -4.519715 6.28e-06 5.201905 7.329359 0.062109 0.590687 4 6932 -+--
rs57542060 T C 0.049062 -0.009934 0.002198 -0.014242 -0.005626 -4.519715 6.28e-06 5.201905 7.329359 0.062109 0.590687 4 6932 -+--
rs73324767 A C 0.049062 -0.009934 0.002198 -0.014242 -0.005626 -4.519715 6.28e-06 5.201905 7.329359 0.062109 0.590687 4 6932 -+--
rs73324769 T G 0.049062 -0.009934 0.002198 -0.014242 -0.005626 -4.519715 6.28e-06 5.201905 7.329359 0.062109 0.590687 4 6932 -+--
rs73324775 T A 0.049062 -0.009934 0.002198 -0.014242 -0.005626 -4.519715 6.28e-06 5.201905 7.329359 0.062109 0.590687 4 6932 -+--
rs111889812 T C 0.049062 -0.009934 0.002198 -0.014242 -0.005626 -4.519715 6.28e-06 5.201905 7.329359 0.062109 0.590687 4 6932 -+--
rs73324781 A G 0.049062 -0.009934 0.002198 -0.014242 -0.005626 -4.519715 6.28e-06 5.201905 7.329359 0.062109 0.590687 4 6932 -+--
rs76662174 A T 0.049062 -0.009934 0.002198 -0.014242 -0.005626 -4.519715 6.28e-06 5.201905 7.329359 0.062109 0.590687 4 6932 -+--
rs112982875 A T 0.049062 -0.009934 0.002198 -0.014242 -0.005626 -4.519715 6.28e-06 5.201905 7.329359 0.062109 0.590687 4 6932 -+--
rs73324784 G T 0.049062 -0.009934 0.002198 -0.014242 -0.005626 -4.519715 6.28e-06 5.201905 7.329359 0.062109 0.590687 4 6932 -+--
rs112630573 A G 0.049112 -0.009934 0.002198 -0.014242 -0.005626 -4.519715 6.28e-06 5.201905 7.329359 0.062109 0.590687 4 6932 -+--
rs115799066 T C 0.049062 -0.009934 0.002198 -0.014242 -0.005626 -4.519715 6.28e-06 5.201905 7.329359 0.062109 0.590687 4 6932 -+--
rs114585550 T G 0.049062 -0.009934 0.002198 -0.014242 -0.005626 -4.519715 6.28e-06 5.201905 7.329359 0.062109 0.590687 4 6932 -+--
rs59791106 T G 0.049062 -0.009934 0.002198 -0.014242 -0.005626 -4.519715 6.28e-06 5.201905 7.329359 0.062109 0.590687 4 6932 -+--
rs149923521 A G 0.049062 -0.009934 0.002198 -0.014242 -0.005626 -4.519715 6.28e-06 5.201905 7.329359 0.062109 0.590687 4 6932 -+--
rs144054403 A G 0.049062 -0.009934 0.002198 -0.014242 -0.005626 -4.519715 6.28e-06 5.201905 7.329359 0.062109 0.590687 4 6932 -+--
rs73326708 A T 0.049062 -0.009934 0.002198 -0.014242 -0.005626 -4.519715 6.28e-06 5.201905 7.329359 0.062109 0.590687 4 6932 -+--
rs146440653 T C 0.049062 -0.009934 0.002198 -0.014242 -0.005626 -4.519715 6.28e-06 5.201905 7.329359 0.062109 0.590687 4 6932 -+--
rs140789798 T G 0.049062 -0.009934 0.002198 -0.014242 -0.005626 -4.519715 6.28e-06 5.201905 7.329359 0.062109 0.590687 4 6932 -+--
rs79017712 T C 0.049062 -0.009934 0.002198 -0.014242 -0.005626 -4.519715 6.28e-06 5.201905 7.329359 0.062109 0.590687 4 6932 -+--
rs6862784 A G 0.049062 -0.009934 0.002198 -0.014242 -0.005626 -4.519715 6.28e-06 5.201905 7.329359 0.062109 0.590687 4 6932 -+--
rs58348716 A G 0.049 -0.009929 0.002199 -0.014238 -0.005619 -4.515647 6.4e-06 5.193579 7.326925 0.062176 0.590551 4 6932 -+--
rs112689117 G A 0.021964 0.014164 0.003139 0.008012 0.020317 4.512263 6.51e-06 5.186658 0.694544 0.874487 0 4 6932 +-++
rs17061344 A G 0.048992 -0.009915 0.002198 -0.014222 -0.005608 -4.511826 6.52e-06 5.185765 7.748039 0.051516 0.612805 4 6932 -+--
rs79098863 A G 0.034785 -0.011766 0.002609 -0.016879 -0.006654 -4.510785 6.55e-06 5.183638 3.68196 0.297918 0.185217 4 6932 ----
rs10520306 G A 0.034785 -0.011766 0.002609 -0.016879 -0.006654 -4.510785 6.55e-06 5.183638 3.68196 0.297918 0.185217 4 6932 ----
rs76847183 C T 0.034785 -0.011766 0.002609 -0.016879 -0.006654 -4.510785 6.55e-06 5.183638 3.68196 0.297918 0.185217 4 6932 ----
rs56133049 T C 0.049 -0.009918 0.002199 -0.014227 -0.005608 -4.510579 6.56e-06 5.183217 7.320648 0.06235 0.5902 4 6932 -+--
rs73002440 A G 0.024384 0.014385 0.003196 0.00812 0.020649 4.500715 6.87e-06 5.163078 2.115626 0.347214 0.054653 3 5890 +++?
rs10520305 A C 0.034955 -0.011741 0.002612 -0.01686 -0.006622 -4.495211 7.05e-06 5.151858 3.778068 0.286448 0.205943 4 6901 ----
rs6868301 A G 0.049192 -0.009869 0.002196 -0.014174 -0.005564 -4.493604 7.1e-06 5.148585 6.963754 0.073062 0.569198 4 6932 -+--
rs73326722 A G 0.049192 -0.009869 0.002196 -0.014174 -0.005564 -4.493604 7.1e-06 5.148585 6.963754 0.073062 0.569198 4 6932 -+--
rs113476241 T C 0.049192 -0.009869 0.002196 -0.014174 -0.005564 -4.493604 7.1e-06 5.148585 6.963754 0.073062 0.569198 4 6932 -+--
rs10234653 T C 0.350694 0.004433 0.000987 0.002498 0.006367 4.490954 7.19e-06 5.143188 0.410204 0.938127 0 4 6932 ++++
rs2238681 T C 0.39421 0.004373 0.000975 0.002463 0.006283 4.487803 7.3e-06 5.136776 2.877778 0.410856 0 4 6932 +++-
rs9536655 C T 0.077074 -0.007766 0.001733 -0.011164 -0.004369 -4.480807 7.54e-06 5.122555 3.860008 0.276983 0.222799 4 6927 ----
rs73324771 A G 0.049251 -0.009829 0.002195 -0.014131 -0.005526 -4.477554 7.66e-06 5.11595 7.272703 0.063695 0.587499 4 6932 -+--
rs4980995 C T 0.461349 -0.004287 0.000959 -0.006166 -0.002408 -4.471781 7.87e-06 5.104238 2.333567 0.506121 0 4 6932 ----
rs77355849 T C 0.016475 0.017724 0.003964 0.009954 0.025494 4.470725 7.91e-06 5.102096 2.95668 0.228016 0.323566 3 5891 +++?
rs10234668 T C 0.350747 0.004407 0.000987 0.002473 0.00634 4.466433 8.06e-06 5.093401 0.425668 0.934891 0 4 6932 ++++
rs73052307 C T 0.139082 0.006108 0.001368 0.003428 0.008789 4.466407 8.07e-06 5.093348 4.336169 0.227377 0.308145 4 6930 +-++
rs62159365 T C 0.02623 -0.013196 0.002956 -0.01899 -0.007403 -4.464252 8.15e-06 5.088984 1.426842 0.699255 0 4 6928 ----
rs879581 A C 0.063891 0.008631 0.001938 0.004833 0.012429 4.454446 8.53e-06 5.069153 0.207834 0.976315 0 4 6932 ++++
rs9529177 T C 0.445401 -0.00421 0.000945 -0.006063 -0.002357 -4.453172 8.58e-06 5.066579 3.555097 0.313686 0.156141 4 6932 ----
rs8117120 A G 0.063667 0.008643 0.001942 0.004837 0.01245 4.450472 8.69e-06 5.061128 0.215342 0.975075 0 4 6930 ++++
rs2108140 C A 0.35103 0.004388 0.000986 0.002455 0.006322 4.448721 8.76e-06 5.057593 0.405099 0.939187 0 4 6932 ++++
rs9529175 C T 0.43065 -0.004223 0.00095 -0.006084 -0.002362 -4.446766 8.84e-06 5.053648 2.58499 0.460127 0 4 6928 ----
rs3819547 C G 0.090769 -0.007206 0.001621 -0.010383 -0.00403 -4.446658 8.84e-06 5.053431 1.577118 0.664589 0 4 6932 ----
rs12153297 T C 0.049274 -0.009761 0.002196 -0.014065 -0.005458 -4.445629 8.88e-06 5.051355 6.340768 0.096158 0.526871 4 6930 -+--
rs2240436 C T 0.351587 0.004385 0.000987 0.002451 0.006319 4.444778 8.92e-06 5.04964 0.566769 0.903996 0 4 6932 ++++
rs11631866 C T 0.367639 -0.004328 0.000975 -0.006238 -0.002417 -4.439707 9.13e-06 5.039419 0.665532 0.88128 0 4 6932 ----
rs77730074 C T 0.035175 -0.011502 0.002594 -0.016587 -0.006417 -4.433508 9.4e-06 5.026942 3.909646 0.271387 0.232667 4 6932 ---+
rs258563 A G 0.049093 0.012255 0.002764 0.006837 0.017673 4.433304 9.41e-06 5.026532 0.176496 0.915534 0 3 3074 ++?+
rs60005475 T G 0.01494 -0.017745 0.004011 -0.025608 -0.009883 -4.423654 9.84e-06 5.007139 2.357235 0.307704 0.151548 3 5891 ---?
rs56849294 T C 0.01494 -0.017745 0.004011 -0.025608 -0.009883 -4.423654 9.84e-06 5.007139 2.357235 0.307704 0.151548 3 5891 ---?
rs4530242 G A 0.095301 0.007026 0.001588 0.003912 0.010139 4.423092 9.86e-06 5.00601 1.195333 0.754124 0 4 6932 ++++
