rs_number reference_allele other_allele eaf beta se beta_95L beta_95U z p-value -log10_p-value q_statistic q_p-value i2 n_studies n_samples effects
rs34095326 A G 0.142492 -0.205749 0.012456 -0.230162 -0.181336 -16.518591 3.03e-61 60.518935 5.129895 0.023517 0.805064 2 13636 --
rs10119 A G 0.339567 -0.136968 0.008678 -0.153977 -0.11996 -15.783695 4.5e-56 55.346416 16.320259 5.35e-05 0.938726 2 13636 --
rs75627662 T C 0.220641 -0.143431 0.009597 -0.16224 -0.124621 -14.945846 1.84e-50 49.734407 36.917711 1.23e-09 0.972913 2 15641 --
rs7259620 A G 0.406891 0.08778 0.007864 0.072366 0.103194 11.161905 6.77e-29 28.169363 1.100787 0.294093 0.091559 2 15640 ++
rs3925681 A G 0.36401 0.101356 0.009302 0.083123 0.119588 10.895686 1.3e-27 26.88491 14.687377 0.000127 0.931914 2 13723 ++
rs484195 A G 0.33326 0.10369 0.0096 0.084874 0.122507 10.800855 3.67e-27 26.434747 0.036134 0.849239 0 2 13723 ++
rs157594 T G 0.333253 0.103189 0.0096 0.084373 0.122004 10.749173 6.44e-27 26.191043 0.000855 0.976674 0 2 13723 ++
rs157595 A G 0.333099 0.103118 0.009597 0.084308 0.121927 10.745184 6.73e-27 26.172281 4.6e-05 0.994605 0 2 13723 ++
rs112019714 C T 0.045652 -0.21213 0.019798 -0.250934 -0.173326 -10.714682 9.35e-27 26.029048 0.445999 0.504241 0 2 15641 --
rs1081105 C A 0.044051 -0.21353 0.02007 -0.252867 -0.174193 -10.639382 2.1e-26 25.677153 0.307807 0.579029 0 2 15641 --
rs112849259 T C 0.04173 -0.214278 0.020689 -0.254829 -0.173728 -10.357062 4.17e-25 24.37957 0.623641 0.429698 0 2 15635 --
rs77301115 A G 0.041656 -0.213682 0.020671 -0.254197 -0.173166 -10.337127 5.14e-25 24.289243 0.646441 0.421388 0 2 15639 --
rs140480140 A G 0.044753 -0.204509 0.019814 -0.243345 -0.165673 -10.321355 6.05e-25 24.217904 0.906209 0.341122 0 2 15641 --
rs75687619 T G 0.041565 -0.21321 0.020712 -0.253806 -0.172614 -10.29387 8.06e-25 24.093835 0.658316 0.417155 0 2 15638 --
rs115881343 T C 0.042946 -0.209636 0.020446 -0.24971 -0.169562 -10.253194 1.23e-24 23.910817 0.85329 0.355623 0 2 15543 --
rs116881820 C T 0.041878 -0.210519 0.020664 -0.251021 -0.170017 -10.18759 2.41e-24 23.61714 0.349851 0.554197 0 2 15641 --
rs79398853 T C 0.041579 -0.210389 0.020735 -0.251029 -0.169749 -10.146682 3.67e-24 23.434954 0.356642 0.550377 0 2 15632 --
rs114536010 T C 0.041462 -0.209719 0.020772 -0.250431 -0.169006 -10.096354 6.14e-24 23.211804 0.395473 0.529436 0 2 15604 --
rs188535946 A G 0.042997 -0.201527 0.020136 -0.240995 -0.16206 -10.008054 1.5e-23 22.822926 0.771884 0.379635 0 2 15641 --
rs150966173 T C 0.042718 -0.199147 0.020328 -0.23899 -0.159304 -9.796613 1.24e-22 21.90536 0.760429 0.383194 0 2 15543 --
rs3826688 T C 0.315482 0.095528 0.009765 0.076388 0.114668 9.782371 1.43e-22 21.844247 0.009365 0.922905 0 2 13723 ++
rs4803772 T C 0.297269 0.095606 0.009819 0.076362 0.11485 9.737305 2.23e-22 21.651446 9.792718 0.001752 0.897883 2 13723 ++
rs769450 A G 0.372173 0.077134 0.008021 0.061412 0.092856 9.615924 7.3e-22 21.13649 5.59248 0.018038 0.821188 2 15641 ++
rs584007 A G 0.314191 0.093882 0.009778 0.074717 0.113046 9.60139 8.41e-22 21.075256 0.046937 0.828482 0 2 13717 ++
rs12721056 T G 0.308468 0.092322 0.009711 0.073289 0.111354 9.507382 2.08e-21 20.681374 5.255725 0.021875 0.809731 2 13723 ++
rs34878901 T C 0.379089 0.07555 0.007969 0.05993 0.091169 9.480261 2.7e-21 20.568444 5.097582 0.023959 0.803829 2 15641 ++
rs78959900 A G 0.306074 0.09131 0.009729 0.072241 0.110378 9.38537 6.67e-21 20.175823 4.140687 0.041864 0.758494 2 13671 ++
rs440446 C G 0.313575 0.080492 0.008733 0.063375 0.097608 9.217236 3.24e-20 19.489655 0.003851 0.95052 0 2 15219 ++
rs429358 C T 0.163533 -0.123151 0.013398 -0.149412 -0.096891 -9.191552 4.11e-20 19.385903 3.511693 0.060937 0.715237 2 4583 --
rs59325138 T C 0.349268 0.075311 0.008213 0.059213 0.091409 9.169507 5.05e-20 19.297082 7.727952 0.005437 0.8706 2 15641 ++
rs283811 G A 0.285395 -0.102338 0.011318 -0.124521 -0.080155 -9.042153 1.63e-19 18.788036 11.760764 0.000605 0.914972 2 6172 --
rs1305062 C G 0.370473 0.072271 0.008011 0.05657 0.087973 9.021657 1.96e-19 18.706762 2.569912 0.108914 0.610882 2 15641 ++
rs184017 G T 0.300853 -0.102277 0.011341 -0.124506 -0.080048 -9.018086 2.03e-19 18.69262 14.277249 0.000158 0.929958 2 6172 --
rs4803770 G C 0.332888 0.077423 0.008613 0.060541 0.094304 8.989045 2.64e-19 18.577817 12.528132 0.000401 0.92018 2 15219 ++
rs41289512 G C 0.044306 -0.185799 0.020677 -0.226327 -0.145272 -8.985686 2.73e-19 18.564562 0.073783 0.785906 0 2 15641 --
rs157581 C T 0.307528 -0.101519 0.011333 -0.123732 -0.079307 -8.95809 3.5e-19 18.455848 15.882233 6.74e-05 0.937037 2 6172 --
rs769449 A G 0.118294 -0.141445 0.015822 -0.172456 -0.110434 -8.939799 4.13e-19 18.383967 2.354447 0.124926 0.575272 2 4589 --
rs438811 T C 0.322124 -0.099134 0.011165 -0.121017 -0.077251 -8.879024 7.14e-19 18.146174 10.400151 0.00126 0.903848 2 6172 --
rs12721051 G C 0.18303 -0.114533 0.013004 -0.140021 -0.089045 -8.807549 1.35e-18 17.868541 0.67541 0.411172 0 2 4589 --
rs2238681 T C 0.349557 0.0714 0.008191 0.055345 0.087455 8.716402 3.04e-18 17.517676 3.295751 0.069459 0.696579 2 15641 ++
rs73052335 C A 0.128594 -0.131446 0.015237 -0.16131 -0.101581 -8.62675 6.67e-18 17.176044 3.93038 0.047421 0.745572 2 4589 -+
rs8106922 G A 0.350936 0.06978 0.00818 0.053748 0.085812 8.530936 1.53e-17 16.814745 1.734605 0.187824 0.4235 2 15632 ++
rs12721046 A G 0.147203 -0.119663 0.01441 -0.147906 -0.09142 -8.304408 1.06e-16 15.976203 2.869203 0.09029 0.651471 2 4589 --
rs56131196 A G 0.192803 -0.104916 0.012707 -0.129821 -0.080011 -8.25677 1.58e-16 15.802659 6.733448 0.009462 0.851488 2 4582 --
rs111789331 A T 0.148212 -0.118889 0.014409 -0.14713 -0.090648 -8.251176 1.65e-16 15.782345 2.831424 0.092436 0.646821 2 4589 --
rs7256200 T G 0.136773 -0.119485 0.014538 -0.147979 -0.090991 -8.219031 2.16e-16 15.665868 18.626339 1.59e-05 0.946313 2 4589 -+
rs6857 T C 0.170639 -0.109955 0.013379 -0.136177 -0.083732 -8.218533 2.17e-16 15.664069 4.379255 0.036379 0.771651 2 4588 --
rs10414043 A G 0.136874 -0.119211 0.014535 -0.147699 -0.090722 -8.201609 2.5e-16 15.602926 18.94613 1.34e-05 0.947219 2 4589 -+
rs4420638 G A 0.193812 -0.103618 0.012667 -0.128446 -0.07879 -8.179945 2.99e-16 15.524841 8.612638 0.003338 0.883892 2 4582 --
rs7412 T C 0.069782 0.117063 0.014728 0.088196 0.14593 7.94839 1.98e-15 14.702769 1.055018 0.304354 0.052149 2 15620 ++
rs118170342 C T 0.057642 -0.16003 0.020149 -0.199523 -0.120538 -7.942191 2.08e-15 14.681076 4.195111 0.040541 0.761627 2 13723 --
chr19:44909976:G:T T G 0.071086 0.114814 0.014565 0.086267 0.143361 7.883005 3.35e-15 14.474792 0.790977 0.373805 0 2 15641 ++
rs12972156 G C 0.14329 -0.114184 0.014527 -0.142657 -0.085711 -7.860082 4.02e-15 14.395303 1.888337 0.16939 0.470433 2 4589 --
rs12972970 A G 0.14329 -0.114184 0.014527 -0.142657 -0.085711 -7.860082 4.02e-15 14.395303 1.888337 0.16939 0.470433 2 4589 --
rs66626994 A G 0.158736 -0.10519 0.013765 -0.13217 -0.078211 -7.641815 2.24e-14 13.649672 11.012055 0.000905 0.90919 2 4589 -+
rs34342646 A G 0.147105 -0.108611 0.014406 -0.136847 -0.080375 -7.539235 4.94e-14 13.306282 5.092839 0.024025 0.803646 2 4589 -+
rs71352238 C T 0.145922 -0.106899 0.014464 -0.135248 -0.078549 -7.390635 1.52e-13 12.816816 3.077947 0.079361 0.675108 2 4589 -+
rs3745150 C G 0.349348 0.059833 0.008211 0.043739 0.075927 7.28675 3.31e-13 12.480237 0.012239 0.911908 0 2 15641 ++
rs2075649 G A 0.339513 0.061867 0.00861 0.044992 0.078742 7.185691 6.96e-13 12.157236 6.190426 0.012844 0.83846 2 15219 ++
rs71352239 T C 0.271475 0.07128 0.01008 0.051524 0.091037 7.071749 1.59e-12 11.798285 4.27108 0.038766 0.765867 2 13723 ++
rs7254133 T C 0.323758 -0.067887 0.009647 -0.086796 -0.048979 -7.036851 2.04e-12 11.689456 0.163156 0.686267 0 2 13723 --
rs34404554 G C 0.149586 -0.099021 0.014085 -0.126627 -0.071415 -7.030448 2.14e-12 11.669543 9.251462 0.002353 0.891909 2 4589 -+
rs11668327 C G 0.14592 0.079218 0.011279 0.057111 0.101325 7.023484 2.25e-12 11.647908 0.000358 0.984897 0 2 15219 ++
rs11556505 T C 0.151004 -0.098077 0.014008 -0.125532 -0.070622 -7.001622 2.63e-12 11.580119 11.535335 0.000683 0.91331 2 4589 -+
rs2075650 G A 0.152455 -0.096738 0.013956 -0.124092 -0.069384 -6.931518 4.32e-12 11.364118 12.275374 0.000459 0.918536 2 4588 -+
rs4803763 C G 0.264046 -0.059362 0.009036 -0.077071 -0.041652 -6.569776 5.21e-11 10.282821 4.08671 0.043222 0.755304 2 15641 --
rs406456 G A 0.398628 -0.050016 0.007922 -0.065544 -0.034489 -6.313588 2.81e-10 9.550711 0.030203 0.862032 0 2 15641 --
rs2972559 G C 0.271416 -0.05619 0.008901 -0.073636 -0.038744 -6.312703 2.83e-10 9.548232 3.002967 0.083112 0.666996 2 15641 --
rs56317818 T C 0.275449 -0.053736 0.00878 -0.070944 -0.036527 -6.120336 9.62e-10 9.0169 7.733589 0.00542 0.870694 2 15641 -+
rs12462573 A G 0.274005 -0.053731 0.008799 -0.070978 -0.036484 -6.106154 1.05e-09 8.978349 9.19812 0.002423 0.891282 2 15641 -+
rs60049679 C G 0.089159 -0.083877 0.013824 -0.110972 -0.056782 -6.067459 1.34e-09 8.873603 1.127347 0.288342 0.112962 2 15641 --
rs5117 C T 0.238295 -0.069517 0.011726 -0.0925 -0.046535 -5.928565 3.14e-09 8.502836 5.835895 0.015702 0.828647 2 4589 --
rs35396326 G C 0.275584 -0.05251 0.008899 -0.069952 -0.035069 -5.900925 3.72e-09 8.43003 2.394451 0.121766 0.582368 2 15641 --
rs3852861 T G 0.395021 0.045173 0.007879 0.029731 0.060616 5.733703 1.01e-08 7.996438 0.053953 0.816323 0 2 15641 ++
rs10410835 T C 0.468374 0.045979 0.008037 0.030227 0.061731 5.721073 1.09e-08 7.96417 0.676886 0.410661 0 2 15219 ++
rs141622900 A G 0.048214 0.09944 0.017392 0.065352 0.133527 5.717702 1.11e-08 7.95557 3.114747 0.077587 0.678947 2 15639 ++
rs3852860 T C 0.394868 0.044571 0.007882 0.029122 0.06002 5.65475 1.6e-08 7.795832 0.114362 0.735232 0 2 15641 ++
rs2927468 A G 0.470038 0.045282 0.008037 0.029528 0.061035 5.633891 1.81e-08 7.743272 0.51476 0.473086 0 2 15219 ++
rs11668861 T G 0.446097 0.043843 0.007784 0.028587 0.059099 5.632704 1.82e-08 7.740286 3.723696 0.053645 0.73145 2 15639 ++
rs190712692 A G 0.047436 0.112674 0.020383 0.072722 0.152625 5.527751 3.32e-08 7.478671 1.471039 0.225182 0.320208 2 13723 ++
rs2927437 A G 0.185512 -0.055846 0.010154 -0.075748 -0.035944 -5.499864 3.89e-08 7.409937 4.834306 0.027899 0.793145 2 15641 --
rs10402271 G T 0.319051 -0.046539 0.00847 -0.06314 -0.029938 -5.494625 4.01e-08 7.397062 0.000201 0.988699 0 2 15636 --
rs55923289 C T 0.119027 -0.067105 0.012375 -0.091359 -0.042851 -5.422839 6e-08 7.221802 2.770173 0.096036 0.639012 2 15640 -+
rs10402524 C T 0.319405 -0.045853 0.008459 -0.062433 -0.029273 -5.420454 6.08e-08 7.216017 0.026645 0.870336 0 2 15641 --
chr19:44893408:G:T T G 0.222916 -0.063721 0.011787 -0.086822 -0.040619 -5.406224 6.58e-08 7.181547 11.185548 0.000824 0.910599 2 4587 -+
rs7254892 A G 0.04405 0.099027 0.018508 0.062752 0.135302 5.350632 8.96e-08 7.047704 4.033207 0.044613 0.752058 2 15640 ++
rs73052307 C T 0.123122 0.062482 0.011678 0.039593 0.085372 5.350286 8.98e-08 7.046877 14.629298 0.000131 0.931644 2 15634 +-
rs2927438 A G 0.210882 -0.051612 0.009672 -0.070568 -0.032656 -5.336436 9.69e-08 7.013737 3.039262 0.081273 0.670973 2 15461 --
rs61679753 A T 0.036907 0.12689 0.023792 0.080257 0.173523 5.333188 9.86e-08 7.005977 1.832937 0.175781 0.454427 2 13723 ++
rs1160983 A G 0.032852 0.118636 0.022484 0.074568 0.162705 5.276492 1.35e-07 6.871233 2.311568 0.128414 0.567393 2 15219 ++
rs58826447 A T 0.329413 -0.043977 0.008343 -0.06033 -0.027624 -5.270929 1.39e-07 6.858085 0.352076 0.55294 0 2 15641 --
rs58446550 A C 0.329413 -0.043977 0.008343 -0.06033 -0.027624 -5.270929 1.39e-07 6.858085 0.352076 0.55294 0 2 15641 --
rs58132661 T A 0.329413 -0.043885 0.008343 -0.060238 -0.027532 -5.259839 1.47e-07 6.831912 0.385393 0.534731 0 2 15641 --
rs10412413 T C 0.330908 -0.043646 0.008335 -0.059983 -0.027308 -5.236139 1.67e-07 6.776155 0.828586 0.362682 0 2 15641 --
rs4803758 T G 0.330975 -0.043509 0.008334 -0.059843 -0.027175 -5.220881 1.82e-07 6.740384 0.842782 0.358602 0 2 15641 --
rs449647 T A 0.184674 0.052234 0.010031 0.032574 0.071894 5.207377 1.96e-07 6.708805 36.841995 1.28e-09 0.972857 2 15641 +-
rs7110631 C G 0.2818 0.046586 0.009062 0.028825 0.064346 5.140999 2.79e-07 6.554703 0.837317 0.360165 0 2 15219 ++
rs111784051 G T 0.037967 0.119987 0.023465 0.073995 0.165979 5.113404 3.23e-07 6.491183 3.329292 0.068056 0.699636 2 13723 ++
rs8103315 A C 0.120875 -0.062055 0.012216 -0.085997 -0.038112 -5.079924 3.85e-07 6.414546 4.397438 0.035993 0.772595 2 15638 -+
rs5167 G T 0.37664 -0.040575 0.007988 -0.056232 -0.024918 -5.079262 3.86e-07 6.413035 0.436018 0.509051 0 2 15641 --
rs57465754 G C 0.259064 -0.048016 0.009502 -0.06664 -0.029392 -5.053329 4.43e-07 6.354004 1.164139 0.280609 0.140996 2 15219 --
rs10405693 T C 0.32061 -0.041981 0.008437 -0.058517 -0.025444 -4.975777 6.62e-07 6.17916 1.942277 0.163422 0.48514 2 15638 --
rs77663377 A G 0.041654 -0.095098 0.019169 -0.13267 -0.057525 -4.960893 7.15e-07 6.145892 0.680332 0.409472 0 2 15641 --
rs10406338 C T 0.324382 -0.041686 0.008417 -0.058183 -0.025189 -4.95265 7.46e-07 6.127507 1.732487 0.188094 0.422795 2 15641 --
rs1081106 C T 0.067186 0.086689 0.017519 0.052352 0.121027 4.948226 7.63e-07 6.117653 8.151454 0.004303 0.877323 2 13723 ++
rs519961 T C 0.297329 0.043463 0.00894 0.025941 0.060985 4.861642 1.18e-06 5.926426 0.644639 0.422036 0 2 15219 ++
rs113829713 G C 0.041238 -0.095102 0.019568 -0.133454 -0.056749 -4.86018 1.19e-06 5.923224 0.010519 0.918309 0 2 15641 --
rs13275047 A T 0.366599 0.039499 0.008133 0.023559 0.055438 4.856817 1.21e-06 5.91586 0.01412 0.905413 0 2 15641 ++
rs4648830 G T 0.428804 -0.03821 0.007879 -0.053653 -0.022768 -4.84967 1.26e-06 5.900231 0.637617 0.424575 0 2 15641 --
rs1550000 C T 0.160462 -0.051572 0.010637 -0.072422 -0.030723 -4.848185 1.27e-06 5.896986 0.832587 0.361526 0 2 15632 --
rs1487743 T C 0.362407 0.039466 0.008153 0.023486 0.055447 4.840523 1.32e-06 5.880258 0.01555 0.90076 0 2 15626 ++
rs2927480 C G 0.297579 -0.041922 0.008691 -0.058956 -0.024888 -4.823697 1.43e-06 5.843611 4.836214 0.027868 0.793227 2 15641 -+
rs586274 T G 0.298843 0.043071 0.008934 0.025559 0.060582 4.820744 1.45e-06 5.83719 0.559309 0.454539 0 2 15219 ++
rs10873048 T C 0.085767 0.066949 0.013895 0.039715 0.094183 4.818275 1.47e-06 5.831826 1.420371 0.233342 0.295958 2 15641 ++
rs3021439 A G 0.308856 -0.040928 0.008511 -0.05761 -0.024247 -4.808917 1.54e-06 5.811518 4.961552 0.025917 0.79845 2 15641 -+
rs573167 G A 0.298136 0.042911 0.00893 0.025408 0.060415 4.805151 1.57e-06 5.803355 0.447002 0.503762 0 2 15219 ++
rs567075 T C 0.287374 0.043258 0.009016 0.025586 0.060929 4.797792 1.63e-06 5.787421 0.764355 0.381969 0 2 15219 ++
rs41290120 A G 0.034592 0.098549 0.020648 0.058079 0.139019 4.772832 1.85e-06 5.733545 0.00464 0.945695 0 2 15568 ++
rs365653 G A 0.125375 0.055634 0.011659 0.032782 0.078487 4.771608 1.86e-06 5.730909 14.830665 0.000118 0.932572 2 15641 +-
rs2927434 T C 0.186754 -0.04813 0.010103 -0.067931 -0.028329 -4.764166 1.93e-06 5.714899 3.899863 0.04829 0.743581 2 15641 -+
rs645293 T C 0.317748 0.041635 0.008759 0.024468 0.058802 4.753566 2.03e-06 5.692138 0.680885 0.409282 0 2 15219 ++
rs474479 C G 0.288471 0.042498 0.008997 0.024864 0.060131 4.723698 2.35e-06 5.628252 0.537779 0.463354 0 2 15219 ++
rs2972558 C T 0.300167 0.045821 0.00971 0.026789 0.064852 4.718959 2.41e-06 5.618149 0.905512 0.341308 0 2 13723 ++
rs4833425 G T 0.443797 0.036754 0.007827 0.021412 0.052096 4.695602 2.7e-06 5.568494 0.640464 0.423543 0 2 15641 ++
rs2129701 G A 0.412225 0.037102 0.007911 0.021597 0.052606 4.690191 2.77e-06 5.557025 0.911393 0.339745 0 2 15641 ++
rs10150148 A G 0.086788 0.06489 0.013834 0.037776 0.092004 4.690707 2.77e-06 5.558118 0.940288 0.332204 0 2 15641 ++
rs12546123 T C 0.354819 0.038248 0.008206 0.022164 0.054331 4.661045 3.2e-06 5.495451 0.113753 0.735911 0 2 15641 ++
rs7831874 T C 0.356824 0.038086 0.008174 0.022065 0.054107 4.659365 3.22e-06 5.491912 0.075585 0.783372 0 2 15641 ++
rs2927439 G A 0.354983 0.038148 0.008193 0.022089 0.054207 4.656076 3.27e-06 5.484989 8.146323 0.004315 0.877245 2 15639 +-
rs11667241 C G 0.327484 -0.038826 0.008343 -0.055179 -0.022473 -4.653585 3.31e-06 5.479748 4.060078 0.043908 0.753699 2 15641 -+
rs10104424 T G 0.372734 0.037819 0.008144 0.021856 0.053782 4.64354 3.48e-06 5.458641 0.017913 0.893531 0 2 15641 ++
rs7161532 A G 0.086279 0.06405 0.013878 0.036849 0.091251 4.61523 3.99e-06 5.399378 1.465481 0.22606 0.31763 2 15641 ++
rs6572758 G A 0.087144 0.063699 0.013815 0.036622 0.090777 4.610899 4.07e-06 5.390342 0.924224 0.336368 0 2 15641 ++
rs1890697 A C 0.086118 0.063845 0.013889 0.036623 0.091067 4.596805 4.36e-06 5.36099 1.611463 0.204286 0.379446 2 15636 ++
rs12952359 A G 0.084327 -0.063125 0.01385 -0.09027 -0.03598 -4.557943 5.24e-06 5.280483 0.055361 0.813984 0 2 15641 --
rs7254776 C T 0.357536 0.036881 0.008115 0.020976 0.052786 4.544822 5.58e-06 5.253444 4.511919 0.033659 0.778365 2 15610 +-
rs78734519 G A 0.042418 -0.084263 0.018588 -0.120696 -0.047829 -4.533092 5.9e-06 5.229333 2.5967 0.107087 0.614896 2 15641 --
rs1843963 A C 0.358784 0.03708 0.008183 0.021042 0.053118 4.53148 5.94e-06 5.226023 0.254542 0.613895 0 2 15641 ++
rs13265094 G A 0.373729 0.036708 0.008123 0.020787 0.052628 4.519024 6.3e-06 5.200492 0.008068 0.928428 0 2 15640 ++
rs867611 G A 0.287397 0.040851 0.009046 0.02312 0.058581 4.515803 6.4e-06 5.1939 2.110648 0.146277 0.526212 2 15219 ++
rs4100227 A G 0.12071 -0.054544 0.012098 -0.078256 -0.030832 -4.508567 6.62e-06 5.179105 15.78914 7.08e-05 0.936665 2 15641 --
rs79822462 A G 0.047592 -0.082455 0.018291 -0.118305 -0.046604 -4.50785 6.64e-06 5.17764 0.936355 0.333217 0 2 15580 --
rs474632 T C 0.354283 -0.03653 0.00811 -0.052426 -0.020635 -4.504465 6.75e-06 5.17073 0.996732 0.318103 0 2 15641 --
rs1033222 G T 0.109474 0.057281 0.01272 0.032349 0.082212 4.503195 6.79e-06 5.168137 0.289633 0.590456 0 2 15637 ++
rs10453826 A G 0.343441 -0.03865 0.008601 -0.055508 -0.021793 -4.493797 7.1e-06 5.148978 0.47688 0.489839 0 2 15219 --
rs118095948 A G 0.025505 0.127436 0.028397 0.071777 0.183094 4.487637 7.3e-06 5.136439 0.179552 0.671758 0 2 13723 ++
rs10910059 C G 0.345001 -0.03846 0.00859 -0.055296 -0.021623 -4.477236 7.67e-06 5.115304 0.752036 0.385832 0 2 15219 --
rs7359852 C T 0.320615 -0.037553 0.00839 -0.053997 -0.02111 -4.476172 7.71e-06 5.113145 6.687051 0.009712 0.850457 2 15641 -+
rs13288191 C G 0.164312 0.048871 0.010935 0.027439 0.070304 4.469293 7.96e-06 5.099194 0.025598 0.872887 0 2 13636 ++
rs74097207 T C 0.032637 -0.09823 0.022027 -0.141402 -0.055058 -4.459612 8.33e-06 5.079596 1.604387 0.205283 0.376709 2 13636 --
rs497816 C T 0.321663 0.038987 0.008747 0.021844 0.05613 4.457421 8.41e-06 5.075165 0.739751 0.389741 0 2 15219 ++
rs956970 C G 0.347902 0.03681 0.008261 0.020619 0.053 4.456064 8.46e-06 5.072422 0.191958 0.661292 0 2 15641 ++
rs6459573 T C 0.088808 -0.06102 0.013708 -0.087888 -0.034152 -4.451303 8.65e-06 5.062804 0.627194 0.428386 0 2 15641 --
rs13254216 C T 0.049771 -0.079489 0.017864 -0.114502 -0.044477 -4.449777 8.72e-06 5.059724 2.139774 0.143523 0.532661 2 15641 --
rs13263545 T C 0.372246 0.03617 0.008129 0.020237 0.052103 4.449396 8.73e-06 5.058956 0.014197 0.905155 0 2 15628 ++
rs10512274 A G 0.169966 0.054551 0.012274 0.030494 0.078608 4.444437 8.93e-06 5.048951 4.244667 0.039374 0.76441 2 6592 ++
rs78766752 A G 0.027439 0.122101 0.02749 0.068221 0.175982 4.441628 9.05e-06 5.043291 0.079128 0.778482 0 2 13722 ++
rs111371860 T A 0.050379 0.077757 0.01752 0.043417 0.112097 4.438105 9.2e-06 5.036194 0.16869 0.681279 0 2 15641 ++
rs1487744 A C 0.387085 0.035607 0.008026 0.019876 0.051338 4.436499 9.27e-06 5.03296 0.906835 0.340956 0 2 15619 ++
rs77357300 C T 0.042482 -0.08246 0.018591 -0.118898 -0.046021 -4.435442 9.31e-06 5.030833 1.986189 0.15874 0.496523 2 15641 --
rs58414977 T C 0.164302 0.04845 0.010932 0.027024 0.069876 4.432056 9.46e-06 5.024022 0.021084 0.88455 0 2 13636 ++
rs58077032 T A 0.049149 -0.091616 0.020673 -0.132135 -0.051096 -4.431621 9.48e-06 5.023147 2.341853 0.12594 0.572988 2 13723 --
rs10089420 T C 0.347965 0.036365 0.008216 0.020261 0.052469 4.425873 9.74e-06 5.011596 0.242549 0.622371 0 2 15634 ++
rs66476174 A G 0.238277 -0.041927 0.009479 -0.060506 -0.023349 -4.423242 9.86e-06 5.006312 0.574024 0.448664 0 2 15219 --
rs56020417 T C 0.148958 0.049103 0.011108 0.02733 0.070875 4.420303 9.99e-06 5.000415 0.135535 0.712761 0 2 15641 ++
rs7434707 T C 0.030562 0.102901 0.023279 0.057274 0.148527 4.420372 9.99e-06 5.000552 1.610613 0.204406 0.379119 2 15641 +-
rs13057901 C T 0.131982 -0.058954 0.013337 -0.085095 -0.032813 -4.420307 9.99e-06 5.000421 0.356009 0.550731 0 2 13723 --
