rs_number reference_allele other_allele eaf beta se beta_95L beta_95U z p-value -log10_p-value q_statistic q_p-value i2 n_studies n_samples effects
rs11879304 A G 0.408177 -0.212254 0.039045 -0.288783 -0.135725 -5.436081 5.57e-08 7.253968 2.126994 0.144724 0.529853 2 779 --?
rs28729931 C T 0.154532 0.22981 0.044041 0.143491 0.31613 5.218146 1.85e-07 6.733981 3.972571 0.137204 0.496548 3 880 +++
rs7823733 T A 0.160191 0.220902 0.043033 0.136557 0.305247 5.133302 2.9e-07 6.536952 3.35886 0.18648 0.40456 3 880 +++
rs1397086 G T 0.160191 0.220902 0.043033 0.136557 0.305247 5.133302 2.9e-07 6.536952 3.35886 0.18648 0.40456 3 880 +++
rs185276928 A C 0.041956 0.58572 0.114209 0.361869 0.80957 5.128469 2.98e-07 6.525821 0.001185 0.972541 0 2 143 +?+
rs6034816 A G 0.125878 0.368926 0.0723 0.227219 0.510633 5.102736 3.41e-07 6.466711 0.12945 0.719003 0 2 143 +?+
rs7072379 T C 0.18292 -0.204201 0.040203 -0.282999 -0.125402 -5.079195 3.86e-07 6.412882 1.309591 0.519548 0 3 880 ---
rs3009696 T C 0.319108 -0.178417 0.035215 -0.247438 -0.109395 -5.066463 4.13e-07 6.383867 1.326755 0.515109 0 3 879 ---
rs10282969 T C 0.152857 0.22323 0.04416 0.136675 0.309784 5.054975 4.39e-07 6.357744 3.516459 0.17235 0.431246 3 880 +++
rs10850838 T C 0.431208 0.160701 0.03185 0.098275 0.223128 5.045544 4.61e-07 6.33634 2.088863 0.351892 0.042541 3 880 +++
rs2061867 A T 0.152857 0.223315 0.044307 0.136473 0.310156 5.040177 4.74e-07 6.324174 3.537955 0.170507 0.434702 3 880 +++
rs10107017 A G 0.159102 0.217708 0.043248 0.132942 0.302473 5.033979 4.9e-07 6.310143 3.155304 0.206459 0.366147 3 880 +++
rs1794044 A G 0.322186 -0.218569 0.043472 -0.303773 -0.133364 -5.027849 5.05e-07 6.296279 4.664655 0.03079 0.785622 2 779 +-?
rs10102416 T G 0.158516 0.214636 0.043138 0.130084 0.299187 4.975509 6.63e-07 6.17856 2.933185 0.23071 0.318147 3 880 +++
rs12335321 T C 0.158516 0.214631 0.043278 0.129806 0.299456 4.959353 7.2e-07 6.142456 2.946622 0.229165 0.321257 3 880 +++
rs13279464 A C 0.158516 0.214631 0.043278 0.129806 0.299456 4.959353 7.2e-07 6.142456 2.946622 0.229165 0.321257 3 880 +++
rs13253586 A G 0.158516 0.214631 0.043278 0.129806 0.299456 4.959353 7.2e-07 6.142456 2.946622 0.229165 0.321257 3 880 +++
rs28881587 T C 0.148334 0.219574 0.044655 0.132051 0.307097 4.917158 8.94e-07 6.048674 3.755244 0.152953 0.467411 3 880 +++
rs12677743 G A 0.148837 0.218673 0.044479 0.131493 0.305852 4.91629 8.98e-07 6.046754 3.669426 0.159659 0.454956 3 880 +++
rs10471425 A G 0.214212 0.186301 0.038081 0.111664 0.260939 4.892301 1.01e-06 5.993779 1.766834 0.413368 0 3 880 +++
rs1797648 T C 0.268984 -0.220546 0.045383 -0.309496 -0.131596 -4.85971 1.2e-06 5.922195 2.609933 0.106196 0.616848 2 779 --?
rs1600283 C A 0.153993 0.210899 0.043592 0.125458 0.29634 4.837973 1.33e-06 5.874698 3.122827 0.209839 0.359555 3 880 +++
rs9910790 A G 0.066477 -0.319817 0.066767 -0.450679 -0.188954 -4.790056 1.7e-06 5.770695 2.83295 0.242568 0.294022 3 880 ---
rs140677655 G C 0.038459 0.580658 0.121459 0.342597 0.818718 4.780676 1.78e-06 5.750446 0.00018 0.989287 0 2 143 +?+
rs78871796 G A 0.038459 0.580658 0.121459 0.342597 0.818718 4.780676 1.78e-06 5.750446 0.00018 0.989287 0 2 143 +?+
rs79037144 G A 0.038459 0.580658 0.121459 0.342597 0.818718 4.780676 1.78e-06 5.750446 0.00018 0.989287 0 2 143 +?+
rs1921141 G A 0.287474 -0.15747 0.033213 -0.222568 -0.092372 -4.741194 2.16e-06 5.665628 2.664939 0.263825 0.249514 3 880 ---
rs7194801 T C 0.463067 0.141116 0.029783 0.08274 0.199491 4.738088 2.19e-06 5.658984 2.490582 0.287857 0.196975 3 880 -++
rs9400198 A G 0.120058 0.286226 0.060425 0.167792 0.404659 4.736844 2.21e-06 5.656323 2.779676 0.095467 0.640246 2 779 ++?
rs28588912 A G 0.067615 -0.31289 0.066163 -0.44257 -0.18321 -4.729062 2.29e-06 5.639696 3.017192 0.22122 0.337132 3 880 ---
rs9904746 G A 0.067615 -0.31289 0.066163 -0.44257 -0.18321 -4.729062 2.29e-06 5.639696 3.017192 0.22122 0.337132 3 880 ---
rs12636066 A C 0.221041 -0.175301 0.037219 -0.24825 -0.102353 -4.710058 2.52e-06 5.5992 1.960159 0.375281 0 3 880 ---
rs9931601 T C 0.462481 0.139781 0.029772 0.081428 0.198133 4.695107 2.71e-06 5.567446 2.489975 0.287944 0.196779 3 880 -++
rs4989817 A G 0.26249 -0.166005 0.035397 -0.235383 -0.096626 -4.689768 2.78e-06 5.556128 6.243505 0.04408 0.679667 3 880 ---
rs2114728 C T 0.098302 0.237844 0.050849 0.13818 0.337507 4.677473 2.95e-06 5.530114 4.766808 0.092236 0.580432 3 880 +++
rs2206447 T C 0.098302 0.237844 0.050849 0.13818 0.337507 4.677473 2.95e-06 5.530114 4.766808 0.092236 0.580432 3 880 +++
rs142221404 G A 0.046024 -0.364347 0.078164 -0.517549 -0.211145 -4.661294 3.19e-06 5.495975 3.951861 0.138632 0.493909 3 880 ---
rs115707620 T C 0.046024 -0.364347 0.078164 -0.517549 -0.211145 -4.661294 3.19e-06 5.495975 3.951861 0.138632 0.493909 3 880 ---
rs10177257 A G 0.046024 -0.364347 0.078164 -0.517549 -0.211145 -4.661294 3.19e-06 5.495975 3.951861 0.138632 0.493909 3 880 ---
rs13399359 A G 0.046024 -0.364347 0.078164 -0.517549 -0.211145 -4.661294 3.19e-06 5.495975 3.951861 0.138632 0.493909 3 880 ---
rs16830954 G C 0.046024 -0.364347 0.078164 -0.517549 -0.211145 -4.661294 3.19e-06 5.495975 3.951861 0.138632 0.493909 3 880 ---
rs16830956 A G 0.046024 -0.364347 0.078164 -0.517549 -0.211145 -4.661294 3.19e-06 5.495975 3.951861 0.138632 0.493909 3 880 ---
rs58963367 G A 0.068183 -0.30599 0.065815 -0.434989 -0.176992 -4.649214 3.38e-06 5.470558 3.468145 0.176564 0.423323 3 880 ---
rs8076339 A G 0.068183 -0.30599 0.065815 -0.434989 -0.176992 -4.649214 3.38e-06 5.470558 3.468145 0.176564 0.423323 3 880 ---
rs2055726 A G 0.50965 -0.140268 0.0302 -0.19946 -0.081075 -4.644594 3.46e-06 5.460853 3.66008 0.160407 0.453564 3 880 +--
rs8106623 G A 0.273873 -0.162232 0.034984 -0.2308 -0.093664 -4.637362 3.58e-06 5.44568 3.867621 0.144596 0.482886 3 880 ---
rs1848388 G A 0.463654 0.137369 0.029728 0.079101 0.195637 4.620789 3.88e-06 5.410989 2.497745 0.286828 0.199278 3 880 -++
rs7184122 G A 0.463654 0.137369 0.029728 0.079101 0.195637 4.620789 3.88e-06 5.410989 2.497745 0.286828 0.199278 3 880 -++
rs12373118 T G 0.463654 0.137369 0.029728 0.079101 0.195637 4.620789 3.88e-06 5.410989 2.497745 0.286828 0.199278 3 880 -++
rs12373060 G A 0.463654 0.137369 0.029728 0.079101 0.195637 4.620789 3.88e-06 5.410989 2.497745 0.286828 0.199278 3 880 -++
rs28633979 A C 0.463654 0.137369 0.029728 0.079101 0.195637 4.620789 3.88e-06 5.410989 2.497745 0.286828 0.199278 3 880 -++
rs876972 C T 0.463654 0.137369 0.029728 0.079101 0.195637 4.620789 3.88e-06 5.410989 2.497745 0.286828 0.199278 3 880 -++
rs876971 A C 0.463654 0.137369 0.029728 0.079101 0.195637 4.620789 3.88e-06 5.410989 2.497745 0.286828 0.199278 3 880 -++
rs9911816 C T 0.068183 -0.301639 0.065384 -0.429792 -0.173486 -4.613326 4.02e-06 5.395405 2.058661 0.357246 0.028495 3 880 ---
rs9921437 T C 0.46424 0.137212 0.029748 0.078906 0.195518 4.612461 4.04e-06 5.3936 2.498658 0.286697 0.19957 3 880 -++
rs889448 A T 0.463086 0.136521 0.029666 0.078375 0.194666 4.601906 4.25e-06 5.371603 2.689093 0.260658 0.256255 3 880 -++
rs135974 C A 0.56614 -0.178195 0.038758 -0.254162 -0.102228 -4.597569 4.34e-06 5.362579 1.704442 0.191708 0.413298 2 779 --?
rs4496141 G T 0.47673 0.13858 0.030185 0.079418 0.197742 4.59109 4.48e-06 5.349112 3.11795 0.210352 0.358553 3 880 -++
rs62043031 G A 0.47673 0.13858 0.030185 0.079418 0.197742 4.59109 4.48e-06 5.349112 3.11795 0.210352 0.358553 3 880 -++
rs1423791 A C 0.47673 0.13858 0.030185 0.079418 0.197742 4.59109 4.48e-06 5.349112 3.11795 0.210352 0.358553 3 880 -++
rs1423792 C T 0.47673 0.13858 0.030185 0.079418 0.197742 4.59109 4.48e-06 5.349112 3.11795 0.210352 0.358553 3 880 -++
rs12445483 C A 0.47673 0.13858 0.030185 0.079418 0.197742 4.59109 4.48e-06 5.349112 3.11795 0.210352 0.358553 3 880 -++
rs1423793 A G 0.464808 0.138497 0.030198 0.079308 0.197685 4.586266 4.58e-06 5.339094 3.773297 0.151579 0.46996 3 880 -++
rs150366483 T G 0.167074 -0.185476 0.040543 -0.26494 -0.106012 -4.574806 4.84e-06 5.315339 3.982876 0.136499 0.49785 3 880 ---
rs7070283 A G 0.489478 0.194712 0.042632 0.111153 0.278272 4.567238 5.02e-06 5.299683 1.86451 0.172105 0.463666 2 143 +?+
rs6080691 T C 0.095463 0.234131 0.05134 0.133505 0.334757 4.560426 5.18e-06 5.285608 5.143321 0.076409 0.611146 3 880 +++
rs73984295 T C 0.069313 -0.294591 0.064656 -0.421318 -0.167864 -4.55625 5.28e-06 5.276991 2.214352 0.330491 0.096801 3 880 ---
rs2269006 G T 0.09546 0.234374 0.051438 0.133555 0.335193 4.556398 5.28e-06 5.277295 4.828641 0.089428 0.585805 3 880 +++
rs594974 T A 0.240876 0.166497 0.036552 0.094855 0.238139 4.555068 5.31e-06 5.274554 0.273285 0.872282 0 3 880 +++
rs1895388 G C 0.240876 0.166497 0.036552 0.094855 0.238139 4.555068 5.31e-06 5.274554 0.273285 0.872282 0 3 880 +++
rs11666563 G C 0.240876 0.166497 0.036552 0.094855 0.238139 4.555068 5.31e-06 5.274554 0.273285 0.872282 0 3 880 +++
rs406514 G A 0.240876 0.166497 0.036552 0.094855 0.238139 4.555068 5.31e-06 5.274554 0.273285 0.872282 0 3 880 +++
rs451760 G A 0.240876 0.166497 0.036552 0.094855 0.238139 4.555068 5.31e-06 5.274554 0.273285 0.872282 0 3 880 +++
rs55808930 T C 0.010227 -0.642419 0.141194 -0.919159 -0.365679 -4.549911 5.45e-06 5.263922 0.705533 0.702741 0 3 880 ---
rs60595035 C A 0.265714 0.226008 0.049699 0.128598 0.323418 4.547529 5.51e-06 5.259017 0.006258 0.936948 0 2 143 +?+
rs4930081 T C 0.300797 0.18814 0.041527 0.106747 0.269532 4.530553 5.97e-06 5.224121 1.094514 0.295473 0.086352 2 778 ++?
rs6044792 T C 0.098872 0.228546 0.050578 0.129412 0.327679 4.518649 6.31e-06 5.199722 5.472145 0.064824 0.634513 3 880 +++
rs6044800 G A 0.098872 0.228546 0.050578 0.129412 0.327679 4.518649 6.31e-06 5.199722 5.472145 0.064824 0.634513 3 880 +++
rs6136089 A G 0.098872 0.228546 0.050578 0.129412 0.327679 4.518649 6.31e-06 5.199722 5.472145 0.064824 0.634513 3 880 +++
rs2287847 T C 0.239201 0.164597 0.036564 0.092931 0.236263 4.501582 6.84e-06 5.164845 0.3252 0.849931 0 3 880 +++
rs78479472 A T 0.045452 -0.512319 0.11421 -0.73617 -0.288468 -4.485777 7.37e-06 5.132656 0.05319 0.817602 0 2 143 -?-
rs77283630 A C 0.045452 -0.512319 0.11421 -0.73617 -0.288468 -4.485777 7.37e-06 5.132656 0.05319 0.817602 0 2 143 -?-
rs7735663 C T 0.045452 -0.512319 0.11421 -0.73617 -0.288468 -4.485777 7.37e-06 5.132656 0.05319 0.817602 0 2 143 -?-
rs61357745 A G 0.045452 -0.512319 0.11421 -0.73617 -0.288468 -4.485777 7.37e-06 5.132656 0.05319 0.817602 0 2 143 -?-
rs74466472 T C 0.045452 -0.512319 0.11421 -0.73617 -0.288468 -4.485777 7.37e-06 5.132656 0.05319 0.817602 0 2 143 -?-
rs9945377 C T 0.143154 0.19363 0.043185 0.108988 0.278272 4.483754 7.44e-06 5.128544 1.357773 0.507181 0 3 880 +++
rs12996884 C T 0.427315 0.138717 0.030974 0.078008 0.199425 4.478507 7.62e-06 5.117883 3.781811 0.150935 0.471153 3 880 +++
rs10967180 A C 0.07736 -0.277272 0.061959 -0.398712 -0.155832 -4.475064 7.75e-06 5.110896 2.215869 0.33024 0.09742 3 879 ---
rs112584513 C T 0.195834 -0.249371 0.055826 -0.358789 -0.139953 -4.466964 8.04e-06 5.094475 0.119473 0.729607 0 2 143 -?-
rs80309905 T A 0.024434 -0.504788 0.113298 -0.726851 -0.282724 -4.455412 8.49e-06 5.071104 0.403723 0.817208 0 3 880 ---
rs13035327 G T 0.174822 -0.276758 0.062266 -0.398799 -0.154718 -4.444795 8.92e-06 5.049673 0.056638 0.811891 0 2 143 -?-
rs34748293 C T 0.174822 -0.276758 0.062266 -0.398799 -0.154718 -4.444795 8.92e-06 5.049673 0.056638 0.811891 0 2 143 -?-
rs10484217 C G 0.243945 -0.195102 0.043918 -0.281181 -0.109023 -4.442416 9.02e-06 5.044878 0.129466 0.718986 0 2 779 --?
rs7708727 T A 0.072728 0.251213 0.056599 0.140278 0.362148 4.438436 9.19e-06 5.03686 1.717769 0.423634 0 3 880 +++
rs62233365 A G 0.227257 -0.162407 0.036633 -0.234208 -0.090606 -4.433353 9.41e-06 5.026629 1.494702 0.473619 0 3 880 ---
rs143955505 T C 0.038459 -0.527808 0.119321 -0.761678 -0.293938 -4.423415 9.85e-06 5.00666 1.175701 0.278233 0.149444 2 143 -?-
