rs_number reference_allele other_allele eaf beta se beta_95L beta_95U z p-value -log10_p-value q_statistic q_p-value i2 n_studies n_samples effects
rs113820112 C T 0.028461 0.050851 0.010104 0.031047 0.070655 5.032619 4.93e-07 6.307067 2.703537 0.258782 0.260228 3 6659 +++
rs61930970 G C 0.032356 -0.045159 0.009202 -0.063195 -0.027123 -4.907479 9.39e-07 6.027269 2.249026 0.324811 0.110726 3 6659 ---
rs195860 T G 0.152985 0.022297 0.004615 0.013253 0.031342 4.831943 1.38e-06 5.861557 0.039191 0.980595 0 3 6659 +++
rs6622222 A G 0.183757 -0.025206 0.005251 -0.035498 -0.014915 -4.800443 1.61e-06 5.793158 1.791845 0.408231 0 3 6482 ---
rs290474 T C 0.476066 0.015759 0.003315 0.009262 0.022256 4.753879 2.03e-06 5.692809 1.988695 0.369965 0 3 6659 +++
rs4826963 T C 0.18444 -0.024926 0.005243 -0.035202 -0.014649 -4.754012 2.03e-06 5.693094 1.936424 0.379761 0 3 6482 ---
rs61885131 G A 0.031315 -0.044275 0.00932 -0.062543 -0.026008 -4.750451 2.06e-06 5.685456 2.782209 0.2488 0.281147 3 6659 ---
rs2189242 C G 0.197145 -0.024214 0.0051 -0.034209 -0.014218 -4.748032 2.09e-06 5.680273 0.802106 0.669615 0 3 6482 ---
rs41307409 T C 0.174882 -0.02534 0.005355 -0.035836 -0.014845 -4.732222 2.26e-06 5.646445 1.724836 0.42214 0 3 6482 ---
rs113512906 C G 0.194743 -0.024173 0.005116 -0.0342 -0.014146 -4.724988 2.34e-06 5.631001 0.797353 0.671208 0 3 6482 ---
rs61898227 G A 0.031252 -0.043991 0.009334 -0.062286 -0.025697 -4.713094 2.48e-06 5.605659 2.791061 0.247702 0.283427 3 6659 ---
rs6652956 G A 0.197776 -0.023907 0.005097 -0.033896 -0.013917 -4.690496 2.77e-06 5.557671 0.805864 0.668358 0 3 6482 ---
rs61886422 T C 0.031384 -0.043647 0.009313 -0.061901 -0.025393 -4.686561 2.82e-06 5.549338 3.090359 0.213274 0.352826 3 6659 ---
rs1859170 G A 0.199348 -0.023837 0.005087 -0.033808 -0.013867 -4.686006 2.83e-06 5.548162 0.874162 0.645919 0 3 6482 ---
rs4826961 T A 0.199348 -0.023837 0.005087 -0.033808 -0.013867 -4.686006 2.83e-06 5.548162 0.874162 0.645919 0 3 6482 ---
rs929251 G T 0.199348 -0.023837 0.005087 -0.033808 -0.013867 -4.686006 2.83e-06 5.548162 0.874162 0.645919 0 3 6482 ---
rs714539 G A 0.199348 -0.023837 0.005087 -0.033808 -0.013867 -4.686006 2.83e-06 5.548162 0.874162 0.645919 0 3 6482 ---
rs56729616 A C 0.199266 -0.023837 0.005087 -0.033808 -0.013867 -4.686006 2.83e-06 5.548162 0.874162 0.645919 0 3 6482 ---
rs74397177 A C 0.030486 0.045861 0.009803 0.026647 0.065076 4.678154 2.94e-06 5.531552 2.319797 0.313518 0.137856 3 6659 +++
rs6622208 C G 0.176531 -0.024937 0.005332 -0.035388 -0.014485 -4.676454 2.97e-06 5.52796 1.762803 0.414202 0 3 6482 ---
rs138918018 A G 0.017425 0.06121 0.013123 0.03549 0.08693 4.664493 3.14e-06 5.502716 0.24138 0.623211 0 2 6097 ++?
rs6523945 A G 0.197537 -0.023755 0.0051 -0.033751 -0.013759 -4.657962 3.24e-06 5.488959 1.2069 0.546921 0 3 6482 ---
rs115638271 G A 0.015027 0.063266 0.013587 0.036635 0.089897 4.656272 3.27e-06 5.485402 1.758887 0.415014 0 3 6652 +++
rs6622213 G A 0.199786 -0.023655 0.005085 -0.033622 -0.013688 -4.651622 3.34e-06 5.47562 0.877281 0.644912 0 3 6482 ---
rs60481989 T C 0.030997 0.043757 0.009417 0.025301 0.062214 4.646849 3.42e-06 5.465588 2.60829 0.271404 0.233214 3 6659 +++
rs11604102 T C 0.023059 -0.051469 0.011098 -0.073222 -0.029716 -4.637524 3.58e-06 5.446018 5.222737 0.073434 0.617059 3 6659 ---
rs6616629 G A 0.180329 -0.025718 0.005545 -0.036586 -0.014849 -4.637794 3.58e-06 5.446584 1.164752 0.280482 0.141448 2 5677 ?--
rs6523947 A G 0.186202 -0.024236 0.005232 -0.034491 -0.013981 -4.632238 3.67e-06 5.434942 2.02793 0.362778 0.013773 3 6482 ---
rs61899789 G C 0.042801 -0.036997 0.007988 -0.052653 -0.021341 -4.631734 3.68e-06 5.433885 4.980566 0.082887 0.598439 3 6659 ---
rs6616627 A G 0.177904 -0.02579 0.005571 -0.036709 -0.014871 -4.629299 3.73e-06 5.428789 1.210527 0.271228 0.173913 2 5677 ?--
rs376802957 G A 0.178274 -0.024519 0.005307 -0.034922 -0.014117 -4.619808 3.9e-06 5.40894 1.555345 0.459474 0 3 6482 ---
rs421495 T C 0.17178 -0.019985 0.004327 -0.028466 -0.011504 -4.618429 3.93e-06 5.406058 2.660778 0.264374 0.24834 3 6659 --+
rs56224243 C T 0.2854 -0.016712 0.003623 -0.023813 -0.009611 -4.612886 4.03e-06 5.394486 1.335731 0.512802 0 3 6654 ---
rs6622178 G T 0.178029 -0.024476 0.005308 -0.03488 -0.014072 -4.61096 4.07e-06 5.390471 1.555967 0.459331 0 3 6482 ---
rs409453 C G 0.171621 -0.019933 0.004331 -0.028421 -0.011444 -4.602468 4.24e-06 5.372774 2.649462 0.265874 0.24513 3 6659 --+
rs416573 C T 0.16692 -0.020117 0.004381 -0.028704 -0.01153 -4.59168 4.46e-06 5.350336 2.978699 0.225519 0.328566 3 6659 --+
rs6622177 A G 0.178111 -0.024372 0.005307 -0.034775 -0.013969 -4.592067 4.46e-06 5.351141 1.557547 0.458969 0 3 6482 ---
rs623881 G A 0.468853 0.016059 0.0035 0.009199 0.022919 4.58845 4.53e-06 5.343629 0.660754 0.416294 0 2 6097 ++?
rs7103961 G T 0.209663 0.041188 0.008978 0.02359 0.058785 4.587481 4.55e-06 5.341617 0.108936 0.741358 0 2 1367 +?+
rs6616626 G A 0.175959 -0.024373 0.005331 -0.034822 -0.013925 -4.572052 4.9e-06 5.309638 1.878637 0.390894 0 3 6482 ---
rs1927309 G A 0.154231 -0.025794 0.005642 -0.036852 -0.014735 -4.571716 4.91e-06 5.308943 1.768458 0.413032 0 3 6477 ---
rs6622141 C T 0.176159 -0.024374 0.005333 -0.034826 -0.013922 -4.570778 4.93e-06 5.307004 1.857586 0.39503 0 3 6470 ---
rs10120310 A G 0.171621 -0.019742 0.004326 -0.028222 -0.011263 -4.563495 5.11e-06 5.291946 2.632425 0.268149 0.240244 3 6659 --+
rs9562710 G T 0.079915 0.027767 0.006091 0.015828 0.039707 4.558459 5.23e-06 5.281547 0.335549 0.845544 0 3 6659 +++
rs409595 A T 0.171621 -0.019697 0.004331 -0.028186 -0.011209 -4.548138 5.49e-06 5.26027 2.597527 0.272869 0.230037 3 6659 --+
rs623343 T C 0.465735 0.015932 0.003505 0.009062 0.022801 4.545412 5.56e-06 5.254659 0.684759 0.407953 0 2 6097 ++?
rs7060186 T C 0.196366 -0.023259 0.005118 -0.033291 -0.013228 -4.544695 5.58e-06 5.253184 0.843037 0.65605 0 3 6482 ---
rs1533115 A G 0.162518 -0.019892 0.00438 -0.028478 -0.011307 -4.541258 5.67e-06 5.246114 2.250823 0.324519 0.111436 3 6653 ---
rs867450377 C T 0.027809 -0.046007 0.010135 -0.065872 -0.026142 -4.539268 5.73e-06 5.242022 2.222326 0.329176 0.100042 3 6659 ---
rs666535 A C 0.468419 0.015886 0.0035 0.009026 0.022747 4.538527 5.75e-06 5.240497 1.305811 0.253155 0.234192 2 6097 ++?
rs378716 G T 0.1716 -0.019631 0.004327 -0.028111 -0.01115 -4.537002 5.79e-06 5.237364 2.584318 0.274677 0.226101 3 6656 --+
rs10764667 G C 0.350137 0.015802 0.003483 0.008975 0.022629 4.536645 5.8e-06 5.236629 4.236131 0.120264 0.527871 3 6659 ++-
rs6418252 G T 0.211481 -0.022464 0.004953 -0.032173 -0.012756 -4.535253 5.84e-06 5.23377 0.689357 0.708448 0 3 6449 ---
rs5962822 T C 0.198777 -0.023086 0.005091 -0.033065 -0.013106 -4.534188 5.87e-06 5.231584 0.965772 0.617 0 3 6482 ---
rs35721281 G A 0.183485 0.019092 0.004211 0.010838 0.027346 4.533499 5.89e-06 5.230168 2.581383 0.275081 0.225221 3 6659 +++
rs7996092 T C 0.133407 0.021973 0.004855 0.012456 0.03149 4.525397 6.12e-06 5.213546 0.75773 0.684638 0 3 6659 +++
rs390235 C T 0.170985 -0.019626 0.004338 -0.028128 -0.011123 -4.523939 6.16e-06 5.210559 2.582702 0.274899 0.225617 3 6659 --+
rs12446633 G T 0.080799 -0.027047 0.00598 -0.038767 -0.015326 -4.523026 6.18e-06 5.208687 3.544847 0.169921 0.435801 3 6659 ---
rs61852644 A G 0.077274 -0.027645 0.006113 -0.039627 -0.015663 -4.522156 6.21e-06 5.206906 2.26033 0.32298 0.115173 3 6659 ---
rs78465670 C T 0.025048 0.048821 0.010826 0.027603 0.070039 4.50982 6.58e-06 5.181665 0.136594 0.711691 0 2 6097 ++?
rs73208478 C T 0.152035 0.020416 0.004528 0.011541 0.029292 4.508496 6.62e-06 5.178961 3.205867 0.201305 0.376144 3 6659 -++
rs2018004 T C 0.212043 -0.022244 0.004936 -0.031917 -0.01257 -4.506703 6.68e-06 5.175298 0.796825 0.671385 0 3 6482 ---
rs76885498 C T 0.031435 0.042184 0.009364 0.023829 0.060538 4.504666 6.74e-06 5.17114 3.300222 0.192029 0.39398 3 6659 +++
rs11760097 C A 0.187704 0.018785 0.00417 0.010612 0.026958 4.504731 6.74e-06 5.171271 1.933452 0.380326 0 3 6659 +++
rs7738930 T C 0.021846 -0.050902 0.011304 -0.073058 -0.028746 -4.502947 6.8e-06 5.167632 2.515958 0.284228 0.205074 3 6659 ---
rs1859172 A G 0.198209 -0.022967 0.005102 -0.032966 -0.012968 -4.501921 6.83e-06 5.165538 0.90504 0.636023 0 3 6482 ---
rs2026120 A T 0.350424 0.015674 0.003482 0.00885 0.022498 4.50163 6.84e-06 5.164944 4.307289 0.11606 0.535671 3 6659 ++-
rs12557888 T C 0.189416 -0.023311 0.005182 -0.033468 -0.013155 -4.498735 6.93e-06 5.15904 0.823819 0.662384 0 3 6482 ---
rs4297632 T C 0.02253 0.050714 0.011276 0.028612 0.072816 4.497316 6.98e-06 5.156148 1.119942 0.571226 0 3 6659 +++
rs7087082 T C 0.350345 0.01565 0.003482 0.008825 0.022474 4.494692 7.07e-06 5.1508 4.296357 0.116697 0.534489 3 6659 ++-
rs34816485 T C 0.181966 0.018953 0.004218 0.010685 0.027221 4.492816 7.13e-06 5.14698 1.987387 0.370207 0 3 6659 +++
rs7115814 G A 0.052948 -0.032869 0.007334 -0.047245 -0.018494 -4.48161 7.51e-06 5.124186 3.773629 0.151554 0.470006 3 6653 ---
rs35133360 A T 0.187704 0.01868 0.00417 0.010507 0.026854 4.479583 7.58e-06 5.12007 1.932459 0.380515 0 3 6659 +++
rs2064208 A C 0.187704 0.01868 0.00417 0.010507 0.026854 4.479583 7.58e-06 5.12007 1.932459 0.380515 0 3 6659 +++
rs10764664 T A 0.350345 0.0156 0.003483 0.008775 0.022426 4.47956 7.59e-06 5.120022 4.274307 0.11799 0.532088 3 6659 ++-
rs6622227 C G 0.210629 -0.022167 0.004951 -0.03187 -0.012464 -4.477588 7.66e-06 5.116019 0.669214 0.715619 0 3 6482 ---
rs112977948 G A 0.210629 -0.022167 0.004951 -0.03187 -0.012464 -4.477588 7.66e-06 5.116019 0.669214 0.715619 0 3 6482 ---
rs6652957 C T 0.210629 -0.022167 0.004951 -0.03187 -0.012464 -4.477588 7.66e-06 5.116019 0.669214 0.715619 0 3 6482 ---
rs5917052 T C 0.274455 -0.020337 0.004542 -0.02924 -0.011435 -4.477429 7.66e-06 5.115697 2.966294 0.226922 0.325758 3 6479 +--
rs184544708 T C 0.014394 0.061726 0.01379 0.034698 0.088754 4.476222 7.7e-06 5.113246 0.728256 0.694802 0 3 6659 +++
rs35997400 A C 0.187306 0.018666 0.00417 0.010493 0.026839 4.476166 7.71e-06 5.113133 1.556602 0.459185 0 3 6659 +++
rs35618329 A C 0.187306 0.018666 0.00417 0.010493 0.026839 4.476166 7.71e-06 5.113133 1.556602 0.459185 0 3 6659 +++
rs59060048 T A 0.187306 0.018666 0.00417 0.010493 0.026839 4.476166 7.71e-06 5.113133 1.556602 0.459185 0 3 6659 +++
rs115297471 G C 0.259276 0.016793 0.003753 0.009437 0.024149 4.47474 7.76e-06 5.110239 0.032101 0.984078 0 3 6659 +++
rs636590 C T 0.472294 0.015654 0.003499 0.008796 0.022511 4.474297 7.77e-06 5.109341 1.268516 0.260045 0.211677 2 6097 ++?
rs6622225 A G 0.212502 -0.022064 0.004932 -0.03173 -0.012398 -4.473919 7.79e-06 5.108573 0.795184 0.671936 0 3 6482 ---
rs12559122 G A 0.197049 -0.022877 0.005117 -0.032906 -0.012848 -4.470922 7.9e-06 5.102496 0.90153 0.63714 0 3 6481 ---
rs592363 C T 0.470377 0.015713 0.003515 0.008823 0.022602 4.470106 7.93e-06 5.100842 0.854809 0.355196 0 2 6097 ++?
rs6418251 A C 0.197539 -0.02285 0.005112 -0.03287 -0.012831 -4.469868 7.94e-06 5.100359 0.902644 0.636786 0 3 6482 ---
rs4001554 T C 0.378491 0.014905 0.003337 0.008365 0.021446 4.466622 8.06e-06 5.093784 5.060807 0.079627 0.604806 3 6659 -++
rs13073868 T G 0.453198 0.032518 0.007284 0.018243 0.046794 4.464616 8.13e-06 5.089721 1.490208 0.222184 0.328953 2 1367 +?+
rs6622216 G T 0.197883 -0.022774 0.005103 -0.032775 -0.012772 -4.462771 8.2e-06 5.085987 0.925965 0.629404 0 3 6482 ---
rs10764665 C T 0.350351 0.015543 0.003483 0.008716 0.02237 4.46252 8.21e-06 5.085477 4.269073 0.118299 0.531514 3 6659 ++-
rs12123240 T A 0.181974 0.018755 0.004205 0.010512 0.026998 4.459678 8.32e-06 5.079728 0.206728 0.901799 0 3 6659 +++
rs423477 G A 0.174435 -0.019236 0.004313 -0.02769 -0.010782 -4.459769 8.32e-06 5.079912 3.361419 0.186242 0.405013 3 6655 --+
rs2189241 T G 0.189171 -0.023113 0.005186 -0.033277 -0.012948 -4.456918 8.43e-06 5.074148 0.828068 0.660978 0 3 6482 ---
rs35528016 A T 0.182039 0.018799 0.004218 0.010532 0.027067 4.456667 8.44e-06 5.073641 1.748801 0.417112 0 3 6659 +++
rs636620 G C 0.471079 0.0156 0.003502 0.008736 0.022465 4.454325 8.53e-06 5.068908 1.493762 0.221634 0.330549 2 6097 ++?
rs2343825 C T 0.197457 -0.022755 0.005112 -0.032774 -0.012735 -4.45119 8.66e-06 5.062577 0.906717 0.63549 0 3 6482 ---
rs1885643 T A 0.187491 -0.023184 0.00521 -0.033395 -0.012973 -4.450232 8.7e-06 5.060642 0.766106 0.681777 0 3 6482 ---
rs5962823 C T 0.198291 -0.022686 0.005101 -0.032685 -0.012688 -4.447122 8.82e-06 5.054367 0.929369 0.628333 0 3 6482 ---
rs6523946 A G 0.198042 -0.022694 0.005104 -0.032698 -0.01269 -4.446373 8.85e-06 5.052856 0.832633 0.659472 0 3 6481 ---
rs10829166 G A 0.350576 0.015468 0.00348 0.008647 0.022288 4.445115 8.91e-06 5.050319 4.233485 0.120423 0.527576 3 6659 ++-
rs2007376 A G 0.196723 -0.022738 0.005116 -0.032766 -0.012711 -4.444455 8.93e-06 5.048988 0.90745 0.635257 0 3 6482 ---
rs6622210 C T 0.189334 -0.023034 0.005184 -0.033195 -0.012874 -4.443234 8.98e-06 5.046526 0.829859 0.660387 0 3 6482 ---
rs11755567 A G 0.187588 0.018532 0.004172 0.010354 0.02671 4.441702 9.05e-06 5.04344 1.982418 0.371128 0 3 6656 +++
rs4609781 A G 0.022586 0.049982 0.011256 0.027921 0.072043 4.440654 9.09e-06 5.041327 1.094283 0.578601 0 3 6659 +++
rs6523953 A G 0.197047 -0.022712 0.005117 -0.032741 -0.012683 -4.438701 9.18e-06 5.037393 0.90858 0.634899 0 3 6478 ---
rs9467446 A T 0.182515 0.018697 0.004218 0.010431 0.026964 4.433252 9.41e-06 5.026426 2.153548 0.340693 0.0713 3 6659 +++
rs201229980 C G 0.196611 -0.022677 0.005116 -0.032704 -0.012651 -4.433063 9.42e-06 5.026047 0.872078 0.646593 0 3 6482 ---
rs395992 C A 0.170225 -0.019215 0.004337 -0.027715 -0.010715 -4.430751 9.52e-06 5.021397 2.79453 0.247272 0.284316 3 6659 --+
rs592331 G T 0.470298 0.015562 0.003513 0.008677 0.022447 4.43015 9.55e-06 5.02019 0.853028 0.355697 0 2 6097 ++?
rs4826955 T C 0.18692 -0.023081 0.005213 -0.033298 -0.012864 -4.427667 9.66e-06 5.015199 0.769483 0.680626 0 3 6482 ---
rs5962829 C A 0.197131 -0.022651 0.005116 -0.032679 -0.012624 -4.427493 9.66e-06 5.01485 0.911261 0.634048 0 3 6482 ---
rs5962395 T G 0.197049 -0.022651 0.005116 -0.032679 -0.012624 -4.427493 9.66e-06 5.01485 0.911261 0.634048 0 3 6482 ---
rs5962396 T C 0.197049 -0.022651 0.005116 -0.032679 -0.012624 -4.427493 9.66e-06 5.01485 0.911261 0.634048 0 3 6482 ---
rs6523954 G T 0.197049 -0.022651 0.005116 -0.032679 -0.012624 -4.427493 9.66e-06 5.01485 0.911261 0.634048 0 3 6482 ---
rs8044658 T C 0.092991 0.025486 0.005761 0.014195 0.036777 4.424039 9.82e-06 5.007913 0.688166 0.70887 0 3 6659 +++
rs77627525 T A 0.03083 0.041711 0.009432 0.023225 0.060198 4.422425 9.89e-06 5.004672 2.926239 0.231513 0.316529 3 6659 +++
rs610179 G T 0.468309 0.015565 0.00352 0.008665 0.022464 4.421422 9.94e-06 5.002659 0.920535 0.337335 0 2 6097 ++?
