rs_number reference_allele other_allele eaf beta se beta_95L beta_95U z p-value -log10_p-value q_statistic q_p-value i2 n_studies n_samples effects
rs1836847 C T 0.06356 0.01864 0.003726 0.011337 0.025943 5.002591 5.76e-07 6.239328 2.850093 0.240497 0.298269 3 5058 ++?+
rs73195448 G A 0.082552 0.012698 0.002629 0.007544 0.017852 4.82917 1.39e-06 5.855518 3.400188 0.33394 0.117696 4 10590 +-++
rs1570186 A G 0.326476 -0.009176 0.001907 -0.012913 -0.005439 -4.812709 1.51e-06 5.819742 0.513307 0.773636 0 3 5060 --?-
rs248515 C T 0.11072 -0.011315 0.002359 -0.015939 -0.006692 -4.796681 1.64e-06 5.785015 2.927498 0.402939 0 4 10589 ----
rs1321874 A C 0.325479 -0.009059 0.001905 -0.012793 -0.005324 -4.754258 2.02e-06 5.693621 0.569206 0.752313 0 3 5060 --?-
rs4906795 A G 0.07867 0.016009 0.003386 0.009373 0.022645 4.728425 2.3e-06 5.638337 0.220105 0.895787 0 3 5060 ++?+
rs7327754 C T 0.065838 -0.013947 0.002992 -0.019812 -0.008082 -4.660764 3.2e-06 5.494859 1.077554 0.782495 0 4 10591 ----
rs17252816 A C 0.172923 -0.011549 0.002491 -0.016431 -0.006667 -4.63635 3.6e-06 5.443557 1.346044 0.510165 0 3 10000 -?--
rs7326592 A G 0.065586 -0.013885 0.002996 -0.019757 -0.008013 -4.634892 3.63e-06 5.440502 1.105485 0.77575 0 4 10590 ----
rs7999961 A G 0.065048 -0.013886 0.003011 -0.019789 -0.007984 -4.611445 4.06e-06 5.391481 1.101762 0.776649 0 4 10591 ----
rs7982582 A G 0.052977 -0.015452 0.003357 -0.022031 -0.008872 -4.602842 4.23e-06 5.373553 0.669484 0.880357 0 4 10591 ----
rs79253750 A G 0.018096 0.028298 0.006149 0.016246 0.040351 4.601851 4.25e-06 5.371489 12.827551 0.001639 0.844086 3 9161 +++?
rs144838831 A G 0.016365 0.027617 0.006003 0.015851 0.039384 4.6003 4.28e-06 5.368261 0.115928 0.98986 0 4 10591 ++++
rs12365709 A G 0.062677 0.013754 0.003008 0.007858 0.01965 4.572058 4.9e-06 5.309652 0.325532 0.955157 0 4 10591 ++++
rs7330185 T C 0.068017 -0.013411 0.002942 -0.019176 -0.007645 -4.558791 5.22e-06 5.282234 1.064129 0.78574 0 4 10591 ----
rs275728 T G 0.052164 0.018362 0.004032 0.010459 0.026264 4.554262 5.33e-06 5.272891 0.807193 0.667914 0 3 5054 +-?+
rs6491398 T C 0.067996 -0.013367 0.002942 -0.019133 -0.007601 -4.543568 5.61e-06 5.250863 1.063408 0.785914 0 4 10587 ----
rs74843718 T C 0.019403 0.026756 0.00589 0.015212 0.0383 4.542941 5.63e-06 5.249575 8.009184 0.018232 0.750287 3 9161 +++?
rs3925588 A G 0.064948 -0.013673 0.003015 -0.019582 -0.007764 -4.535499 5.83e-06 5.234277 1.055103 0.787922 0 4 10591 ----
rs9915423 G A 0.353063 0.007085 0.001564 0.004019 0.010151 4.529532 6e-06 5.222027 1.181215 0.757513 0 4 10590 ++++
rs117020339 C T 0.022224 0.022218 0.004932 0.012552 0.031884 4.505222 6.73e-06 5.172275 0.271304 0.965332 0 4 10591 ++++
rs74328708 A G 0.084337 -0.011856 0.002636 -0.017023 -0.006688 -4.496869 6.99e-06 5.155237 0.177902 0.981075 0 4 10591 ----
rs7334924 T C 0.053295 -0.014992 0.003335 -0.021529 -0.008455 -4.494898 7.06e-06 5.151221 1.028132 0.794445 0 4 10590 ----
rs142882387 G C 0.016738 -0.028446 0.006348 -0.040889 -0.016003 -4.480893 7.54e-06 5.122731 0.29372 0.863415 0 3 9161 ---?
rs5969000 A G 0.185948 -0.010842 0.002421 -0.015587 -0.006096 -4.478142 7.64e-06 5.117143 0.246462 0.88406 0 3 10000 -?--
rs17286948 T C 0.027507 0.019767 0.004423 0.011098 0.028436 4.469041 7.97e-06 5.098683 0.996311 0.802145 0 4 10591 +-++
rs17405197 C A 0.101182 -0.011126 0.002496 -0.016017 -0.006234 -4.458193 8.38e-06 5.076725 2.300101 0.512502 0 4 10590 ----
rs1343261 T C 0.190214 -0.010701 0.002408 -0.015421 -0.005981 -4.44388 8.96e-06 5.047828 0.312854 0.855194 0 3 10000 -?--
rs111914386 T C 0.037333 -0.017379 0.003914 -0.025049 -0.009708 -4.440727 9.09e-06 5.041474 0.508217 0.917083 0 4 10589 ----
rs5968999 T C 0.18601 -0.010744 0.00242 -0.015487 -0.006001 -4.440129 9.11e-06 5.04027 0.270848 0.873346 0 3 10000 -?--
chr7:18790427:T:G T G 0.153327 0.009148 0.002061 0.005108 0.013189 4.438072 9.2e-06 5.036126 3.009172 0.390213 0.003048 4 10591 +++-
rs2588625 T C 0.152578 0.009153 0.002064 0.005108 0.013198 4.43483 9.34e-06 5.029602 2.667998 0.445693 0 4 10591 +++-
rs8014404 T C 0.302616 0.007182 0.001621 0.004004 0.010359 4.43044 9.53e-06 5.020772 1.668531 0.643953 0 4 10591 ++++
rs2073962 A T 0.154699 0.009115 0.002058 0.005082 0.013149 4.42992 9.56e-06 5.019726 2.9942 0.39252 0 4 10591 +++-
rs165638 T C 0.104086 -0.011258 0.002544 -0.016245 -0.006271 -4.424767 9.79e-06 5.009373 0.934111 0.626845 0 3 9161 ---?
