rs_number reference_allele other_allele eaf beta se beta_95L beta_95U z p-value -log10_p-value q_statistic q_p-value i2 n_studies n_samples effects
rs34095326 A G 0.139507 -0.197181 0.013014 -0.222689 -0.171674 -15.151482 8.25e-52 51.083655 4.583769 0.032276 0.781839 2 11449 --
rs10119 A G 0.335822 -0.135354 0.008996 -0.152986 -0.117722 -15.046191 4.07e-51 50.390523 16.513038 4.83e-05 0.939442 2 11449 --
rs75627662 T C 0.218495 -0.14481 0.01005 -0.164508 -0.125112 -14.408973 5.03e-47 46.29802 34.459434 4.35e-09 0.97098 2 12976 --
rs7259620 A G 0.408655 0.085769 0.008218 0.069662 0.101875 10.437219 1.8e-25 24.744492 0.231826 0.630173 0 2 12975 ++
rs484195 A G 0.335596 0.105094 0.010124 0.085252 0.124937 10.380797 3.26e-25 24.487339 0.023188 0.878968 0 2 11072 ++
rs157595 A G 0.335422 0.104515 0.01012 0.08468 0.124349 10.327809 5.66e-25 24.247081 0.117227 0.732062 0 2 11072 ++
rs157594 T G 0.335567 0.104487 0.010122 0.084648 0.124326 10.322781 5.97e-25 24.224349 0.141601 0.706694 0 2 11072 ++
rs3925681 A G 0.366173 0.097878 0.009836 0.0786 0.117156 9.95128 2.66e-23 22.574661 14.063951 0.000177 0.928896 2 11072 ++
rs112019714 C T 0.044536 -0.207755 0.020998 -0.248911 -0.166598 -9.893968 4.73e-23 22.325452 0.43806 0.50806 0 2 12976 --
rs1081105 C A 0.04303 -0.207288 0.021236 -0.248909 -0.165666 -9.761333 1.76e-22 21.754135 0.122183 0.726679 0 2 12976 --
rs77301115 A G 0.040679 -0.210729 0.021882 -0.253618 -0.16784 -9.630134 6.36e-22 21.196449 0.398664 0.52778 0 2 12975 --
rs112849259 T C 0.040737 -0.210953 0.021915 -0.253906 -0.167999 -9.625889 6.63e-22 21.178529 0.394148 0.530127 0 2 12971 --
rs115881343 T C 0.041964 -0.207155 0.021612 -0.249515 -0.164795 -9.585007 9.86e-22 21.006338 0.80893 0.368437 0 2 12915 --
rs75687619 T G 0.040578 -0.210109 0.02194 -0.253112 -0.167106 -9.576367 1.07e-21 20.97004 0.405014 0.524511 0 2 12975 --
rs116881820 C T 0.040864 -0.20851 0.021868 -0.251371 -0.16565 -9.535149 1.59e-21 20.797317 0.211262 0.64578 0 2 12976 --
rs79398853 T C 0.040591 -0.207413 0.021948 -0.250432 -0.164394 -9.450023 3.61e-21 20.442912 0.239993 0.624211 0 2 12970 --
rs140480140 A G 0.043771 -0.19769 0.020971 -0.238793 -0.156588 -9.426979 4.49e-21 20.347507 0.505872 0.476931 0 2 12976 --
rs114536010 T C 0.040484 -0.207143 0.021981 -0.250226 -0.16406 -9.423647 4.64e-21 20.333732 0.266141 0.605932 0 2 12954 --
rs3826688 T C 0.317852 0.09705 0.01031 0.076842 0.117259 9.41281 5.14e-21 20.288959 0.026019 0.871853 0 2 11072 ++
rs429358 C T 0.163581 -0.123245 0.013388 -0.149486 -0.097005 -9.205647 3.61e-20 19.442805 3.179236 0.07458 0.685459 2 4569 --
rs584007 A G 0.316514 0.095006 0.010327 0.074766 0.115247 9.200141 3.8e-20 19.420567 0.000738 0.97832 0 2 11066 ++
rs188535946 A G 0.042072 -0.193655 0.021271 -0.235346 -0.151964 -9.104254 9.22e-20 19.035391 0.461142 0.497091 0 2 12976 --
rs150966173 T C 0.041876 -0.193756 0.02132 -0.235543 -0.15197 -9.08812 1.07e-19 18.970968 0.414797 0.519545 0 2 12912 --
rs769450 A G 0.373889 0.075657 0.008376 0.05924 0.092073 9.03261 1.78e-19 18.750173 4.243035 0.039412 0.76432 2 12976 ++
rs34878901 T C 0.380607 0.074456 0.008327 0.058134 0.090777 8.941205 4.08e-19 18.389489 3.634307 0.0566 0.724844 2 12976 ++
rs4803772 T C 0.299177 0.092883 0.010389 0.07252 0.113247 8.940132 4.12e-19 18.385278 10.467915 0.001215 0.90447 2 11072 ++
rs769449 A G 0.118357 -0.140852 0.015815 -0.171849 -0.109856 -8.906485 5.58e-19 18.253422 2.167054 0.140996 0.538544 2 4575 --
rs12721051 G C 0.183081 -0.114649 0.012997 -0.140125 -0.089174 -8.820904 1.2e-18 17.92025 0.529127 0.466974 0 2 4575 --
rs12721056 T G 0.310074 0.090097 0.010282 0.069943 0.11025 8.762255 2.02e-18 17.693739 6.382553 0.011525 0.843323 2 11072 ++
rs78959900 A G 0.307712 0.089493 0.010298 0.069308 0.109677 8.689977 3.83e-18 17.416623 5.771973 0.016284 0.826749 2 11036 ++
rs184017 G T 0.288602 -0.100673 0.011615 -0.123437 -0.077908 -8.667745 4.66e-18 17.331833 16.703427 4.37e-05 0.940132 2 5682 --
rs283811 G A 0.275822 -0.099768 0.011609 -0.122521 -0.077016 -8.594384 8.84e-18 17.053559 12.517305 0.000403 0.920111 2 5682 --
rs73052335 C A 0.128647 -0.13071 0.015236 -0.160573 -0.100847 -8.578934 1.01e-17 16.995246 3.682484 0.054987 0.728444 2 4575 -+
rs440446 C G 0.317317 0.078191 0.009119 0.060317 0.096065 8.5741 1.05e-17 16.977023 0.012573 0.910721 0 2 12556 ++
rs1305062 C G 0.372216 0.071041 0.008369 0.054637 0.087444 8.488438 2.21e-17 16.655751 1.518243 0.217886 0.341344 2 12976 ++
rs59325138 T C 0.351651 0.072538 0.008572 0.055736 0.08934 8.46171 2.78e-17 16.556154 6.941881 0.00842 0.855947 2 12976 ++
rs41289512 G C 0.043344 -0.181408 0.021704 -0.223947 -0.138869 -8.358454 6.69e-17 16.174266 0.915938 0.338544 0 2 12976 --
rs157581 C T 0.294336 -0.097008 0.011617 -0.119778 -0.074238 -8.3504 7.17e-17 16.144673 14.259343 0.000159 0.929871 2 5682 --
rs438811 T C 0.307432 -0.09572 0.011463 -0.118188 -0.073251 -8.349986 7.19e-17 16.143151 8.662398 0.003248 0.884559 2 5682 --
rs56131196 A G 0.192843 -0.105207 0.012701 -0.130101 -0.080313 -8.283438 1.26e-16 15.899689 6.157179 0.013088 0.837588 2 4568 --
rs12721046 A G 0.14726 -0.119288 0.014408 -0.147528 -0.091048 -8.279279 1.3e-16 15.884539 2.659327 0.102944 0.623965 2 4575 --
rs4420638 G A 0.193848 -0.104644 0.012672 -0.129481 -0.079807 -8.257961 1.56e-16 15.806988 8.071623 0.004496 0.876109 2 4569 --
rs111789331 A T 0.148268 -0.118507 0.014407 -0.146745 -0.090269 -8.225584 2.04e-16 15.689578 2.622555 0.105355 0.618692 2 4575 --
rs7256200 T G 0.136822 -0.118974 0.014534 -0.147461 -0.090488 -8.18597 2.84e-16 15.546537 17.792247 2.46e-05 0.943796 2 4575 -+
rs2238681 T C 0.351685 0.069843 0.00855 0.053085 0.086602 8.168732 3.28e-16 15.484501 1.500985 0.22052 0.333771 2 12976 ++
rs10414043 A G 0.136923 -0.118695 0.014531 -0.147176 -0.090214 -8.168222 3.29e-16 15.482667 18.110716 2.08e-05 0.944784 2 4575 -+
rs6857 T C 0.170689 -0.108729 0.013384 -0.134961 -0.082497 -8.124074 4.74e-16 15.324383 4.005879 0.045342 0.750367 2 4574 --
rs4803770 G C 0.335387 0.072722 0.009012 0.055059 0.090385 8.069856 7.39e-16 15.131136 11.637079 0.000647 0.914068 2 12556 ++
rs8106922 G A 0.353203 0.067596 0.008536 0.050866 0.084327 7.918945 2.51e-15 14.599878 0.405031 0.524502 0 2 12968 ++
rs12972156 G C 0.143348 -0.112399 0.014536 -0.140889 -0.083909 -7.732511 1.1e-14 13.957028 1.697229 0.192651 0.410804 2 4575 --
rs12972970 A G 0.143348 -0.112399 0.014536 -0.140889 -0.083909 -7.732511 1.1e-14 13.957028 1.697229 0.192651 0.410804 2 4575 --
rs66626994 A G 0.158778 -0.105106 0.013762 -0.132079 -0.078134 -7.637662 2.31e-14 13.635682 10.413207 0.001251 0.903968 2 4575 -+
rs34342646 A G 0.147162 -0.106945 0.014416 -0.1352 -0.07869 -7.418607 1.24e-13 12.908229 4.687251 0.030387 0.786655 2 4575 -+
rs71352238 C T 0.145973 -0.105235 0.014472 -0.133601 -0.07687 -7.271528 3.7e-13 12.431306 2.765799 0.096299 0.638441 2 4575 -+
rs7412 T C 0.070113 0.111364 0.015385 0.081209 0.141519 7.238293 4.73e-13 12.324816 0.676464 0.410807 0 2 12957 ++
rs7254133 T C 0.322442 -0.073996 0.010253 -0.094093 -0.053899 -7.216774 5.54e-13 12.256118 0.406252 0.523878 0 2 11072 --
chr19:44909976:G:T T G 0.071406 0.109797 0.015218 0.079969 0.139625 7.214768 5.63e-13 12.249724 0.37847 0.538423 0 2 12976 ++
rs118170342 C T 0.056726 -0.152659 0.021646 -0.195084 -0.110234 -7.052695 1.82e-12 11.738801 4.194189 0.040563 0.761575 2 11072 --
rs34404554 G C 0.14963 -0.097336 0.014097 -0.124965 -0.069706 -6.904747 5.22e-12 11.282187 8.910103 0.002836 0.887768 2 4575 -+
rs11556505 T C 0.151047 -0.096407 0.014019 -0.123883 -0.06893 -6.876916 6.35e-12 11.197334 11.138695 0.000845 0.910223 2 4575 -+
rs3745150 C G 0.351249 0.058546 0.00858 0.04173 0.075362 6.823874 9.19e-12 11.036532 0.387192 0.533779 0 2 12976 ++
rs2075650 G A 0.152497 -0.095098 0.013968 -0.122475 -0.067722 -6.808481 1.02e-11 10.99009 11.821927 0.000585 0.915411 2 4574 -+
rs2075649 G A 0.34251 0.060527 0.009009 0.04287 0.078184 6.71868 1.9e-11 10.721169 3.055217 0.080478 0.672691 2 12556 ++
rs71352239 T C 0.27403 0.068762 0.010628 0.047931 0.089593 6.469874 1.01e-10 9.994011 4.430931 0.035293 0.774314 2 11072 ++
rs11668327 C G 0.147793 0.075642 0.011747 0.052618 0.098666 6.439344 1.24e-10 9.906599 0.015252 0.901713 0 2 12556 ++
rs60049679 C G 0.088307 -0.087712 0.014529 -0.116188 -0.059236 -6.037191 1.61e-09 8.792106 0.351344 0.553353 0 2 12976 --
rs4803763 C G 0.263621 -0.05681 0.009439 -0.07531 -0.03831 -6.018842 1.81e-09 8.742893 2.755791 0.096903 0.637128 2 12976 --
rs5117 C T 0.238339 -0.070199 0.011722 -0.093174 -0.047225 -5.988822 2.17e-09 8.662684 5.212885 0.02242 0.808168 2 4575 --
rs406456 G A 0.398222 -0.048971 0.008272 -0.065184 -0.032758 -5.920075 3.31e-09 8.480439 0.05268 0.818464 0 2 12976 --
rs2972559 G C 0.270762 -0.053607 0.009299 -0.071832 -0.035381 -5.764926 8.38e-09 8.0765 1.941787 0.163475 0.485011 2 12976 --
rs56317818 T C 0.274695 -0.051252 0.009184 -0.069252 -0.033252 -5.58086 2.45e-08 7.610473 5.805832 0.015973 0.827759 2 12976 -+
rs12462573 A G 0.273327 -0.051205 0.009205 -0.069246 -0.033164 -5.562978 2.72e-08 7.565962 6.936844 0.008444 0.855842 2 12976 -+
rs3852861 T G 0.395926 0.044806 0.008223 0.028689 0.060923 5.448896 5.19e-08 7.285166 0.501167 0.478988 0 2 12976 ++
rs3852860 T C 0.395761 0.044227 0.008227 0.028102 0.060351 5.375902 7.79e-08 7.108383 0.693355 0.405025 0 2 12976 ++
chr19:44893408:G:T T G 0.222941 -0.062251 0.011786 -0.085352 -0.03915 -5.281768 1.31e-07 6.883715 11.464927 0.000709 0.912777 2 4573 -+
rs7110631 C G 0.283754 0.050039 0.009485 0.031449 0.068629 5.275649 1.35e-07 6.86924 2.411676 0.120433 0.585351 2 12556 ++
rs141622900 A G 0.048499 0.095397 0.018187 0.059751 0.131042 5.245451 1.59e-07 6.798036 2.4113 0.120462 0.585286 2 12974 ++
rs35396326 G C 0.275168 -0.048601 0.009295 -0.06682 -0.030382 -5.228631 1.74e-07 6.758541 1.965881 0.160886 0.491322 2 12976 --
rs2927437 A G 0.184876 -0.055146 0.010616 -0.075953 -0.034339 -5.194757 2.09e-07 6.679364 4.710699 0.029975 0.787717 2 12976 -+
rs519961 T C 0.299478 0.048266 0.009354 0.029932 0.066601 5.159724 2.52e-07 6.597987 3.135428 0.076608 0.681064 2 12556 ++
rs10402271 G T 0.318547 -0.045325 0.00885 -0.06267 -0.027979 -5.121639 3.09e-07 6.510104 0.082261 0.774257 0 2 12973 --
rs573167 G A 0.300262 0.047657 0.009344 0.029343 0.065971 5.100334 3.46e-07 6.46121 2.614265 0.105907 0.617483 2 12556 ++
rs10402524 C T 0.318906 -0.044914 0.008835 -0.062231 -0.027597 -5.083464 3.78e-07 6.422627 0.035575 0.850396 0 2 12976 --
rs190712692 A G 0.047548 0.110339 0.02171 0.067788 0.15289 5.082495 3.8e-07 6.420415 0.77306 0.379272 0 2 11072 ++
rs11668861 T G 0.446579 0.041311 0.008138 0.025361 0.057261 5.076428 3.92e-07 6.406572 4.920244 0.026544 0.796758 2 12974 ++
rs113829713 G C 0.041357 -0.1034 0.020416 -0.143416 -0.063384 -5.064547 4.17e-07 6.379505 0.022358 0.881138 0 2 12976 --
rs586274 T G 0.30089 0.046973 0.009348 0.028651 0.065295 5.024925 5.13e-07 6.289673 2.818707 0.093171 0.645227 2 12556 ++
rs2927438 A G 0.210364 -0.050579 0.010097 -0.070368 -0.030789 -5.00946 5.56e-07 6.25479 2.385805 0.122442 0.580854 2 12857 --
rs34200989 C T 0.093299 -0.069377 0.013891 -0.096603 -0.04215 -4.994381 6.01e-07 6.220874 1.860827 0.172529 0.462605 2 12976 --
rs567075 T C 0.289469 0.047116 0.009436 0.028621 0.065611 4.993221 6.05e-07 6.218267 3.367939 0.066477 0.703082 2 12556 ++
rs61679753 A T 0.036501 0.126472 0.025702 0.076096 0.176849 4.920695 8.78e-07 6.056507 0.862706 0.352982 0 2 11072 ++
rs474479 C G 0.29053 0.046259 0.009415 0.027806 0.064712 4.913435 9.11e-07 6.040436 3.020507 0.082218 0.66893 2 12556 ++
rs449647 T A 0.184116 0.051551 0.01052 0.030932 0.07217 4.900278 9.74e-07 6.011368 29.492346 5.61e-08 0.966093 2 12976 +-
rs55923289 C T 0.118788 -0.062995 0.012904 -0.088286 -0.037703 -4.881888 1.07e-06 5.970858 4.359473 0.036804 0.770614 2 12975 -+
rs58826447 A T 0.328596 -0.042532 0.008722 -0.059628 -0.025436 -4.87621 1.1e-06 5.95838 0.198135 0.656231 0 2 12976 --
rs58446550 A C 0.328596 -0.042532 0.008722 -0.059628 -0.025436 -4.87621 1.1e-06 5.95838 0.198135 0.656231 0 2 12976 --
rs1160983 A G 0.032619 0.116039 0.023797 0.069396 0.162681 4.876179 1.1e-06 5.958312 1.251609 0.263245 0.201029 2 12556 ++
rs58132661 T A 0.328596 -0.042426 0.008723 -0.059522 -0.02533 -4.863946 1.17e-06 5.931473 0.226496 0.634134 0 2 12976 --
rs10410835 T C 0.468497 0.040793 0.008425 0.02428 0.057307 4.841744 1.31e-06 5.882924 0.288161 0.591401 0 2 12556 ++
rs7434707 T C 0.030418 0.117418 0.024406 0.069583 0.165253 4.811131 1.53e-06 5.816319 1.001427 0.316966 0.001425 2 12976 ++
rs645293 T C 0.319993 0.044029 0.00916 0.026074 0.061983 4.806387 1.56e-06 5.806031 3.941692 0.047103 0.746302 2 12556 ++
rs73052307 C T 0.123782 0.058359 0.012194 0.034458 0.08226 4.785768 1.73e-06 5.761434 11.999394 0.000532 0.916662 2 12969 +-
rs2081106 A C 0.087952 -0.068351 0.014308 -0.096396 -0.040307 -4.777002 1.81e-06 5.742526 2.194935 0.138465 0.544406 2 12973 --
rs77297085 G A 0.026665 0.14057 0.029452 0.082844 0.198296 4.772835 1.85e-06 5.73355 0.256593 0.61247 0 2 11072 ++
rs10412413 T C 0.329996 -0.041583 0.008715 -0.058664 -0.024502 -4.771608 1.86e-06 5.730908 0.797993 0.371694 0 2 12976 --
rs62357977 A G 0.08753 -0.068416 0.014342 -0.096526 -0.040306 -4.770429 1.87e-06 5.728371 2.489368 0.114618 0.598292 2 12976 --
rs2927468 A G 0.470159 0.040051 0.008427 0.023534 0.056569 4.752555 2.04e-06 5.689969 0.168526 0.681425 0 2 12556 ++
rs7254892 A G 0.043752 0.092523 0.019477 0.054349 0.130697 4.750499 2.06e-06 5.685559 3.580691 0.058455 0.720724 2 12976 ++
rs4803758 T G 0.330066 -0.041365 0.008713 -0.058443 -0.024288 -4.747483 2.09e-06 5.679095 0.803195 0.37014 0 2 12976 --
rs57465754 G C 0.25579 -0.047196 0.01 -0.066796 -0.027596 -4.719644 2.4e-06 5.619607 1.637571 0.200659 0.389339 2 12556 --
rs1550000 C T 0.16101 -0.052284 0.011098 -0.074037 -0.030531 -4.710897 2.51e-06 5.600984 0.32725 0.567283 0 2 12967 --
rs2927439 G A 0.354322 0.040112 0.00857 0.023314 0.05691 4.680345 2.91e-06 5.536184 4.981248 0.025623 0.799247 2 12974 ++
rs4648830 G T 0.427688 -0.038407 0.008225 -0.054529 -0.022285 -4.669312 3.07e-06 5.512881 0.011568 0.91435 0 2 12976 --
rs4833425 G T 0.442847 0.038117 0.008191 0.022062 0.054171 4.653377 3.32e-06 5.47931 0.350114 0.554049 0 2 12976 ++
rs497816 C T 0.323309 0.042422 0.009152 0.024484 0.060361 4.635193 3.62e-06 5.441133 0.091965 0.761693 0 2 12556 ++
rs566975 C A 0.322836 0.042312 0.009134 0.024409 0.060215 4.632255 3.67e-06 5.434977 0.143351 0.704973 0 2 12556 ++
rs472486 A G 0.319242 0.042418 0.009163 0.024459 0.060378 4.629352 3.72e-06 5.428899 0.027694 0.86783 0 2 12556 ++
rs10873048 T C 0.085497 0.06687 0.014505 0.038439 0.0953 4.609991 4.09e-06 5.38845 1.523667 0.217065 0.343689 2 12976 ++
rs13081317 T C 0.050332 -0.08492 0.018437 -0.121056 -0.048784 -4.605979 4.17e-06 5.380087 0.020442 0.886309 0 2 12976 --
rs62357973 C T 0.057409 -0.08086 0.017571 -0.1153 -0.04642 -4.601808 4.25e-06 5.371401 0.152013 0.696619 0 2 12976 --
rs73212759 T C 0.077715 -0.070541 0.015381 -0.100687 -0.040394 -4.586274 4.58e-06 5.339112 2.615178 0.105846 0.617617 2 12976 -+
rs111784051 G T 0.037524 0.116506 0.025427 0.066668 0.166344 4.581905 4.68e-06 5.330048 2.652975 0.103356 0.623065 2 11072 ++
rs526904 T C 0.320874 0.041783 0.009157 0.023835 0.05973 4.563027 5.12e-06 5.29098 0.081551 0.775207 0 2 12556 ++
rs6863716 A C 0.070068 -0.07229 0.015868 -0.103392 -0.041188 -4.555584 5.3e-06 5.275618 0.656237 0.417891 0 2 12976 --
rs74097207 T C 0.032821 -0.103211 0.022696 -0.147695 -0.058727 -4.547544 5.51e-06 5.259048 1.437696 0.230513 0.304443 2 11449 --
rs41290120 A G 0.03498 0.097899 0.02153 0.0557 0.140098 4.547075 5.52e-06 5.258083 0.04374 0.834338 0 2 12910 ++
rs13254216 C T 0.050198 -0.084255 0.018549 -0.12061 -0.047899 -4.542373 5.64e-06 5.248406 1.515116 0.21836 0.339985 2 12976 --
rs480781 A G 0.269932 0.043932 0.009676 0.024966 0.062897 4.540041 5.71e-06 5.24361 3.284602 0.069933 0.695549 2 12556 ++
rs3752231 T C 0.265847 -0.04928 0.010877 -0.0706 -0.02796 -4.530493 5.97e-06 5.223998 0.268466 0.604363 0 2 11072 --
rs11115681 T C 0.087286 0.066027 0.014581 0.037448 0.094606 4.528214 6.04e-06 5.219322 0.6682 0.41368 0 2 12976 ++
rs631639 T G 0.274614 0.04178 0.009241 0.023666 0.059893 4.520874 6.25e-06 5.204279 0.396235 0.52904 0 2 12976 ++
rs7444432 T G 0.102871 -0.060052 0.013294 -0.086107 -0.033997 -4.517374 6.35e-06 5.197114 0.711445 0.398965 0 2 12971 --
rs8103315 A C 0.120506 -0.057536 0.012742 -0.082511 -0.032562 -4.51542 6.41e-06 5.193115 5.688082 0.017081 0.824194 2 12974 -+
rs10862623 A G 0.081935 0.067105 0.014893 0.037915 0.096295 4.505836 6.71e-06 5.173527 0.355551 0.550988 0 2 12966 ++
rs10405693 T C 0.320052 -0.039691 0.008819 -0.056976 -0.022406 -4.500629 6.87e-06 5.162902 1.827677 0.176402 0.452857 2 12975 --
rs58077032 T A 0.049403 -0.098083 0.0218 -0.140811 -0.055354 -4.499159 6.92e-06 5.159903 4.173915 0.041051 0.760417 2 11072 --
rs669813 C T 0.29239 0.042513 0.009454 0.023983 0.061043 4.496756 7e-06 5.155006 3.200264 0.073626 0.687526 2 12556 ++
rs2927434 T C 0.18628 -0.047437 0.010552 -0.068119 -0.026755 -4.495543 7.04e-06 5.152535 4.263351 0.038943 0.765443 2 12976 -+
rs867611 G A 0.289072 0.042462 0.009462 0.023916 0.061007 4.487614 7.3e-06 5.136392 4.385351 0.036249 0.771968 2 12556 ++
rs1994860 G A 0.270326 0.042242 0.009417 0.023785 0.060699 4.485781 7.37e-06 5.132664 1.07102 0.300715 0.066311 2 12556 ++
rs1973630 T C 0.29227 0.042336 0.00945 0.023813 0.060859 4.479771 7.58e-06 5.120451 3.216321 0.072907 0.689086 2 12556 ++
rs10406338 C T 0.32369 -0.039396 0.008799 -0.056642 -0.022151 -4.477538 7.66e-06 5.115918 1.653302 0.19851 0.39515 2 12976 --
rs12368337 A C 0.086878 0.065332 0.014605 0.036707 0.093958 4.473314 7.81e-06 5.107345 1.065914 0.30187 0.061838 2 12973 ++
rs1359931 T C 0.280856 -0.047828 0.010694 -0.068789 -0.026867 -4.472302 7.85e-06 5.105293 7.631816 0.005735 0.86897 2 4574 -+
rs5167 G T 0.375184 -0.037341 0.00835 -0.053707 -0.020974 -4.471698 7.87e-06 5.104068 0.22107 0.638226 0 2 12976 --
rs493254 G A 0.293194 0.042162 0.009435 0.02367 0.060653 4.468806 7.98e-06 5.098208 2.953692 0.085682 0.661441 2 12556 ++
rs59189951 G T 0.088886 0.064424 0.014423 0.036155 0.092693 4.466751 8.05e-06 5.094045 0.570203 0.450178 0 2 12976 ++
rs35448030 G T 0.088886 0.064424 0.014423 0.036155 0.092693 4.466751 8.05e-06 5.094045 0.570203 0.450178 0 2 12976 ++
rs682928 C T 0.293439 0.042119 0.009434 0.023628 0.06061 4.464483 8.14e-06 5.089451 2.993272 0.083611 0.665917 2 12556 ++
rs2508691 A T 0.292387 0.042197 0.009452 0.02367 0.060723 4.464174 8.15e-06 5.088825 3.229163 0.072338 0.690322 2 12556 ++
rs13091743 A T 0.050049 -0.082576 0.018507 -0.11885 -0.046303 -4.461916 8.24e-06 5.084256 0.214832 0.643006 0 2 12976 --
rs13068840 T A 0.050049 -0.082576 0.018507 -0.11885 -0.046303 -4.461916 8.24e-06 5.084256 0.214832 0.643006 0 2 12976 --
rs6459573 T C 0.088196 -0.064101 0.014378 -0.092282 -0.03592 -4.458188 8.38e-06 5.076714 1.265757 0.260564 0.209959 2 12976 --
rs1994861 G T 0.270217 0.04195 0.009418 0.023491 0.060409 4.454345 8.53e-06 5.068949 0.988365 0.320142 0 2 12556 ++
rs6864226 T C 0.270198 0.041929 0.009417 0.02347 0.060387 4.452208 8.62e-06 5.064633 0.967906 0.325203 0 2 12556 ++
rs659023 A G 0.366011 0.037834 0.008502 0.021171 0.054497 4.4502 8.7e-06 5.060577 0.094842 0.75811 0 2 12975 ++
rs7161532 A G 0.086002 0.06448 0.01449 0.036079 0.092881 4.449869 8.71e-06 5.05991 1.518692 0.217818 0.341539 2 12976 ++
rs9292195 T C 0.150238 -0.057912 0.01302 -0.08343 -0.032393 -4.448022 8.79e-06 5.056182 0.011856 0.913293 0 2 6102 --
rs77663377 A G 0.042211 -0.088606 0.019945 -0.127699 -0.049513 -4.442461 9.02e-06 5.044968 1.047362 0.306115 0.04522 2 12976 --
rs10150148 A G 0.086503 0.064152 0.01445 0.03583 0.092474 4.439584 9.14e-06 5.039171 0.967461 0.325314 0 2 12976 ++
rs76432256 C G 0.271169 0.041804 0.009418 0.023345 0.060263 4.438785 9.17e-06 5.037563 1.239747 0.26552 0.193384 2 12556 ++
rs62357971 T A 0.052399 -0.081765 0.018428 -0.117884 -0.045646 -4.437008 9.25e-06 5.033986 0.059884 0.80668 0 2 12976 --
rs62357972 T C 0.052399 -0.081765 0.018428 -0.117884 -0.045646 -4.437008 9.25e-06 5.033986 0.059884 0.80668 0 2 12976 --
rs4100227 A G 0.120661 -0.055931 0.012609 -0.080645 -0.031218 -4.435856 9.3e-06 5.031665 16.207319 5.68e-05 0.938299 2 12976 --
rs140152704 C A 0.054522 -0.079886 0.01802 -0.115206 -0.044567 -4.433212 9.41e-06 5.026346 0.104382 0.746634 0 2 12976 --
rs62357969 T C 0.069006 -0.070569 0.015924 -0.10178 -0.039359 -4.43169 9.48e-06 5.023285 0.090879 0.763063 0 2 12976 --
rs29321 T C 0.45597 0.037521 0.008467 0.020926 0.054117 4.431465 9.49e-06 5.022832 0.001075 0.973842 0 2 12556 ++
rs598726 G A 0.310437 0.040859 0.009223 0.022783 0.058936 4.430347 9.54e-06 5.020585 0.034121 0.85345 0 2 12556 ++
rs1890697 A C 0.085824 0.064238 0.014501 0.035815 0.09266 4.429813 9.56e-06 5.019511 1.665062 0.196921 0.399422 2 12971 ++
rs2241653 A T 0.145302 0.05064 0.011432 0.028233 0.073048 4.429563 9.57e-06 5.019009 0.730061 0.392863 0 2 12976 ++
rs716643 T C 0.474219 0.03585 0.008099 0.019976 0.051724 4.426456 9.71e-06 5.012766 0.812078 0.367507 0 2 12976 ++
rs1029141 G T 0.198888 0.045394 0.010258 0.025289 0.0655 4.425312 9.76e-06 5.010469 0.962292 0.32661 0 2 12976 ++
rs2972558 C T 0.30179 0.045534 0.01029 0.025365 0.065703 4.425011 9.78e-06 5.009863 1.159336 0.281603 0.137437 2 11072 ++
rs2119401 C G 0.257375 -0.040953 0.009261 -0.059104 -0.022803 -4.422326 9.9e-06 5.004474 0.048446 0.82579 0 2 12976 --
rs365653 G A 0.124944 0.054107 0.012235 0.030127 0.078087 4.422369 9.9e-06 5.004559 9.193999 0.002428 0.891233 2 12976 +-
