rs_number reference_allele other_allele eaf beta se beta_95L beta_95U z p-value -log10_p-value q_statistic q_p-value i2 n_studies n_samples effects
rs11879304 A G 0.409801 -0.249738 0.046405 -0.340693 -0.158784 -5.38168 7.55e-08 7.122295 1.169522 0.2795 0.14495 2 549 --?
rs10850838 T C 0.428522 0.188001 0.03592 0.117599 0.258404 5.233942 1.69e-07 6.770998 0.339926 0.843696 0 3 649 +++
rs185276928 A C 0.041972 0.579131 0.113621 0.356434 0.801829 5.097043 3.52e-07 6.453672 4.7e-05 0.994555 0 2 142 +?+
rs6034816 A G 0.125928 0.362903 0.072092 0.221602 0.504204 5.033866 4.9e-07 6.309888 0.099495 0.752436 0 2 142 +?+
rs17319827 T C 0.094058 0.301244 0.060352 0.182955 0.419533 4.991495 6.1e-07 6.214392 5.371273 0.068178 0.627649 3 649 -++
rs7072379 T C 0.183572 -0.212008 0.044397 -0.299027 -0.124989 -4.775232 1.83e-06 5.738713 1.398791 0.496886 0 3 649 ---
rs60595035 C A 0.265703 0.234071 0.049068 0.137897 0.330244 4.77033 1.87e-06 5.728158 0.020883 0.885098 0 2 142 +?+
rs140677655 G C 0.038486 0.574728 0.120756 0.338046 0.811411 4.759407 1.97e-06 5.704675 0.000138 0.990612 0 2 142 +?+
rs78871796 G A 0.038486 0.574728 0.120756 0.338046 0.811411 4.759407 1.97e-06 5.704675 0.000138 0.990612 0 2 142 +?+
rs79037144 G A 0.038486 0.574728 0.120756 0.338046 0.811411 4.759407 1.97e-06 5.704675 0.000138 0.990612 0 2 142 +?+
rs7194801 T C 0.464384 0.156589 0.032997 0.091914 0.221263 4.745504 2.11e-06 5.674856 2.797161 0.246947 0.284989 3 649 -++
rs1921141 G A 0.289313 -0.174615 0.03686 -0.24686 -0.10237 -4.737299 2.2e-06 5.657297 2.337256 0.310793 0.144296 3 649 ---
rs12499228 A T 0.040215 -0.422561 0.08953 -0.598039 -0.247083 -4.719784 2.4e-06 5.619908 0.424951 0.80858 0 3 649 ---
rs6838232 C T 0.040215 -0.422561 0.08953 -0.598039 -0.247083 -4.719784 2.4e-06 5.619908 0.424951 0.80858 0 3 649 ---
rs6821719 T G 0.040215 -0.422561 0.08953 -0.598039 -0.247083 -4.719784 2.4e-06 5.619908 0.424951 0.80858 0 3 649 ---
rs78009006 A C 0.040215 -0.422561 0.08953 -0.598039 -0.247083 -4.719784 2.4e-06 5.619908 0.424951 0.80858 0 3 649 ---
rs12689473 A G 0.483662 -0.155655 0.033076 -0.220484 -0.090826 -4.705998 2.57e-06 5.590568 0.043629 0.834545 0 2 546 --?
rs9931601 T C 0.463837 0.155021 0.032984 0.090373 0.219669 4.699904 2.64e-06 5.577623 2.745658 0.253389 0.271577 3 649 -++
rs11705032 C G 0.121376 -0.255984 0.054644 -0.363086 -0.148882 -4.684583 2.85e-06 5.545151 1.005802 0.604774 0 3 649 ---
rs6821886 T C 0.040739 -0.416946 0.08909 -0.591562 -0.24233 -4.680072 2.91e-06 5.535607 0.507647 0.775829 0 3 649 ---
rs112584513 C T 0.195783 -0.257771 0.055189 -0.365942 -0.1496 -4.670675 3.05e-06 5.515755 0.176656 0.674263 0 2 142 -?-
rs9400198 A G 0.121172 0.335349 0.071861 0.194501 0.476198 4.666619 3.11e-06 5.507198 1.756479 0.185064 0.430679 2 549 ++?
rs9685585 G T 0.034979 -0.458931 0.098359 -0.651714 -0.266148 -4.665886 3.12e-06 5.505654 0.436057 0.804102 0 3 649 ---
rs75243525 A G 0.01808 -0.591178 0.12704 -0.840178 -0.342179 -4.65347 3.32e-06 5.479506 1.121681 0.570729 0 3 649 ---
rs6080682 A G 0.130214 0.241455 0.052188 0.139167 0.343743 4.62664 3.77e-06 5.423223 5.460231 0.065212 0.633715 3 649 +++
rs1848388 G A 0.464931 0.152187 0.03293 0.087645 0.21673 4.621562 3.87e-06 5.412605 2.668628 0.263339 0.250551 3 649 -++
rs7184122 G A 0.464931 0.152187 0.03293 0.087645 0.21673 4.621562 3.87e-06 5.412605 2.668628 0.263339 0.250551 3 649 -++
rs12373118 T G 0.464931 0.152187 0.03293 0.087645 0.21673 4.621562 3.87e-06 5.412605 2.668628 0.263339 0.250551 3 649 -++
rs12373060 G A 0.464931 0.152187 0.03293 0.087645 0.21673 4.621562 3.87e-06 5.412605 2.668628 0.263339 0.250551 3 649 -++
rs28633979 A C 0.464931 0.152187 0.03293 0.087645 0.21673 4.621562 3.87e-06 5.412605 2.668628 0.263339 0.250551 3 649 -++
rs876972 C T 0.464931 0.152187 0.03293 0.087645 0.21673 4.621562 3.87e-06 5.412605 2.668628 0.263339 0.250551 3 649 -++
rs876971 A C 0.464931 0.152187 0.03293 0.087645 0.21673 4.621562 3.87e-06 5.412605 2.668628 0.263339 0.250551 3 649 -++
rs2055726 A G 0.508761 -0.154963 0.033559 -0.220738 -0.089187 -4.617621 3.94e-06 5.404372 3.691084 0.15794 0.458154 3 649 +--
rs9921437 T C 0.465478 0.15196 0.032954 0.08737 0.21655 4.611246 4.06e-06 5.391067 2.663609 0.264 0.249139 3 649 -++
rs142221404 G A 0.045288 -0.408069 0.088519 -0.581566 -0.234572 -4.609963 4.09e-06 5.388391 4.655975 0.097492 0.570444 3 649 ---
rs115707620 T C 0.045288 -0.408069 0.088519 -0.581566 -0.234572 -4.609963 4.09e-06 5.388391 4.655975 0.097492 0.570444 3 649 ---
rs10177257 A G 0.045288 -0.408069 0.088519 -0.581566 -0.234572 -4.609963 4.09e-06 5.388391 4.655975 0.097492 0.570444 3 649 ---
rs13399359 A G 0.045288 -0.408069 0.088519 -0.581566 -0.234572 -4.609963 4.09e-06 5.388391 4.655975 0.097492 0.570444 3 649 ---
rs16830954 G C 0.045288 -0.408069 0.088519 -0.581566 -0.234572 -4.609963 4.09e-06 5.388391 4.655975 0.097492 0.570444 3 649 ---
rs16830956 A G 0.045288 -0.408069 0.088519 -0.581566 -0.234572 -4.609963 4.09e-06 5.388391 4.655975 0.097492 0.570444 3 649 ---
rs889448 A T 0.464161 0.151071 0.032845 0.086695 0.215447 4.599499 4.3e-06 5.366595 2.889262 0.235833 0.307782 3 649 -++
rs6741724 G C 0.256236 -0.179016 0.039117 -0.255685 -0.102347 -4.576434 4.8e-06 5.31871 1.826708 0.401177 0 3 649 ---
rs6536164 C T 0.032623 -0.471085 0.10294 -0.672847 -0.269323 -4.576315 4.8e-06 5.318465 0.57014 0.751962 0 3 649 ---
rs3051803 G T 0.03156 -0.471085 0.10294 -0.672847 -0.269323 -4.576315 4.8e-06 5.318465 0.57014 0.751962 0 3 649 ---
rs13112049 C G 0.032092 -0.471085 0.10294 -0.672847 -0.269323 -4.576315 4.8e-06 5.318465 0.57014 0.751962 0 3 649 ---
rs13112092 A G 0.032092 -0.471085 0.10294 -0.672847 -0.269323 -4.576315 4.8e-06 5.318465 0.57014 0.751962 0 3 649 ---
rs10001171 A C 0.032092 -0.471085 0.10294 -0.672847 -0.269323 -4.576315 4.8e-06 5.318465 0.57014 0.751962 0 3 649 ---
rs9685706 G A 0.032092 -0.471085 0.10294 -0.672847 -0.269323 -4.576315 4.8e-06 5.318465 0.57014 0.751962 0 3 649 ---
rs7666630 T C 0.032092 -0.471085 0.10294 -0.672847 -0.269323 -4.576315 4.8e-06 5.318465 0.57014 0.751962 0 3 649 ---
rs12498213 A T 0.032092 -0.471085 0.10294 -0.672847 -0.269323 -4.576315 4.8e-06 5.318465 0.57014 0.751962 0 3 649 ---
rs937066 G A 0.032092 -0.471085 0.10294 -0.672847 -0.269323 -4.576315 4.8e-06 5.318465 0.57014 0.751962 0 3 649 ---
rs12640518 G A 0.032092 -0.471085 0.10294 -0.672847 -0.269323 -4.576315 4.8e-06 5.318465 0.57014 0.751962 0 3 649 ---
rs2101586 A C 0.032092 -0.471085 0.10294 -0.672847 -0.269323 -4.576315 4.8e-06 5.318465 0.57014 0.751962 0 3 649 ---
rs9998721 C G 0.032092 -0.471085 0.10294 -0.672847 -0.269323 -4.576315 4.8e-06 5.318465 0.57014 0.751962 0 3 649 ---
rs10001169 G A 0.032092 -0.471085 0.10294 -0.672847 -0.269323 -4.576315 4.8e-06 5.318465 0.57014 0.751962 0 3 649 ---
rs11100058 A C 0.032092 -0.471085 0.10294 -0.672847 -0.269323 -4.576315 4.8e-06 5.318465 0.57014 0.751962 0 3 649 ---
rs1532153 C T 0.032092 -0.471085 0.10294 -0.672847 -0.269323 -4.576315 4.8e-06 5.318465 0.57014 0.751962 0 3 649 ---
rs4691330 A G 0.032092 -0.471085 0.10294 -0.672847 -0.269323 -4.576315 4.8e-06 5.318465 0.57014 0.751962 0 3 649 ---
rs6815992 T C 0.032092 -0.471085 0.10294 -0.672847 -0.269323 -4.576315 4.8e-06 5.318465 0.57014 0.751962 0 3 649 ---
rs6822485 T C 0.032092 -0.471085 0.10294 -0.672847 -0.269323 -4.576315 4.8e-06 5.318465 0.57014 0.751962 0 3 649 ---
rs4691334 C A 0.032092 -0.471085 0.10294 -0.672847 -0.269323 -4.576315 4.8e-06 5.318465 0.57014 0.751962 0 3 649 ---
rs4691336 C T 0.032623 -0.471085 0.10294 -0.672847 -0.269323 -4.576315 4.8e-06 5.318465 0.57014 0.751962 0 3 649 ---
rs7691796 A T 0.032092 -0.471085 0.10294 -0.672847 -0.269323 -4.576315 4.8e-06 5.318465 0.57014 0.751962 0 3 649 ---
rs2220583 T G 0.032092 -0.471085 0.10294 -0.672847 -0.269323 -4.576315 4.8e-06 5.318465 0.57014 0.751962 0 3 649 ---
rs2340290 G A 0.032092 -0.471085 0.10294 -0.672847 -0.269323 -4.576315 4.8e-06 5.318465 0.57014 0.751962 0 3 649 ---
rs7677752 A C 0.032092 -0.471085 0.10294 -0.672847 -0.269323 -4.576315 4.8e-06 5.318465 0.57014 0.751962 0 3 649 ---
rs4596291 T C 0.032092 -0.471085 0.10294 -0.672847 -0.269323 -4.576315 4.8e-06 5.318465 0.57014 0.751962 0 3 649 ---
rs2340292 G A 0.032092 -0.471085 0.10294 -0.672847 -0.269323 -4.576315 4.8e-06 5.318465 0.57014 0.751962 0 3 649 ---
rs1423793 A G 0.466233 0.153392 0.033537 0.087659 0.219125 4.573764 4.86e-06 5.313182 3.497834 0.173962 0.428218 3 649 -++
rs11691980 T C 0.255689 -0.178633 0.039111 -0.25529 -0.101976 -4.56738 5.01e-06 5.299976 1.853915 0.395756 0 3 649 ---
rs35777475 T C 0.255689 -0.178633 0.039111 -0.25529 -0.101976 -4.56738 5.01e-06 5.299976 1.853915 0.395756 0 3 649 ---
rs1352705 G A 0.032129 -0.470059 0.103008 -0.671954 -0.268163 -4.56332 5.11e-06 5.291584 0.584818 0.746463 0 3 648 ---
rs12962521 T C 0.054819 0.360887 0.079471 0.205124 0.516651 4.541116 5.68e-06 5.245821 0.48674 0.783982 0 3 649 +++
rs75236226 C G 0.054819 0.360887 0.079471 0.205124 0.516651 4.541116 5.68e-06 5.245821 0.48674 0.783982 0 3 649 +++
rs2114728 C T 0.099471 0.258883 0.05703 0.147105 0.370661 4.539442 5.72e-06 5.242378 3.687587 0.158216 0.45764 3 649 +++
rs2206447 T C 0.099471 0.258883 0.05703 0.147105 0.370661 4.539442 5.72e-06 5.242378 3.687587 0.158216 0.45764 3 649 +++
rs34658655 T C 0.242896 -0.188 0.041449 -0.26924 -0.106761 -4.535738 5.82e-06 5.234767 1.19494 0.550202 0 3 649 ---
rs78479472 A T 0.045458 -0.513598 0.113237 -0.735542 -0.291655 -4.535624 5.83e-06 5.234532 0.050636 0.821961 0 2 142 -?-
rs77283630 A C 0.045458 -0.513598 0.113237 -0.735542 -0.291655 -4.535624 5.83e-06 5.234532 0.050636 0.821961 0 2 142 -?-
rs7735663 C T 0.045458 -0.513598 0.113237 -0.735542 -0.291655 -4.535624 5.83e-06 5.234532 0.050636 0.821961 0 2 142 -?-
rs61357745 A G 0.045458 -0.513598 0.113237 -0.735542 -0.291655 -4.535624 5.83e-06 5.234532 0.050636 0.821961 0 2 142 -?-
rs74466472 T C 0.045458 -0.513598 0.113237 -0.735542 -0.291655 -4.535624 5.83e-06 5.234532 0.050636 0.821961 0 2 142 -?-
rs4496141 G T 0.478059 0.152027 0.03361 0.086152 0.217902 4.523308 6.18e-06 5.209266 3.030235 0.219782 0.339985 3 649 -++
rs62043031 G A 0.478059 0.152027 0.03361 0.086152 0.217902 4.523308 6.18e-06 5.209266 3.030235 0.219782 0.339985 3 649 -++
rs1423791 A C 0.478059 0.152027 0.03361 0.086152 0.217902 4.523308 6.18e-06 5.209266 3.030235 0.219782 0.339985 3 649 -++
rs1423792 C T 0.478059 0.152027 0.03361 0.086152 0.217902 4.523308 6.18e-06 5.209266 3.030235 0.219782 0.339985 3 649 -++
rs12445483 C A 0.478059 0.152027 0.03361 0.086152 0.217902 4.523308 6.18e-06 5.209266 3.030235 0.219782 0.339985 3 649 -++
rs13430078 C T 0.214469 0.185588 0.041058 0.105115 0.266061 4.520188 6.27e-06 5.202875 2.676913 0.26225 0.252871 3 649 +++
rs143955505 T C 0.038416 -0.533233 0.118086 -0.764683 -0.301784 -4.51562 6.4e-06 5.193525 1.135825 0.286536 0.119583 2 142 -?-
rs10151828 C T 0.239875 0.177292 0.039262 0.100339 0.254245 4.51564 6.4e-06 5.193566 2.700279 0.259204 0.259336 3 649 +++
rs10137327 T C 0.239875 0.177292 0.039262 0.100339 0.254245 4.51564 6.4e-06 5.193566 2.700279 0.259204 0.259336 3 649 +++
rs11838939 A G 0.046694 -0.359408 0.079976 -0.51616 -0.202656 -4.493978 7.09e-06 5.149347 0.175625 0.915932 0 3 649 ---
rs261552 C A 0.566619 0.207519 0.046195 0.116976 0.298061 4.492224 7.15e-06 5.145773 5.12362 0.023602 0.804825 2 548 ++?
rs6904084 T C 0.3917 -0.213119 0.047469 -0.306158 -0.12008 -4.489663 7.24e-06 5.140561 0.104955 0.745962 0 2 549 --?
rs6909889 A G 0.3917 -0.213119 0.047469 -0.306158 -0.12008 -4.489663 7.24e-06 5.140561 0.104955 0.745962 0 2 549 --?
rs28469663 G C 0.07182 -0.386071 0.086076 -0.554781 -0.217361 -4.485212 7.39e-06 5.131507 0.079468 0.77802 0 2 549 --?
rs7153897 C G 0.237219 0.175579 0.039251 0.098647 0.252511 4.473224 7.81e-06 5.107165 2.60232 0.272216 0.231455 3 649 +++
rs77545247 C G 0.01183 -0.798307 0.178527 -1.14822 -0.448394 -4.471633 7.87e-06 5.103937 0.631051 0.42697 0 2 607 ?--
rs9945377 C T 0.144091 0.215019 0.048109 0.120726 0.309312 4.469433 7.95e-06 5.099479 1.130556 0.568202 0 3 649 +++
rs4706374 C G 0.334359 0.163644 0.036619 0.091871 0.235418 4.468813 7.98e-06 5.098222 1.903418 0.386081 0 3 649 +++
rs6003387 G C 0.041972 -0.460068 0.102993 -0.661934 -0.258202 -4.466984 8.04e-06 5.094516 0.145698 0.702681 0 2 142 -?-
rs12963925 T C 0.056413 0.353254 0.079235 0.197954 0.508554 4.458329 8.38e-06 5.077001 0.553955 0.758071 0 3 649 +++
rs35315508 A G 0.056413 0.353254 0.079235 0.197954 0.508554 4.458329 8.38e-06 5.077001 0.553955 0.758071 0 3 649 +++
rs35679261 G A 0.056413 0.353254 0.079235 0.197954 0.508554 4.458329 8.38e-06 5.077001 0.553955 0.758071 0 3 649 +++
rs34797069 G T 0.143517 -0.228985 0.051391 -0.329712 -0.128258 -4.455702 8.48e-06 5.071691 0.513665 0.773498 0 3 649 ---
rs3009696 T C 0.316946 -0.180404 0.040564 -0.259909 -0.1009 -4.44745 8.81e-06 5.055027 1.44141 0.486409 0 3 648 ---
rs35559790 T G 0.135909 -0.231799 0.052135 -0.333984 -0.129614 -4.446123 8.86e-06 5.052352 1.367447 0.504734 0 3 649 ---
rs1971906 A G 0.135909 -0.231799 0.052135 -0.333984 -0.129614 -4.446123 8.86e-06 5.052352 1.367447 0.504734 0 3 649 ---
rs1490554 G A 0.034987 -0.438073 0.098533 -0.631197 -0.244949 -4.44596 8.87e-06 5.052022 1.064715 0.587219 0 3 649 ---
rs10471425 A G 0.213221 0.192443 0.04331 0.107556 0.27733 4.443413 8.98e-06 5.046888 2.35263 0.308413 0.149888 3 649 +++
rs7154076 C T 0.236672 0.174038 0.039256 0.097095 0.250981 4.433354 9.41e-06 5.026631 2.51971 0.283695 0.206258 3 649 +++
rs79929831 A G 0.225457 -0.181254 0.040917 -0.261451 -0.101057 -4.429834 9.56e-06 5.019553 0.202445 0.903732 0 3 649 ---
rs6573197 C T 0.217238 0.178899 0.040457 0.099603 0.258195 4.421954 9.91e-06 5.003727 2.260183 0.323004 0.115116 3 649 +++
