rs_number reference_allele other_allele eaf beta se beta_95L beta_95U z p-value -log10_p-value q_statistic q_p-value i2 n_studies n_samples effects
rs144132086 A G 0.017823 -0.108584 0.019062 -0.145946 -0.071222 -5.696299 1.26e-08 7.901073 0.076062 0.782707 0 2 257 ?--
rs62103143 A C 0.02564 -0.108344 0.019449 -0.146463 -0.070224 -5.570751 2.6e-08 7.585295 0.108017 0.742413 0 2 94 -?-
rs75933926 A G 0.01188 -0.118374 0.021802 -0.161105 -0.075643 -5.429596 5.78e-08 7.238207 0.387341 0.82393 0 3 297 ---
rs72797534 A G 0.107707 0.036375 0.006953 0.022747 0.050003 5.231531 1.72e-07 6.765343 3.206664 0.201225 0.376299 3 297 -++
rs72797535 A G 0.108869 0.036375 0.006953 0.022747 0.050003 5.231531 1.72e-07 6.765343 3.206664 0.201225 0.376299 3 297 -++
rs72797513 A C 0.097472 0.037271 0.00716 0.023237 0.051305 5.205415 1.98e-07 6.704224 3.217801 0.200108 0.378458 3 297 -++
rs72797515 C T 0.097472 0.037271 0.00716 0.023237 0.051305 5.205415 1.98e-07 6.704224 3.217801 0.200108 0.378458 3 297 -++
rs72797519 A C 0.097472 0.037271 0.00716 0.023237 0.051305 5.205415 1.98e-07 6.704224 3.217801 0.200108 0.378458 3 297 -++
rs144489373 C T 0.0119 -0.165521 0.032224 -0.22868 -0.102363 -5.136621 2.85e-07 6.544604 8.194014 0.004203 0.87796 2 243 --?
rs61744374 T C 0.015289 -0.087237 0.017048 -0.120651 -0.053823 -5.117102 3.16e-07 6.499675 2.145964 0.142945 0.534009 2 243 --?
rs72797516 A G 0.098634 0.036545 0.007146 0.022539 0.050551 5.114001 3.22e-07 6.492553 3.24523 0.197382 0.383711 3 297 -++
rs72797517 C T 0.098634 0.036545 0.007146 0.022539 0.050551 5.114001 3.22e-07 6.492553 3.24523 0.197382 0.383711 3 297 -++
rs6721769 A G 0.098634 0.036545 0.007146 0.022539 0.050551 5.114001 3.22e-07 6.492553 3.24523 0.197382 0.383711 3 297 -++
rs6721928 A G 0.098634 0.036545 0.007146 0.022539 0.050551 5.114001 3.22e-07 6.492553 3.24523 0.197382 0.383711 3 297 -++
rs56056614 A G 0.098634 0.036545 0.007146 0.022539 0.050551 5.114001 3.22e-07 6.492553 3.24523 0.197382 0.383711 3 297 -++
rs7692485 T C 0.233229 -0.026195 0.005171 -0.03633 -0.01606 -5.065674 4.15e-07 6.382071 5.246706 0.072559 0.618808 3 297 ---
rs72797522 T C 0.09631 0.036985 0.007323 0.022632 0.051338 5.050653 4.49e-07 6.347929 3.227169 0.199172 0.380262 3 297 -++
rs56231606 A C 0.095148 0.037105 0.007361 0.022676 0.051533 5.040353 4.74e-07 6.324574 3.223197 0.199568 0.379498 3 297 -++
rs55927126 G T 0.015346 -0.110646 0.022008 -0.153783 -0.06751 -5.027443 5.07e-07 6.295363 7.436687 0.006391 0.865532 2 257 ?-+
rs2084275 A G 0.056342 -0.046249 0.009233 -0.064346 -0.028152 -5.009037 5.57e-07 6.253836 1.232702 0.539911 0 3 297 ---
rs6811356 C T 0.048337 -0.049452 0.009916 -0.068888 -0.030016 -4.98692 6.25e-07 6.204128 8.083294 0.017569 0.752576 3 297 ---
rs38070 C T 0.12616 -0.02897 0.00582 -0.040377 -0.017563 -4.977624 6.56e-07 6.183295 1.480096 0.477091 0 3 297 ---
rs9789426 C T 0.088353 0.038306 0.007721 0.023174 0.053438 4.961597 7.12e-07 6.147463 3.266892 0.195256 0.387797 3 297 -++
rs80145094 G C 0.011211 -0.101494 0.020461 -0.141597 -0.061391 -4.960462 7.16e-07 6.14493 3.700716 0.157181 0.459564 3 297 ---
rs4440235 C T 0.049499 -0.048516 0.009799 -0.067723 -0.029309 -4.950952 7.52e-07 6.123724 8.431506 0.014761 0.762794 3 297 ---
rs1350924 T G 0.289179 -0.030717 0.006206 -0.042882 -0.018552 -4.949241 7.59e-07 6.119912 1.064919 0.302096 0.060961 2 94 -?-
rs62354466 A G 0.01244 -0.099146 0.020137 -0.138614 -0.059678 -4.923587 8.65e-07 6.062915 0.789337 0.374301 0 2 243 --?
rs55875262 G C 0.089956 0.037206 0.007557 0.022393 0.052018 4.92306 8.67e-07 6.061748 3.658418 0.160541 0.453316 3 297 -++
rs12371606 A G 0.015354 -0.106269 0.021658 -0.148719 -0.063818 -4.906598 9.43e-07 6.025321 0.222557 0.637098 0 2 94 -?-
rs12369211 T A 0.015354 -0.106269 0.021658 -0.148719 -0.063818 -4.906598 9.43e-07 6.025321 0.222557 0.637098 0 2 94 -?-
rs11049895 A T 0.015354 -0.106269 0.021658 -0.148719 -0.063818 -4.906598 9.43e-07 6.025321 0.222557 0.637098 0 2 94 -?-
rs16933533 T C 0.015354 -0.106269 0.021658 -0.148719 -0.063818 -4.906598 9.43e-07 6.025321 0.222557 0.637098 0 2 94 -?-
rs11049899 T C 0.015354 -0.106269 0.021658 -0.148719 -0.063818 -4.906598 9.43e-07 6.025321 0.222557 0.637098 0 2 94 -?-
rs11049900 C T 0.015354 -0.106269 0.021658 -0.148719 -0.063818 -4.906598 9.43e-07 6.025321 0.222557 0.637098 0 2 94 -?-
rs71453713 G A 0.015354 -0.106269 0.021658 -0.148719 -0.063818 -4.906598 9.43e-07 6.025321 0.222557 0.637098 0 2 94 -?-
rs12369524 G A 0.015354 -0.106269 0.021658 -0.148719 -0.063818 -4.906598 9.43e-07 6.025321 0.222557 0.637098 0 2 94 -?-
rs11049901 T C 0.015354 -0.106269 0.021658 -0.148719 -0.063818 -4.906598 9.43e-07 6.025321 0.222557 0.637098 0 2 94 -?-
rs729004 G A 0.015354 -0.106269 0.021658 -0.148719 -0.063818 -4.906598 9.43e-07 6.025321 0.222557 0.637098 0 2 94 -?-
rs71453714 T C 0.015354 -0.106269 0.021658 -0.148719 -0.063818 -4.906598 9.43e-07 6.025321 0.222557 0.637098 0 2 94 -?-
rs1387244 G T 0.015354 -0.106269 0.021658 -0.148719 -0.063818 -4.906598 9.43e-07 6.025321 0.222557 0.637098 0 2 94 -?-
rs11049902 T C 0.015354 -0.106269 0.021658 -0.148719 -0.063818 -4.906598 9.43e-07 6.025321 0.222557 0.637098 0 2 94 -?-
rs11049903 G C 0.015354 -0.106269 0.021658 -0.148719 -0.063818 -4.906598 9.43e-07 6.025321 0.222557 0.637098 0 2 94 -?-
rs71453715 G A 0.015354 -0.106269 0.021658 -0.148719 -0.063818 -4.906598 9.43e-07 6.025321 0.222557 0.637098 0 2 94 -?-
rs11049906 C A 0.015354 -0.106269 0.021658 -0.148719 -0.063818 -4.906598 9.43e-07 6.025321 0.222557 0.637098 0 2 94 -?-
rs11049908 G C 0.015354 -0.106269 0.021658 -0.148719 -0.063818 -4.906598 9.43e-07 6.025321 0.222557 0.637098 0 2 94 -?-
rs36058398 A C 0.015354 -0.106269 0.021658 -0.148719 -0.063818 -4.906598 9.43e-07 6.025321 0.222557 0.637098 0 2 94 -?-
rs965607 T C 0.015354 -0.106269 0.021658 -0.148719 -0.063818 -4.906598 9.43e-07 6.025321 0.222557 0.637098 0 2 94 -?-
rs11519102 C A 0.015354 -0.106269 0.021658 -0.148719 -0.063818 -4.906598 9.43e-07 6.025321 0.222557 0.637098 0 2 94 -?-
rs11049921 T C 0.015354 -0.106269 0.021658 -0.148719 -0.063818 -4.906598 9.43e-07 6.025321 0.222557 0.637098 0 2 94 -?-
rs6729882 G A 0.361956 -0.021083 0.004307 -0.029524 -0.012642 -4.895612 9.98e-07 6.001076 3.194616 0.202441 0.373947 3 297 ---
rs2809134 G A 0.283315 -0.022235 0.004546 -0.031144 -0.013325 -4.891507 1.02e-06 5.99203 5.094128 0.078311 0.607391 3 297 ---
rs72795493 G A 0.095096 0.036678 0.007514 0.02195 0.051405 4.881099 1.07e-06 5.969125 3.449227 0.178242 0.42016 3 297 -++
rs7677705 G A 0.348422 -0.021991 0.004512 -0.030834 -0.013148 -4.874176 1.11e-06 5.953913 7.048612 0.029472 0.716256 3 297 ---
rs112290547 T C 0.088839 0.036028 0.007398 0.021529 0.050528 4.870208 1.13e-06 5.945203 2.784836 0.248474 0.281825 3 297 -++
rs79154149 T C 0.050483 -0.043919 0.009017 -0.061593 -0.026245 -4.870444 1.13e-06 5.945722 4.167799 0.124444 0.52013 3 297 ---
rs12100890 T C 0.154791 0.041982 0.008619 0.025088 0.058875 4.87078 1.13e-06 5.946459 0.27805 0.597982 0 2 94 +?+
rs2809133 C T 0.284477 -0.02201 0.00455 -0.030928 -0.013091 -4.837046 1.34e-06 5.872676 5.320663 0.069925 0.624107 3 297 ---
rs2054373 G A 0.284477 -0.02201 0.00455 -0.030928 -0.013091 -4.837046 1.34e-06 5.872676 5.320663 0.069925 0.624107 3 297 ---
rs11724150 T G 0.349584 -0.021776 0.004515 -0.030625 -0.012927 -4.823225 1.44e-06 5.842584 7.247832 0.026678 0.724055 3 297 ---
rs78738496 T C 0.078279 -0.034683 0.007203 -0.048801 -0.020565 -4.81507 1.5e-06 5.824867 2.31279 0.314618 0.135243 3 297 ---
rs78534388 T A 0.078279 -0.034683 0.007203 -0.048801 -0.020565 -4.81507 1.5e-06 5.824867 2.31279 0.314618 0.135243 3 297 ---
rs116921098 G C 0.01167 -0.091164 0.019032 -0.128467 -0.05386 -4.789922 1.7e-06 5.770404 6.152965 0.013119 0.837477 2 257 ?--
rs814485 C T 0.076035 -0.038203 0.008011 -0.053904 -0.022502 -4.768843 1.88e-06 5.724959 5.806702 0.054839 0.65557 3 297 ---
rs62101290 A C 0.017417 -0.073941 0.015511 -0.104342 -0.04354 -4.767069 1.9e-06 5.721141 8.705287 0.012873 0.770255 3 297 ---
rs62101291 C A 0.017417 -0.073941 0.015511 -0.104342 -0.04354 -4.767069 1.9e-06 5.721141 8.705287 0.012873 0.770255 3 297 ---
rs62101292 C G 0.017417 -0.073941 0.015511 -0.104342 -0.04354 -4.767069 1.9e-06 5.721141 8.705287 0.012873 0.770255 3 297 ---
rs4805980 A G 0.017417 -0.073941 0.015511 -0.104342 -0.04354 -4.767069 1.9e-06 5.721141 8.705287 0.012873 0.770255 3 297 ---
rs4805981 C G 0.017417 -0.073941 0.015511 -0.104342 -0.04354 -4.767069 1.9e-06 5.721141 8.705287 0.012873 0.770255 3 297 ---
rs62101293 C T 0.017417 -0.073941 0.015511 -0.104342 -0.04354 -4.767069 1.9e-06 5.721141 8.705287 0.012873 0.770255 3 297 ---
rs4805982 A G 0.017417 -0.073941 0.015511 -0.104342 -0.04354 -4.767069 1.9e-06 5.721141 8.705287 0.012873 0.770255 3 297 ---
rs62101316 T C 0.017417 -0.073941 0.015511 -0.104342 -0.04354 -4.767069 1.9e-06 5.721141 8.705287 0.012873 0.770255 3 297 ---
rs62101317 T C 0.017417 -0.073941 0.015511 -0.104342 -0.04354 -4.767069 1.9e-06 5.721141 8.705287 0.012873 0.770255 3 297 ---
rs62101318 A G 0.017417 -0.073941 0.015511 -0.104342 -0.04354 -4.767069 1.9e-06 5.721141 8.705287 0.012873 0.770255 3 297 ---
rs62101319 A C 0.017417 -0.073941 0.015511 -0.104342 -0.04354 -4.767069 1.9e-06 5.721141 8.705287 0.012873 0.770255 3 297 ---
rs62101320 C T 0.017417 -0.073941 0.015511 -0.104342 -0.04354 -4.767069 1.9e-06 5.721141 8.705287 0.012873 0.770255 3 297 ---
rs62101321 A G 0.017417 -0.073941 0.015511 -0.104342 -0.04354 -4.767069 1.9e-06 5.721141 8.705287 0.012873 0.770255 3 297 ---
rs62101322 A G 0.017417 -0.073941 0.015511 -0.104342 -0.04354 -4.767069 1.9e-06 5.721141 8.705287 0.012873 0.770255 3 297 ---
rs76900903 T A 0.017417 -0.073941 0.015511 -0.104342 -0.04354 -4.767069 1.9e-06 5.721141 8.705287 0.012873 0.770255 3 297 ---
rs12609844 A G 0.017417 -0.073941 0.015511 -0.104342 -0.04354 -4.767069 1.9e-06 5.721141 8.705287 0.012873 0.770255 3 297 ---
rs62101330 A G 0.017417 -0.073941 0.015511 -0.104342 -0.04354 -4.767069 1.9e-06 5.721141 8.705287 0.012873 0.770255 3 297 ---
rs62101343 T C 0.017417 -0.073941 0.015511 -0.104342 -0.04354 -4.767069 1.9e-06 5.721141 8.705287 0.012873 0.770255 3 297 ---
rs3826949 A G 0.03102 -0.100083 0.021064 -0.141369 -0.058797 -4.751332 2.05e-06 5.687345 2.734164 0.098223 0.634257 2 94 -?-
rs12292448 A C 0.216992 0.024308 0.005118 0.014277 0.034339 4.74951 2.07e-06 5.68344 1.564545 0.457365 0 3 297 +++
rs4322667 T G 0.122637 0.03457 0.007286 0.02029 0.04885 4.745008 2.12e-06 5.673793 3.804414 0.149239 0.474295 3 297 +++
rs17138652 A G 0.12104 0.03457 0.007286 0.02029 0.04885 4.745008 2.12e-06 5.673793 3.804414 0.149239 0.474295 3 297 +++
rs4309185 C T 0.220478 0.024398 0.005148 0.014308 0.034487 4.739592 2.18e-06 5.6622 1.078495 0.583187 0 3 297 +++
rs12284695 G A 0.053264 -0.044836 0.009492 -0.063441 -0.026231 -4.723369 2.36e-06 5.62755 2.226824 0.328436 0.10186 3 297 ---
rs56285641 C G 0.100186 0.034966 0.007422 0.020418 0.049513 4.710819 2.51e-06 5.600818 1.249004 0.535528 0 3 297 +++
rs2074631 C T 0.217875 0.026631 0.005654 0.015549 0.037714 4.709917 2.52e-06 5.598899 0.631402 0.426842 0 2 243 ++?
rs77393011 G C 0.036241 -0.074948 0.015917 -0.106146 -0.043751 -4.708714 2.53e-06 5.596341 2.929671 0.086965 0.658665 2 94 -?-
rs1086297 T C 0.036241 -0.074948 0.015917 -0.106146 -0.043751 -4.708714 2.53e-06 5.596341 2.929671 0.086965 0.658665 2 94 -?-
rs62101285 T C 0.016249 -0.075251 0.015981 -0.106574 -0.043929 -4.708831 2.53e-06 5.59659 9.021343 0.010991 0.778304 3 297 ---
rs62101286 A G 0.016249 -0.075251 0.015981 -0.106574 -0.043929 -4.708831 2.53e-06 5.59659 9.021343 0.010991 0.778304 3 297 ---
rs62101287 A T 0.016249 -0.075251 0.015981 -0.106574 -0.043929 -4.708831 2.53e-06 5.59659 9.021343 0.010991 0.778304 3 297 ---
rs12635353 C T 0.025798 -0.088082 0.018734 -0.124801 -0.051362 -4.701587 2.62e-06 5.581197 1.192191 0.274888 0.161208 2 94 -?-
rs7281758 T G 0.340401 0.023742 0.00506 0.013824 0.03366 4.69183 2.75e-06 5.560499 5.947454 0.014739 0.831861 2 243 ++?
rs7281362 T A 0.340401 0.023742 0.00506 0.013824 0.03366 4.69183 2.75e-06 5.560499 5.947454 0.014739 0.831861 2 243 ++?
rs117662767 A G 0.028366 -0.056939 0.012157 -0.080767 -0.033111 -4.68359 2.86e-06 5.543048 3.273299 0.194631 0.388996 3 297 ---
rs373959202 T C 0.057423 -0.043998 0.009397 -0.062416 -0.025579 -4.681964 2.89e-06 5.539608 2.722469 0.256344 0.265373 3 297 +--
rs111921754 G T 0.077868 -0.037676 0.00808 -0.053513 -0.021839 -4.662696 3.17e-06 5.49893 1.630577 0.442512 0 3 297 ---
rs5000552 C T 0.467607 -0.019428 0.004188 -0.027636 -0.01122 -4.639323 3.55e-06 5.449792 5.401944 0.06714 0.629763 3 297 ---
rs728151 C G 0.530705 -0.023549 0.005076 -0.033498 -0.013599 -4.638781 3.56e-06 5.448655 0.115397 0.734081 0 2 243 --?
rs72795498 A G 0.093934 0.035119 0.007578 0.020267 0.049971 4.634632 3.63e-06 5.439957 3.382203 0.184316 0.408669 3 297 -++
rs72795499 A G 0.136875 0.028452 0.00614 0.016418 0.040486 4.633952 3.64e-06 5.438532 1.420025 0.491638 0 3 297 +++
rs55745924 T C 0.033126 -0.057337 0.012382 -0.081605 -0.033068 -4.630747 3.7e-06 5.431819 0.649407 0.722742 0 3 297 ---
rs135945 A G 0.250697 -0.023012 0.00497 -0.032752 -0.013271 -4.630432 3.71e-06 5.431161 2.879898 0.23694 0.305531 3 297 ---
rs715597 A G 0.250697 -0.023012 0.00497 -0.032752 -0.013271 -4.630432 3.71e-06 5.431161 2.879898 0.23694 0.305531 3 297 ---
rs114045666 T G 0.029528 -0.055216 0.011927 -0.078594 -0.031839 -4.629415 3.72e-06 5.42903 3.665414 0.15998 0.454359 3 297 ---
rs79926064 C T 0.029528 -0.055216 0.011927 -0.078594 -0.031839 -4.629415 3.72e-06 5.42903 3.665414 0.15998 0.454359 3 297 ---
rs116944541 C T 0.029528 -0.055216 0.011927 -0.078594 -0.031839 -4.629415 3.72e-06 5.42903 3.665414 0.15998 0.454359 3 297 ---
rs146948584 G A 0.029528 -0.055216 0.011927 -0.078594 -0.031839 -4.629415 3.72e-06 5.42903 3.665414 0.15998 0.454359 3 297 ---
rs145361735 A G 0.029528 -0.055216 0.011927 -0.078594 -0.031839 -4.629415 3.72e-06 5.42903 3.665414 0.15998 0.454359 3 297 ---
rs114067394 T C 0.029528 -0.055216 0.011927 -0.078594 -0.031839 -4.629415 3.72e-06 5.42903 3.665414 0.15998 0.454359 3 297 ---
rs28410223 A T 0.121533 0.033659 0.007284 0.019381 0.047936 4.620757 3.88e-06 5.410922 7.724454 0.021021 0.741082 3 297 ++-
rs149875291 A G 0.02097 -0.072312 0.015658 -0.103002 -0.041621 -4.618113 3.93e-06 5.405398 4.277484 0.03862 0.766218 2 243 --?
rs17140932 C T 0.414202 0.02192 0.004766 0.012578 0.031262 4.598998 4.31e-06 5.365552 6.321619 0.011927 0.841813 2 243 ++?
rs10102837 T A 0.326029 0.019625 0.004268 0.011261 0.027989 4.598735 4.32e-06 5.365005 1.896055 0.387505 0 3 297 +++
rs34466054 A G 0.120262 -0.029742 0.006508 -0.042498 -0.016986 -4.569877 4.95e-06 5.30514 0.390833 0.822492 0 3 297 ---
rs56073856 A G 0.109803 0.031971 0.006998 0.018255 0.045686 4.568658 4.98e-06 5.302618 2.817798 0.244412 0.290226 3 297 -++
rs72797530 C T 0.109803 0.031971 0.006998 0.018255 0.045686 4.568658 4.98e-06 5.302618 2.817798 0.244412 0.290226 3 297 -++
rs56404010 T C 0.144802 -0.026695 0.005846 -0.038154 -0.015236 -4.565932 5.05e-06 5.296983 0.773116 0.679391 0 3 297 ---
rs66612971 G C 0.144802 -0.026695 0.005846 -0.038154 -0.015236 -4.565932 5.05e-06 5.296983 0.773116 0.679391 0 3 297 ---
rs56142463 T C 0.123799 0.03306 0.007241 0.018868 0.047252 4.565793 5.05e-06 5.296695 3.624823 0.16326 0.448249 3 297 +++
rs75725499 A T 0.016927 -0.071975 0.015786 -0.102916 -0.041033 -4.559263 5.21e-06 5.283208 5.939999 0.051303 0.6633 3 297 ---
rs7645951 G A 0.216993 0.025488 0.005593 0.014525 0.036451 4.556888 5.27e-06 5.278306 0.163682 0.685789 0 2 243 ++?
rs7624017 T C 0.216993 0.025488 0.005593 0.014525 0.036451 4.556888 5.27e-06 5.278306 0.163682 0.685789 0 2 243 ++?
rs6445245 T G 0.216993 0.025488 0.005593 0.014525 0.036451 4.556888 5.27e-06 5.278306 0.163682 0.685789 0 2 243 ++?
rs6445246 C T 0.216993 0.025488 0.005593 0.014525 0.036451 4.556888 5.27e-06 5.278306 0.163682 0.685789 0 2 243 ++?
rs67404463 G A 0.121424 -0.029533 0.00649 -0.042253 -0.016813 -4.550724 5.43e-06 5.265598 0.42527 0.808451 0 3 297 ---
rs7643577 T A 0.218414 0.025194 0.005544 0.014328 0.03606 4.544464 5.59e-06 5.252707 0.200135 0.654612 0 2 243 ++?
rs2168424 G A 0.127342 -0.029129 0.006421 -0.041714 -0.016544 -4.536575 5.8e-06 5.236486 0.571834 0.751325 0 3 297 ---
rs17765780 T C 0.014646 -0.073276 0.016159 -0.104949 -0.041603 -4.534545 5.86e-06 5.232317 0.770657 0.680227 0 3 297 ---
rs4611179 T G 0.293721 0.021487 0.004745 0.012187 0.030787 4.528367 6.03e-06 5.219636 0.691885 0.707553 0 3 297 +++
rs11821656 C G 0.22097 0.0233 0.005148 0.01321 0.03339 4.526208 6.09e-06 5.21521 2.238038 0.3266 0.10636 3 297 +++
rs11038642 T C 0.22097 0.0233 0.005148 0.01321 0.03339 4.526208 6.09e-06 5.21521 2.238038 0.3266 0.10636 3 297 +++
rs12272771 C T 0.219808 0.0233 0.005148 0.01321 0.03339 4.526208 6.09e-06 5.21521 2.238038 0.3266 0.10636 3 297 +++
rs4567498 G A 0.218646 0.0233 0.005148 0.01321 0.03339 4.526208 6.09e-06 5.21521 2.238038 0.3266 0.10636 3 297 +++
rs1715786 A G 0.175788 -0.024204 0.005362 -0.034714 -0.013694 -4.513963 6.45e-06 5.190135 4.607019 0.099908 0.56588 3 297 ---
rs73214845 T A 0.052005 -0.046048 0.010203 -0.066046 -0.026049 -4.513058 6.48e-06 5.188284 2.378182 0.304498 0.159022 3 297 ---
rs2809132 T A 0.279829 -0.020587 0.00457 -0.029543 -0.01163 -4.505164 6.73e-06 5.172157 6.882956 0.032017 0.709427 3 297 ---
rs2781386 T G 0.279829 -0.020587 0.00457 -0.029543 -0.01163 -4.505164 6.73e-06 5.172157 6.882956 0.032017 0.709427 3 297 ---
rs10071924 G T 0.215524 -0.028383 0.006302 -0.040736 -0.01603 -4.503481 6.78e-06 5.16872 0.001502 0.96909 0 2 243 --?
rs62079199 G A 0.065381 -0.039905 0.008861 -0.057273 -0.022537 -4.50339 6.78e-06 5.168535 6.883437 0.03201 0.709447 3 297 +--
rs17218384 G C 0.033161 -0.060394 0.013412 -0.086681 -0.034108 -4.503162 6.79e-06 5.168071 1.602676 0.205524 0.376044 2 257 ?--
rs17095318 A G 0.082774 -0.049269 0.010942 -0.070715 -0.027823 -4.502794 6.8e-06 5.16732 0.354616 0.551511 0 2 94 -?-
rs2528492 A G 0.484339 -0.029792 0.006617 -0.042761 -0.016823 -4.50239 6.82e-06 5.166494 0.403603 0.525234 0 2 93 -?-
rs6717186 A G 0.335639 -0.020117 0.004468 -0.028875 -0.011359 -4.502015 6.83e-06 5.16573 4.243535 0.11982 0.528695 3 297 ---
rs10107703 T A 0.13505 -0.027212 0.006046 -0.039062 -0.015362 -4.500937 6.86e-06 5.16353 1.925501 0.381841 0 3 297 ---
rs12271333 C A 0.221295 0.023213 0.005158 0.013104 0.033322 4.500629 6.87e-06 5.162902 2.197068 0.333359 0.089696 3 296 +++
rs117847678 C A 0.08848 -0.035779 0.007965 -0.05139 -0.020168 -4.492143 7.15e-06 5.145609 0.814548 0.665462 0 3 297 ---
rs10409310 A C 0.135273 0.027422 0.006105 0.015457 0.039387 4.491933 7.16e-06 5.145181 0.005417 0.997295 0 3 297 +++
rs59708107 G T 0.066955 -0.057353 0.012777 -0.082396 -0.03231 -4.488701 7.27e-06 5.138603 0.170443 0.679718 0 2 94 -?-
rs74078421 C G 0.091649 -0.029177 0.006501 -0.041919 -0.016435 -4.488021 7.29e-06 5.137221 11.385389 0.00337 0.824336 3 297 --+
rs41287086 A G 0.010671 -0.076596 0.017082 -0.110077 -0.043115 -4.483952 7.43e-06 5.128945 5.455799 0.065356 0.633418 3 297 ---
rs146642483 T C 0.010671 -0.076596 0.017082 -0.110077 -0.043115 -4.483952 7.43e-06 5.128945 5.455799 0.065356 0.633418 3 297 ---
rs182905903 C T 0.010671 -0.076596 0.017082 -0.110077 -0.043115 -4.483952 7.43e-06 5.128945 5.455799 0.065356 0.633418 3 297 ---
rs114279309 C T 0.010671 -0.076596 0.017082 -0.110077 -0.043115 -4.483952 7.43e-06 5.128945 5.455799 0.065356 0.633418 3 297 ---
rs191969446 A G 0.010671 -0.076596 0.017082 -0.110077 -0.043115 -4.483952 7.43e-06 5.128945 5.455799 0.065356 0.633418 3 297 ---
rs6878203 C A 0.030708 -0.081922 0.018273 -0.117738 -0.046106 -4.48313 7.46e-06 5.127275 0.015129 0.902107 0 2 94 -?-
rs6864347 A T 0.030708 -0.081922 0.018273 -0.117738 -0.046106 -4.48313 7.46e-06 5.127275 0.015129 0.902107 0 2 94 -?-
rs62352980 T A 0.030708 -0.081922 0.018273 -0.117738 -0.046106 -4.48313 7.46e-06 5.127275 0.015129 0.902107 0 2 94 -?-
rs144163218 A G 0.030708 -0.081922 0.018273 -0.117738 -0.046106 -4.48313 7.46e-06 5.127275 0.015129 0.902107 0 2 94 -?-
rs4496685 A C 0.030708 -0.081922 0.018273 -0.117738 -0.046106 -4.48313 7.46e-06 5.127275 0.015129 0.902107 0 2 94 -?-
rs147026738 A C 0.030708 -0.081922 0.018273 -0.117738 -0.046106 -4.48313 7.46e-06 5.127275 0.015129 0.902107 0 2 94 -?-
rs186489275 A G 0.030708 -0.081922 0.018273 -0.117738 -0.046106 -4.48313 7.46e-06 5.127275 0.015129 0.902107 0 2 94 -?-
rs62353003 A G 0.030708 -0.081922 0.018273 -0.117738 -0.046106 -4.48313 7.46e-06 5.127275 0.015129 0.902107 0 2 94 -?-
rs4703414 G A 0.030708 -0.081922 0.018273 -0.117738 -0.046106 -4.48313 7.46e-06 5.127275 0.015129 0.902107 0 2 94 -?-
rs816464 G A 0.200608 -0.023572 0.005261 -0.033884 -0.013259 -4.480147 7.56e-06 5.121215 6.625548 0.036415 0.698138 3 297 ---
rs112605460 A G 0.017248 -0.081946 0.018315 -0.117843 -0.046048 -4.474183 7.78e-06 5.109108 0.008498 0.92655 0 2 243 --?
rs112225249 G A 0.017248 -0.081946 0.018315 -0.117843 -0.046048 -4.474183 7.78e-06 5.109108 0.008498 0.92655 0 2 243 --?
rs9560728 A G 0.529148 0.018533 0.004143 0.010413 0.026652 4.473475 7.8e-06 5.107673 0.577251 0.749293 0 3 297 +++
rs28557126 A C 0.240402 -0.026114 0.005839 -0.037559 -0.01467 -4.472267 7.85e-06 5.105222 0.251652 0.615914 0 2 243 --?
rs146637008 C G 0.0974 -0.030451 0.006811 -0.043802 -0.017101 -4.470606 7.91e-06 5.101855 0.188467 0.91007 0 3 297 ---
rs10880018 G T 0.087368 -0.033552 0.007515 -0.048282 -0.018822 -4.464531 8.14e-06 5.08955 0.624465 0.731812 0 3 297 ---
rs61887370 T C 0.043037 -0.051607 0.011568 -0.074279 -0.028934 -4.46133 8.26e-06 5.08307 8.82189 0.012144 0.773291 3 297 ---
rs117132055 G C 0.036172 -0.051217 0.011481 -0.073721 -0.028714 -4.460935 8.27e-06 5.082271 1.235233 0.539228 0 3 297 ---
rs59333486 G A 0.206249 -0.035535 0.007967 -0.05115 -0.019919 -4.46015 8.3e-06 5.080683 3.802797 0.051167 0.737036 2 94 -?-
rs12631405 A G 0.206249 -0.035535 0.007967 -0.05115 -0.019919 -4.46015 8.3e-06 5.080683 3.802797 0.051167 0.737036 2 94 -?-
rs1846081 A G 0.206249 -0.035535 0.007967 -0.05115 -0.019919 -4.46015 8.3e-06 5.080683 3.802797 0.051167 0.737036 2 94 -?-
rs34710674 C T 0.206249 -0.035535 0.007967 -0.05115 -0.019919 -4.46015 8.3e-06 5.080683 3.802797 0.051167 0.737036 2 94 -?-
rs34156823 T G 0.206249 -0.035535 0.007967 -0.05115 -0.019919 -4.46015 8.3e-06 5.080683 3.802797 0.051167 0.737036 2 94 -?-
rs1497542 T C 0.206249 -0.035535 0.007967 -0.05115 -0.019919 -4.46015 8.3e-06 5.080683 3.802797 0.051167 0.737036 2 94 -?-
rs1497541 T C 0.206249 -0.035535 0.007967 -0.05115 -0.019919 -4.46015 8.3e-06 5.080683 3.802797 0.051167 0.737036 2 94 -?-
rs13064060 A C 0.206249 -0.035535 0.007967 -0.05115 -0.019919 -4.46015 8.3e-06 5.080683 3.802797 0.051167 0.737036 2 94 -?-
rs12857005 C T 0.02097 -0.064598 0.014484 -0.092988 -0.036209 -4.459847 8.32e-06 5.080071 2.650685 0.103505 0.622739 2 243 --?
rs73102711 A C 0.020429 -0.085489 0.019213 -0.123146 -0.047831 -4.449551 8.72e-06 5.059267 0.172288 0.678087 0 2 243 --?
rs7965306 G A 0.020576 -0.087526 0.019676 -0.12609 -0.048961 -4.448362 8.77e-06 5.056869 2.647198 0.103733 0.622242 2 94 -?-
rs12309178 A G 0.427431 0.018818 0.004236 0.010515 0.027122 4.442098 9.03e-06 5.044236 0.66443 0.717333 0 3 297 +++
rs10054721 A C 0.061693 -0.033518 0.007548 -0.048311 -0.018725 -4.440926 9.08e-06 5.041875 7.421508 0.024459 0.730513 3 297 ---
rs10044581 G A 0.061693 -0.033518 0.007548 -0.048311 -0.018725 -4.440926 9.08e-06 5.041875 7.421508 0.024459 0.730513 3 297 ---
rs78271408 G A 0.061693 -0.033518 0.007548 -0.048311 -0.018725 -4.440926 9.08e-06 5.041875 7.421508 0.024459 0.730513 3 297 ---
rs113050020 T C 0.01244 -0.082486 0.018576 -0.118895 -0.046077 -4.440435 9.1e-06 5.040886 3.246505 0.071576 0.691976 2 243 --?
rs73091890 T C 0.072469 0.034236 0.007715 0.019115 0.049357 4.437749 9.22e-06 5.035477 3.566735 0.168071 0.439263 3 297 +++
rs62138262 A G 0.11088 0.030512 0.006882 0.017023 0.044002 4.433362 9.4e-06 5.026648 0.986618 0.610603 0 3 297 +++
rs56181849 T C 0.11088 0.030512 0.006882 0.017023 0.044002 4.433362 9.4e-06 5.026648 0.986618 0.610603 0 3 297 +++
rs7046031 C G 0.313634 0.020659 0.00466 0.011525 0.029792 4.433121 9.42e-06 5.026163 3.474752 0.175982 0.424419 3 297 +++
rs12477567 C T 0.140608 0.028411 0.006418 0.015833 0.04099 4.427027 9.68e-06 5.013914 0.248653 0.883091 0 3 297 +++
rs11196555 C G 0.041305 0.071735 0.016209 0.039966 0.103505 4.425639 9.75e-06 5.011125 0.668773 0.41348 0 2 94 +?+
rs55788732 A T 0.026042 -0.058023 0.013112 -0.083722 -0.032324 -4.425271 9.76e-06 5.010386 0.329115 0.848269 0 3 297 ---
rs72724915 G C 0.018629 -0.079724 0.018018 -0.115039 -0.044409 -4.424722 9.79e-06 5.009284 2.972808 0.226185 0.327235 3 297 ---
rs6774688 A G 0.210774 0.024554 0.005552 0.013671 0.035437 4.422189 9.9e-06 5.004199 0.168781 0.681197 0 2 243 ++?
rs6799081 G A 0.210774 0.024554 0.005552 0.013671 0.035437 4.422189 9.9e-06 5.004199 0.168781 0.681197 0 2 243 ++?
rs199984280 C T 0.210774 0.024554 0.005552 0.013671 0.035437 4.422189 9.9e-06 5.004199 0.168781 0.681197 0 2 243 ++?
