rs_number reference_allele other_allele eaf beta se beta_95L beta_95U z p-value -log10_p-value q_statistic q_p-value i2 n_studies n_samples effects
rs73491284 A G 0.045783 -0.019147 0.00383 -0.026653 -0.011641 -4.999546 5.85e-07 6.232481 1.607337 0.447684 0 3 14395 ---?
rs1836847 C T 0.064396 0.018321 0.003679 0.01111 0.025532 4.979818 6.48e-07 6.188209 4.977447 0.083016 0.598188 3 6409 ++?-
rs1570186 A G 0.325616 -0.009355 0.001883 -0.013046 -0.005665 -4.968076 6.89e-07 6.161936 1.978053 0.371939 0 3 6410 -+?-
rs1321874 A C 0.324766 -0.009231 0.001881 -0.012918 -0.005543 -4.906359 9.45e-07 6.024793 2.055816 0.357755 0.02715 3 6412 -+?-
rs4906795 A G 0.077019 0.015849 0.00333 0.009322 0.022376 4.759036 1.98e-06 5.703878 1.056974 0.589496 0 3 6411 ++?+
rs11927393 G T 0.090775 -0.012632 0.002675 -0.017875 -0.007389 -4.722024 2.37e-06 5.624682 8.705826 0.033469 0.655403 4 16372 ----
rs112778355 T C 0.032726 -0.02041 0.004327 -0.02889 -0.01193 -4.717467 2.43e-06 5.61497 2.906383 0.406285 0 4 16373 -+--
rs6768610 C T 0.090685 -0.012594 0.00268 -0.017847 -0.00734 -4.698534 2.66e-06 5.574716 8.837499 0.031531 0.660537 4 16345 ----
rs1343261 T C 0.188613 -0.011536 0.002481 -0.016399 -0.006673 -4.649666 3.38e-06 5.471508 0.319456 0.852376 0 3 14807 -?--
rs3925588 A G 0.065291 -0.014628 0.003148 -0.020797 -0.008459 -4.647392 3.41e-06 5.46673 0.59603 0.897341 0 4 16373 ----
rs593390 A G 0.320506 -0.007558 0.001639 -0.01077 -0.004347 -4.612662 4.04e-06 5.39402 0.5099 0.916711 0 4 16370 ----
rs275728 T G 0.053281 0.018314 0.003973 0.010527 0.0261 4.609907 4.09e-06 5.388273 0.900651 0.637421 0 3 6404 ++?+
rs13126049 G A 0.154238 0.01124 0.002441 0.006456 0.016025 4.604873 4.19e-06 5.377782 0.642058 0.725402 0 3 6411 ++?+
rs7999961 A G 0.065416 -0.014454 0.003142 -0.020612 -0.008297 -4.600965 4.27e-06 5.369645 0.81768 0.845234 0 4 16373 ----
rs147074861 C T 0.014906 0.028358 0.006177 0.016251 0.040464 4.591054 4.48e-06 5.349037 4.657448 0.198669 0.35587 4 16373 ++++
rs5969000 A G 0.184564 -0.011435 0.002497 -0.01633 -0.00654 -4.578936 4.74e-06 5.323894 0.28 0.869358 0 3 14807 -?--
rs7327754 C T 0.066025 -0.014298 0.003124 -0.020422 -0.008174 -4.576236 4.81e-06 5.318301 0.938361 0.816162 0 4 16373 ----
rs7326592 A G 0.065789 -0.014304 0.003128 -0.020435 -0.008173 -4.572947 4.88e-06 5.311491 0.929342 0.818342 0 4 16372 ----
rs12365709 A G 0.061793 0.014199 0.003113 0.008097 0.020301 4.560608 5.18e-06 5.285984 0.743224 0.862993 0 4 16373 +-++
rs5968999 T C 0.184742 -0.01136 0.002496 -0.016253 -0.006467 -4.550702 5.43e-06 5.265554 0.256382 0.879686 0 3 14807 -?--
rs113039803 G A 0.030884 -0.020004 0.004404 -0.028636 -0.011371 -4.541877 5.66e-06 5.247386 4.443465 0.217389 0.324851 4 16373 ----
rs7330185 T C 0.068086 -0.013931 0.003068 -0.019943 -0.007918 -4.541302 5.67e-06 5.246203 0.729044 0.866352 0 4 16373 ----
rs584299 A G 0.334437 -0.00736 0.001622 -0.01054 -0.004181 -4.537063 5.79e-06 5.237488 0.57291 0.902605 0 4 16373 ----
rs56375211 A T 0.319702 -0.007436 0.00164 -0.01065 -0.004222 -4.535381 5.83e-06 5.234034 0.474079 0.924548 0 4 16373 ----
rs8014404 T C 0.304194 0.007607 0.00168 0.004315 0.010899 4.528713 6.02e-06 5.220346 1.876746 0.598378 0 4 16373 ++++
rs6491398 T C 0.068084 -0.01388 0.003068 -0.019894 -0.007866 -4.523324 6.18e-06 5.209299 0.759342 0.859165 0 4 16366 ----
rs79457011 G A 0.0205 0.02466 0.005453 0.013973 0.035347 4.522691 6.19e-06 5.208 2.377596 0.497819 0 4 16373 ++++
rs6623773 A G 0.188691 -0.011063 0.002447 -0.015858 -0.006267 -4.521176 6.24e-06 5.204897 2.540197 0.46807 0 4 15998 -+--
rs11718215 A C 0.089612 -0.012171 0.002698 -0.017459 -0.006883 -4.510989 6.55e-06 5.184054 9.056543 0.028548 0.668748 4 16373 ----
rs11621900 C T 0.304502 0.007576 0.00168 0.004284 0.010868 4.510747 6.55e-06 5.18356 1.765853 0.622394 0 4 16373 ++++
rs673716 C T 0.333472 -0.00731 0.001623 -0.010491 -0.004129 -4.504026 6.76e-06 5.169833 0.583539 0.90019 0 4 16373 ----
rs1199741 G C 0.334535 -0.007282 0.001621 -0.01046 -0.004104 -4.49153 7.17e-06 5.144361 0.602503 0.895859 0 4 16373 ----
rs10873372 C T 0.304277 0.007545 0.00168 0.004253 0.010837 4.491679 7.17e-06 5.144665 1.79875 0.615207 0 4 16373 ++++
rs8008969 T C 0.304277 0.007545 0.00168 0.004253 0.010837 4.491679 7.17e-06 5.144665 1.79875 0.615207 0 4 16373 ++++
rs571032 T C 0.332837 -0.007285 0.001622 -0.010465 -0.004105 -4.490439 7.21e-06 5.14214 0.622064 0.891363 0 4 16373 ----
rs8004308 T C 0.304126 0.007532 0.00168 0.004239 0.010824 4.483427 7.45e-06 5.127879 1.844589 0.60528 0 4 16373 ++++
rs8013253 A G 0.304234 0.007524 0.001679 0.004233 0.010816 4.480768 7.54e-06 5.122477 1.816847 0.611276 0 4 16373 ++++
rs1505177 C A 0.304234 0.007524 0.001679 0.004233 0.010816 4.480768 7.54e-06 5.122477 1.816847 0.611276 0 4 16373 ++++
rs11627595 T C 0.304234 0.007515 0.001679 0.004224 0.010806 4.475101 7.75e-06 5.110971 1.814374 0.611812 0 4 16373 ++++
rs1505178 A G 0.304205 0.007499 0.001679 0.004207 0.01079 4.465225 8.11e-06 5.090954 1.858803 0.602223 0 4 16373 ++++
rs6623774 G A 0.188713 -0.010897 0.002444 -0.015687 -0.006107 -4.459091 8.35e-06 5.07854 2.624255 0.453253 0 4 15998 -+--
rs62094665 C T 0.206451 -0.008465 0.001899 -0.012188 -0.004743 -4.456976 8.43e-06 5.074264 0.942148 0.815246 0 4 16373 ----
rs9807591 T C 0.114523 -0.010705 0.002412 -0.015432 -0.005978 -4.438748 9.17e-06 5.037487 1.995424 0.573357 0 4 16372 ----
rs62472936 C T 0.099712 0.011327 0.002553 0.006322 0.016331 4.436177 9.28e-06 5.032312 1.541856 0.672644 0 4 16373 ++++
rs5967759 A G 0.184571 -0.010915 0.002461 -0.015738 -0.006092 -4.43597 9.29e-06 5.031895 1.895314 0.594416 0 4 15998 -+--
rs6414507 A T 0.089231 -0.011921 0.002691 -0.017195 -0.006648 -4.430739 9.52e-06 5.021374 9.144278 0.027433 0.671926 4 16373 ----
rs6787421 A T 0.089241 -0.011921 0.002691 -0.017195 -0.006648 -4.430739 9.52e-06 5.021374 9.144278 0.027433 0.671926 4 16373 ----
rs12687284 G C 0.188751 -0.010821 0.002443 -0.01561 -0.006032 -4.42905 9.59e-06 5.017977 2.428986 0.488262 0 4 15998 -+--
rs76368133 G T 0.086673 -0.011995 0.002712 -0.017311 -0.006679 -4.422824 9.87e-06 5.005472 3.68753 0.297242 0.186447 4 16373 -+--
