rs_number reference_allele other_allele eaf beta se beta_95L beta_95U z p-value -log10_p-value q_statistic q_p-value i2 n_studies n_samples effects
rs75627662 T C 0.271722 -0.167927 0.019526 -0.206197 -0.129656 -8.600256 8.4e-18 17.075746 8.56911 0.003419 0.883302 2 3905 --
rs7412 T C 0.053016 0.270618 0.037333 0.197445 0.343791 7.248717 4.38e-13 12.358165 6.544507 0.010521 0.8472 2 3898 ++
chr19:44909976:G:T T G 0.053795 0.254938 0.037152 0.18212 0.327756 6.862002 7.05e-12 11.152 6.775078 0.009244 0.8524 2 3905 ++
rs7259620 A G 0.357283 0.11999 0.017596 0.085502 0.154478 6.81921 9.5e-12 11.02245 0.055455 0.81383 0 2 3905 ++
rs112019714 C T 0.065076 -0.213062 0.034856 -0.28138 -0.144745 -6.112695 1.01e-09 8.99612 0.727587 0.393666 0 2 3905 --
rs59325138 T C 0.305783 0.113397 0.018557 0.077026 0.149768 6.110823 1.02e-09 8.991033 3.802504 0.051176 0.737015 2 3905 ++
rs141622900 A G 0.036621 0.278076 0.046332 0.187264 0.368888 6.001759 2.01e-09 8.697203 4.348262 0.037047 0.770023 2 3905 ++
rs115881343 T C 0.061304 -0.211255 0.035725 -0.281276 -0.141233 -5.913285 3.45e-09 8.462547 0.834202 0.36106 0 2 3883 --
rs769450 A G 0.328338 0.103841 0.017913 0.068731 0.138951 5.79688 6.94e-09 8.15886 3.23153 0.072233 0.690549 2 3905 ++
rs75687619 T G 0.058915 -0.207959 0.036161 -0.278834 -0.137083 -5.750895 9.11e-09 8.040469 0.91041 0.340006 0 2 3904 --
rs77301115 A G 0.058854 -0.207457 0.0361 -0.278214 -0.136701 -5.746735 9.34e-09 8.029805 0.883517 0.34724 0 2 3904 --
rs1081105 C A 0.063571 -0.201011 0.035108 -0.269822 -0.132199 -5.725522 1.06e-08 7.975529 0.132607 0.715744 0 2 3905 --
rs79398853 T C 0.058848 -0.206252 0.036209 -0.277223 -0.135282 -5.696112 1.26e-08 7.900597 0.758172 0.383901 0 2 3904 --
rs116881820 C T 0.059527 -0.204693 0.035953 -0.275161 -0.134225 -5.693353 1.28e-08 7.893588 0.663637 0.415279 0 2 3905 --
rs112849259 T C 0.059374 -0.20411 0.036007 -0.274683 -0.133537 -5.668694 1.48e-08 7.831069 0.87066 0.350773 0 2 3904 --
rs114536010 T C 0.058729 -0.204896 0.03625 -0.275946 -0.133846 -5.652296 1.62e-08 7.789638 0.853724 0.355501 0 2 3898 --
rs11668861 T G 0.430144 0.097659 0.017354 0.063646 0.131672 5.627565 1.87e-08 7.727368 2.572808 0.108715 0.61132 2 3905 ++
rs140480140 A G 0.063272 -0.194961 0.034937 -0.263438 -0.126483 -5.580289 2.46e-08 7.609049 0.797398 0.371873 0 2 3905 --
rs34878901 T C 0.336769 0.098352 0.017715 0.063631 0.133073 5.552004 2.89e-08 7.538711 4.10158 0.042843 0.756192 2 3905 ++
rs150966173 T C 0.060862 -0.193538 0.035575 -0.263264 -0.123811 -5.440302 5.44e-08 7.264237 0.902784 0.342036 0 2 3878 --
rs188535946 A G 0.060816 -0.191531 0.035343 -0.260803 -0.12226 -5.419279 6.12e-08 7.213167 0.857202 0.354523 0 2 3905 --
rs73052307 C T 0.110255 0.14304 0.026775 0.090561 0.195518 5.342323 9.38e-08 7.027814 15.963212 6.46e-05 0.937356 2 3900 +-
rs365653 G A 0.118762 0.137899 0.026195 0.086557 0.189242 5.264313 1.44e-07 6.842467 16.959204 3.82e-05 0.941035 2 3905 +-
rs3852861 T G 0.376184 0.089239 0.017586 0.05477 0.123707 5.074451 3.96e-07 6.402062 1.276937 0.258469 0.216876 2 3905 ++
rs3852860 T C 0.376117 0.088861 0.017594 0.054377 0.123346 5.0506 4.49e-07 6.347809 1.255398 0.262524 0.20344 2 3905 ++
rs1305062 C G 0.328737 0.090156 0.017878 0.055116 0.125196 5.042951 4.67e-07 6.33046 1.709682 0.191027 0.415096 2 3905 ++
rs41289512 G C 0.058566 -0.180255 0.036902 -0.252583 -0.107928 -4.884723 1.05e-06 5.977094 1.102895 0.293632 0.093295 2 3905 --
rs2238681 T C 0.308946 0.088811 0.018325 0.052895 0.124727 4.846527 1.28e-06 5.893365 1.806077 0.17898 0.446314 2 3905 ++
rs7840558 T C 0.052587 -0.183046 0.03796 -0.257447 -0.108645 -4.822123 1.44e-06 5.840188 0.733529 0.391742 0 2 3905 --
rs13256806 A G 0.052587 -0.183046 0.03796 -0.257447 -0.108645 -4.822123 1.44e-06 5.840188 0.733529 0.391742 0 2 3905 --
rs373501003 C G 0.031762 -0.226054 0.04729 -0.318742 -0.133366 -4.780193 1.78e-06 5.749404 0.926578 0.335754 0 2 3905 --
rs9754853 T A 0.238643 0.093131 0.019518 0.054875 0.131387 4.771465 1.86e-06 5.7306 0.13248 0.715874 0 2 3905 ++
rs12541523 G A 0.052715 -0.179676 0.037909 -0.253977 -0.105375 -4.739708 2.18e-06 5.662449 0.788397 0.374585 0 2 3905 --
rs8106922 G A 0.31029 0.086124 0.018278 0.0503 0.121948 4.711991 2.49e-06 5.603311 0.108682 0.74165 0 2 3903 ++
rs59140252 T G 0.128669 0.120159 0.025732 0.069723 0.170594 4.669574 3.07e-06 5.513433 0.034795 0.852026 0 2 3905 ++
rs76042268 G A 0.037496 -0.216786 0.04658 -0.308083 -0.125489 -4.654055 3.31e-06 5.480737 3.891331 0.048536 0.743019 2 3905 --
rs115528386 T G 0.037696 -0.215953 0.046458 -0.307012 -0.124895 -4.648323 3.4e-06 5.468686 3.917347 0.04779 0.744725 2 3905 --
rs145012655 C T 0.032349 -0.219749 0.04758 -0.313006 -0.126492 -4.618495 3.92e-06 5.406197 0.194747 0.658995 0 2 3905 --
rs142880675 G A 0.032349 -0.219749 0.04758 -0.313006 -0.126492 -4.618495 3.92e-06 5.406197 0.194747 0.658995 0 2 3905 --
rs145182878 T G 0.032255 -0.219749 0.04758 -0.313006 -0.126492 -4.618495 3.92e-06 5.406197 0.194747 0.658995 0 2 3905 --
rs2992649 G A 0.420038 0.079992 0.017353 0.045981 0.114003 4.609782 4.09e-06 5.388013 0.101487 0.750052 0 2 3905 ++
rs2992650 G A 0.419896 0.079926 0.017349 0.045922 0.11393 4.606908 4.15e-06 5.382021 0.106462 0.744208 0 2 3904 ++
rs72962798 G A 0.191361 0.098601 0.021643 0.05618 0.141021 4.555783 5.3e-06 5.276028 1.085953 0.29737 0.07915 2 3905 ++
rs143226718 G C 0.032349 -0.216834 0.0476 -0.310131 -0.123538 -4.555316 5.31e-06 5.275064 0.1302 0.718225 0 2 3905 --
rs370203806 T C 0.032246 -0.216451 0.04767 -0.309884 -0.123018 -4.540617 5.69e-06 5.244795 0.134864 0.713442 0 2 3905 --
rs138750643 C T 0.032246 -0.216451 0.04767 -0.309884 -0.123018 -4.540617 5.69e-06 5.244795 0.134864 0.713442 0 2 3905 --
rs5761876 C T 0.146199 -0.108283 0.023863 -0.155054 -0.061511 -4.537678 5.77e-06 5.238753 0.042469 0.836728 0 2 3905 --
rs1794640 T C 0.032152 -0.215153 0.04773 -0.308703 -0.121604 -4.507761 6.65e-06 5.17746 0.110304 0.739799 0 2 3905 --
rs401092 T C 0.032152 -0.215153 0.04773 -0.308703 -0.121604 -4.507761 6.65e-06 5.17746 0.110304 0.739799 0 2 3905 --
rs10081579 G T 0.064379 0.153781 0.034184 0.086781 0.220782 4.49865 6.94e-06 5.158866 1.258429 0.261949 0.205358 2 3905 ++
rs12150106 A G 0.251198 -0.087033 0.019364 -0.124987 -0.049079 -4.494519 7.07e-06 5.150448 0.755928 0.384606 0 2 3905 --
rs12150100 A C 0.251198 -0.087033 0.019364 -0.124987 -0.049079 -4.494519 7.07e-06 5.150448 0.755928 0.384606 0 2 3905 --
rs28535655 T A 0.066747 0.150329 0.033451 0.084765 0.215894 4.494014 7.09e-06 5.149419 0.182591 0.669156 0 2 3905 ++
rs116955472 C T 0.029679 0.219063 0.04884 0.123337 0.314788 4.485337 7.38e-06 5.131762 2.835611 0.092196 0.647342 2 3905 +-
rs62504732 G A 0.285967 0.08669 0.019344 0.048777 0.124604 4.481578 7.51e-06 5.124121 1.154795 0.282548 0.134045 2 3905 ++
rs3821925 G A 0.401389 0.108801 0.024286 0.061202 0.156401 4.480087 7.57e-06 5.121093 1.882064 0.1701 0.468669 2 1379 ++
rs3019060 G A 0.314465 0.082947 0.018517 0.046655 0.11924 4.479635 7.58e-06 5.120175 0.870385 0.350849 0 2 3905 ++
rs73416297 A C 0.129332 0.114463 0.02566 0.06417 0.164757 4.460752 8.28e-06 5.0819 0.059076 0.807963 0 2 3905 ++
rs17241316 G A 0.360187 -0.077799 0.017446 -0.111993 -0.043604 -4.459376 8.33e-06 5.079117 0.029461 0.863718 0 2 3905 --
rs4793835 C G 0.258795 -0.085596 0.019204 -0.123236 -0.047957 -4.45723 8.42e-06 5.074778 0.656277 0.417878 0 2 3905 --
rs2271898 C T 0.258924 -0.08557 0.019204 -0.12321 -0.04793 -4.455873 8.47e-06 5.072035 0.657412 0.417475 0 2 3905 --
rs6503773 C T 0.258895 -0.085575 0.019208 -0.123224 -0.047927 -4.455097 8.5e-06 5.070467 0.702035 0.402101 0 2 3905 --
rs35275710 A G 0.138204 -0.108537 0.024366 -0.156294 -0.06078 -4.454466 8.53e-06 5.069192 4.045241 0.044296 0.752796 2 3905 --
rs34363941 G A 0.138204 -0.108537 0.024366 -0.156294 -0.06078 -4.454466 8.53e-06 5.069192 4.045241 0.044296 0.752796 2 3905 --
rs62251429 T A 0.133614 -0.110864 0.024942 -0.15975 -0.061978 -4.444924 8.91e-06 5.049934 0.126651 0.72193 0 2 3905 --
rs62072709 T C 0.2551 -0.085194 0.019263 -0.122949 -0.047439 -4.42274 9.88e-06 5.005304 1.241481 0.265186 0.194511 2 3905 --
rs72962778 C G 0.196981 0.094819 0.021451 0.052774 0.136863 4.420213 9.99e-06 5.000234 0.606284 0.43619 0 2 3905 ++
