rs_number reference_allele other_allele eaf beta se beta_95L beta_95U z p-value -log10_p-value q_statistic q_p-value i2 n_studies n_samples effects
rs429358 C T 0.145243 -0.015197 0.001619 -0.018369 -0.012024 -9.388679 6.46e-21 20.18945 1.172034 0.278984 0.146783 2 3428 --
rs769449 A G 0.104122 -0.015944 0.001861 -0.019591 -0.012296 -8.567773 1.11e-17 16.953187 3.092216 0.078668 0.676607 2 3430 -+
rs34095326 A G 0.109934 -0.01238 0.001501 -0.015323 -0.009437 -8.245063 1.74e-16 15.760162 1.861682 0.172431 0.462851 2 6902 -+
rs7256200 T G 0.122447 -0.014387 0.001747 -0.017811 -0.010963 -8.235579 1.88e-16 15.725775 12.545258 0.000397 0.920289 2 3430 -+
rs10414043 A G 0.122589 -0.014358 0.001747 -0.017781 -0.010934 -8.219845 2.14e-16 15.668815 12.841964 0.000339 0.92213 2 3430 -+
rs73052335 C A 0.114094 -0.014359 0.00179 -0.017867 -0.010852 -8.023504 1.08e-15 14.966923 4.017638 0.045027 0.751098 2 3430 -+
rs12721051 G C 0.166096 -0.012209 0.001542 -0.015232 -0.009186 -7.916038 2.57e-15 14.589738 0.5017 0.478754 0 2 3430 --
rs6857 T C 0.154893 -0.012277 0.001581 -0.015376 -0.009179 -7.766589 8.44e-15 14.07342 9.085163 0.002577 0.88993 2 3429 -+
rs56131196 A G 0.176715 -0.011563 0.001513 -0.014529 -0.008597 -7.642219 2.23e-14 13.651032 5.222511 0.022296 0.808521 2 3426 --
rs10119 A G 0.292353 -0.007803 0.001024 -0.009809 -0.005796 -7.620812 2.64e-14 13.578998 1.099984 0.29427 0.090896 2 6902 --
rs4420638 G A 0.177578 -0.011451 0.001511 -0.014413 -0.008489 -7.576605 3.71e-14 13.430857 5.830667 0.015749 0.828493 2 3427 -+
rs111789331 A T 0.134337 -0.012179 0.001687 -0.015485 -0.008874 -7.220952 5.38e-13 12.269439 4.640858 0.031219 0.784523 2 3430 -+
rs12721046 A G 0.133136 -0.012081 0.001691 -0.015395 -0.008768 -7.146286 9.28e-13 12.032473 4.603299 0.03191 0.782764 2 3430 -+
rs11556505 T C 0.137659 -0.01185 0.001665 -0.015114 -0.008586 -7.116387 1.15e-12 11.938248 6.785647 0.009189 0.85263 2 3430 -+
rs34404554 G C 0.136 -0.011755 0.001672 -0.015033 -0.008476 -7.028121 2.18e-12 11.662313 8.445744 0.003659 0.881597 2 3430 -+
rs2075650 G A 0.139202 -0.011597 0.001661 -0.014852 -0.008342 -6.982628 3.01e-12 11.521387 9.84142 0.001706 0.898389 2 3430 -+
rs12972156 G C 0.129685 -0.011836 0.001709 -0.015187 -0.008485 -6.923733 4.57e-12 11.340263 4.20369 0.040336 0.762114 2 3430 -+
rs12972970 A G 0.129685 -0.011836 0.001709 -0.015187 -0.008485 -6.923733 4.57e-12 11.340263 4.20369 0.040336 0.762114 2 3430 -+
rs71352238 C T 0.133066 -0.011581 0.001701 -0.014914 -0.008248 -6.81035 1.01e-11 10.995722 4.647302 0.031102 0.784821 2 3430 -+
rs66626994 A G 0.145019 -0.010953 0.001636 -0.01416 -0.007746 -6.693799 2.25e-11 10.647265 11.998375 0.000532 0.916655 2 3430 -+
rs75627662 T C 0.189768 -0.007441 0.001134 -0.009664 -0.005218 -6.561059 5.53e-11 10.257451 9.825991 0.001721 0.898229 2 7661 -+
rs34342646 A G 0.133652 -0.010934 0.001697 -0.01426 -0.007608 -6.443777 1.2e-10 9.919266 4.765461 0.029036 0.790157 2 3430 -+
chr19:44893408:G:T T G 0.209839 -0.008823 0.001418 -0.011603 -0.006043 -6.220288 5.12e-10 9.291016 9.032586 0.002652 0.88929 2 3428 -+
rs157581 C T 0.258022 -0.007619 0.001304 -0.010174 -0.005064 -5.844838 5.21e-09 8.283284 4.934657 0.026323 0.797352 2 3886 --
rs438811 T C 0.2674 -0.007363 0.001277 -0.009866 -0.00486 -5.766073 8.33e-09 8.079448 5.772552 0.016278 0.826766 2 3886 --
rs5117 C T 0.225269 -0.007953 0.001398 -0.010694 -0.005213 -5.688348 1.32e-08 7.880877 8.595154 0.003371 0.883655 2 3430 -+
rs184017 G T 0.254132 -0.007339 0.001305 -0.009897 -0.004781 -5.62425 1.91e-08 7.719041 7.884769 0.004985 0.873173 2 3886 --
rs283811 G A 0.244692 -0.00719 0.001303 -0.009745 -0.004636 -5.516858 3.53e-08 7.451783 5.945462 0.014755 0.831804 2 3886 --
rs9529176 C A 0.415708 -0.004763 0.000915 -0.006556 -0.00297 -5.20605 1.97e-07 6.705707 0.511281 0.474585 0 2 7358 --
rs13229167 A G 0.256904 -0.005043 0.001003 -0.007009 -0.003077 -5.026703 5.09e-07 6.29369 0.323957 0.569239 0 2 7661 --
rs7259620 A G 0.437542 0.004499 0.000896 0.002743 0.006255 5.021417 5.23e-07 6.281753 0.686789 0.407259 0 2 7660 ++
rs9529175 C T 0.405854 -0.004621 0.000928 -0.00644 -0.002801 -4.976803 6.58e-07 6.181456 0.373845 0.540916 0 2 7354 --
rs9529177 T C 0.42893 -0.004544 0.000913 -0.006334 -0.002754 -4.975725 6.62e-07 6.179045 0.002321 0.961573 0 2 7358 --
rs1023033 G A 0.395097 -0.004603 0.000926 -0.006418 -0.002788 -4.97183 6.76e-07 6.170328 0.531455 0.465996 0 2 7358 --
rs9540991 C T 0.404013 -0.004587 0.000926 -0.006401 -0.002773 -4.955926 7.33e-07 6.13481 0.848392 0.357008 0 2 7358 --
rs74834851 T C 0.063441 -0.008815 0.001779 -0.012302 -0.005328 -4.954288 7.39e-07 6.131159 1.063312 0.302461 0.059543 2 7661 --
rs9540978 C T 0.410066 -0.004564 0.000922 -0.00637 -0.002757 -4.952069 7.48e-07 6.126214 1.338226 0.247347 0.252742 2 7358 --
rs9317638 C G 0.233359 -0.005152 0.001046 -0.007202 -0.003102 -4.925645 8.56e-07 6.067477 1.010935 0.314679 0.010817 2 7661 --
rs9571712 G A 0.406265 -0.004556 0.000926 -0.00637 -0.002742 -4.92258 8.7e-07 6.060684 0.694488 0.404642 0 2 7345 --
rs9304332 T C 0.254472 0.004995 0.001016 0.003004 0.006986 4.918219 8.89e-07 6.051024 3.490306 0.061729 0.713492 2 7661 ++
rs9317635 T C 0.403109 -0.004537 0.000926 -0.006351 -0.002722 -4.899879 9.76e-07 6.010488 0.738077 0.390278 0 2 7358 --
rs9571711 T C 0.391576 -0.004539 0.000928 -0.006359 -0.00272 -4.889327 1.03e-06 5.987229 0.422772 0.515557 0 2 7358 --
rs11764404 T C 0.246349 -0.004982 0.001021 -0.006983 -0.002982 -4.880582 1.08e-06 5.967986 0.323653 0.569421 0 2 7661 --
rs260150 T C 0.414922 -0.004357 0.000897 -0.006116 -0.002598 -4.856019 1.22e-06 5.914115 0.23261 0.629595 0 2 7660 --
rs75592842 A G 0.074321 -0.008067 0.001665 -0.011331 -0.004803 -4.844408 1.29e-06 5.888737 0.314682 0.574821 0 2 7661 --
rs155016 T G 0.414516 -0.004337 0.000897 -0.006096 -0.002579 -4.83427 1.36e-06 5.866626 0.181605 0.669998 0 2 7661 --
rs260156 C A 0.39345 -0.00529 0.001097 -0.00744 -0.00314 -4.822957 1.44e-06 5.842001 0.095241 0.757617 0 2 4187 --
rs3819547 C G 0.092004 -0.007249 0.00151 -0.010207 -0.00429 -4.801959 1.6e-06 5.79644 0.24544 0.620305 0 2 7661 --
rs2325020 G A 0.407451 -0.004336 0.000903 -0.006106 -0.002565 -4.800841 1.61e-06 5.794019 0.265173 0.606588 0 2 7661 --
rs28644184 T C 0.450438 -0.004307 0.000898 -0.006068 -0.002546 -4.793807 1.66e-06 5.778801 0.935099 0.333541 0 2 7660 --
rs9529173 T C 0.408003 -0.004431 0.000925 -0.006243 -0.002619 -4.792387 1.68e-06 5.77573 0.624582 0.42935 0 2 7358 --
rs9540972 T C 0.407991 -0.004305 0.000902 -0.006072 -0.002537 -4.772668 1.85e-06 5.733191 0.186553 0.665801 0 2 7661 --
rs1323903 C T 0.40759 -0.004288 0.000904 -0.006059 -0.002516 -4.743216 2.14e-06 5.669957 0.218348 0.640301 0 2 7649 --
rs4784698 A C 0.183995 -0.005459 0.001157 -0.007726 -0.003192 -4.719762 2.4e-06 5.61986 0.086051 0.769259 0 2 7661 --
rs58148070 C T 0.093052 -0.007043 0.001502 -0.009988 -0.004098 -4.687813 2.81e-06 5.551988 0.081086 0.775832 0 2 7661 --
rs17247204 G A 0.099169 -0.006837 0.001462 -0.009703 -0.003972 -4.6772 2.95e-06 5.529537 0.7246 0.394639 0 2 7661 --
rs769450 A G 0.398637 0.004269 0.000915 0.002475 0.006062 4.664865 3.14e-06 5.5035 0.610756 0.434503 0 2 7661 ++
rs260153 C G 0.273334 -0.004606 0.000988 -0.006542 -0.00267 -4.662367 3.18e-06 5.498235 0.138453 0.709824 0 2 7661 --
rs4980995 C T 0.446262 -0.004204 0.000902 -0.005973 -0.002435 -4.658525 3.23e-06 5.490143 0.307553 0.579185 0 2 7661 --
rs2001985 C A 0.184536 -0.00538 0.001158 -0.007649 -0.003111 -4.647766 3.41e-06 5.467514 0.002163 0.962903 0 2 7642 --
rs9964221 T G 0.250277 0.004768 0.001026 0.002757 0.00678 4.646454 3.43e-06 5.464759 3.281259 0.070075 0.695239 2 7655 ++
rs9540976 G A 0.273925 -0.004553 0.000989 -0.006491 -0.002616 -4.605936 4.17e-06 5.379997 0.027008 0.869462 0 2 7661 --
rs34878901 T C 0.403809 0.004187 0.000911 0.002401 0.005973 4.595296 4.39e-06 5.357852 0.712052 0.398764 0 2 7661 ++
rs484449 G C 0.328261 -0.004342 0.000947 -0.006198 -0.002486 -4.585755 4.59e-06 5.338034 0.214145 0.643538 0 2 7661 --
rs11773115 G A 0.233193 -0.004802 0.00105 -0.00686 -0.002745 -4.575293 4.83e-06 5.316349 0.111588 0.738344 0 2 7654 --
rs260152 T C 0.280739 -0.004472 0.000979 -0.00639 -0.002554 -4.569918 4.95e-06 5.305224 0.005258 0.942196 0 2 7660 --
rs9529172 C T 0.38713 -0.004278 0.000936 -0.006113 -0.002442 -4.56859 4.98e-06 5.302478 0.659133 0.416866 0 2 7358 --
rs9571707 A G 0.275784 -0.004497 0.000985 -0.006428 -0.002566 -4.565353 5.06e-06 5.295786 0.007334 0.931754 0 2 7661 --
rs73324733 G C 0.05055 -0.009288 0.002038 -0.013282 -0.005294 -4.558216 5.24e-06 5.281047 1.573053 0.209764 0.364293 2 7661 --
rs11773147 G A 0.235356 -0.004855 0.001071 -0.006954 -0.002757 -4.534978 5.85e-06 5.233206 0.710945 0.39913 0 2 7357 --
rs609073 G A 0.332644 -0.004428 0.000976 -0.006342 -0.002514 -4.534618 5.86e-06 5.232466 0.053229 0.817537 0 2 7358 --
rs73324732 A C 0.050612 -0.009235 0.002036 -0.013226 -0.005243 -4.53457 5.86e-06 5.232368 1.708998 0.191115 0.414862 2 7661 --
rs10515851 C G 0.050612 -0.009235 0.002036 -0.013226 -0.005243 -4.53457 5.86e-06 5.232368 1.708998 0.191115 0.414862 2 7661 --
rs73324741 A T 0.050563 -0.009235 0.002036 -0.013226 -0.005243 -4.53457 5.86e-06 5.232368 1.708998 0.191115 0.414862 2 7661 --
rs17061334 C T 0.050619 -0.009234 0.002036 -0.013225 -0.005242 -4.534167 5.87e-06 5.231539 1.708506 0.191179 0.414693 2 7660 --
rs149174406 T C 0.034716 -0.010859 0.002396 -0.015556 -0.006162 -4.531656 5.94e-06 5.226386 0.041036 0.839469 0 2 7661 --
rs12875136 G C 0.387292 -0.004222 0.000936 -0.006056 -0.002387 -4.510589 6.56e-06 5.183237 0.535099 0.464471 0 2 7358 --
rs10847598 A C 0.107937 -0.006323 0.001404 -0.009075 -0.00357 -4.502387 6.82e-06 5.166488 0.447444 0.503551 0 2 7661 --
rs73324729 A G 0.05022 -0.009197 0.002044 -0.013203 -0.005192 -4.500671 6.87e-06 5.162988 1.872916 0.171142 0.466073 2 7661 --
rs73799183 A C 0.05022 -0.009197 0.002044 -0.013203 -0.005192 -4.500671 6.87e-06 5.162988 1.872916 0.171142 0.466073 2 7661 --
rs11854194 T C 0.258369 0.004616 0.001026 0.002605 0.006628 4.498268 6.95e-06 5.158088 0.616082 0.432507 0 2 7661 ++
rs62241188 G C 0.157662 -0.005543 0.001233 -0.007961 -0.003126 -4.494411 7.08e-06 5.150228 0.009443 0.922588 0 2 7661 --
rs17220908 T C 0.06093 -0.00861 0.001916 -0.012365 -0.004855 -4.493922 7.09e-06 5.149233 7.03895 0.007976 0.857933 2 7299 -+
rs1305062 C G 0.395479 0.004097 0.000913 0.002307 0.005887 4.485895 7.36e-06 5.132896 0.909561 0.340231 0 2 7661 ++
rs62293944 T C 0.089284 -0.007019 0.001566 -0.010088 -0.003951 -4.483236 7.46e-06 5.127491 0.007955 0.928932 0 2 7661 --
rs476332 T C 0.311384 -0.004437 0.000991 -0.006379 -0.002495 -4.478565 7.62e-06 5.118002 0.015185 0.901926 0 2 7358 --
rs9540973 G C 0.375645 -0.004099 0.000915 -0.005893 -0.002305 -4.47801 7.64e-06 5.116876 0.030869 0.860532 0 2 7661 --
rs9540985 A G 0.246319 -0.004584 0.001025 -0.006594 -0.002575 -4.470723 7.91e-06 5.102092 0.042269 0.837108 0 2 7661 --
rs61924870 G A 0.026683 -0.012427 0.00278 -0.017876 -0.006978 -4.470005 7.93e-06 5.100638 0.948734 0.330042 0 2 7613 --
rs4142274 T G 0.234681 -0.004654 0.001044 -0.0067 -0.002608 -4.45887 8.35e-06 5.078094 0.02659 0.870468 0 2 7656 --
rs28588142 T C 0.163797 -0.005367 0.001205 -0.007729 -0.003004 -4.452286 8.61e-06 5.064789 1.050313 0.305435 0.047903 2 7661 --
rs77916371 T C 0.053656 0.008959 0.002015 0.00501 0.012908 4.446563 8.85e-06 5.05324 0.234541 0.628177 0 2 7607 ++
rs9529165 G A 0.246913 -0.004544 0.001025 -0.006552 -0.002535 -4.434713 9.35e-06 5.029366 0.001551 0.968589 0 2 7661 --
rs115991212 G T 0.087268 -0.006937 0.001564 -0.010003 -0.003871 -4.434202 9.37e-06 5.028339 0.185021 0.667093 0 2 7661 --
rs9772 T C 0.30272 -0.0043 0.00097 -0.006201 -0.002399 -4.434241 9.37e-06 5.028416 0.135508 0.712788 0 2 7661 --
rs7179965 T C 0.258525 0.004546 0.001026 0.002535 0.006557 4.430066 9.55e-06 5.02002 0.896695 0.343669 0 2 7658 ++
rs7225406 C A 0.309466 -0.004255 0.000961 -0.006139 -0.002371 -4.426824 9.69e-06 5.013505 0.287974 0.591522 0 2 7661 --
rs62295228 C T 0.091473 -0.006811 0.00154 -0.00983 -0.003793 -4.422725 9.88e-06 5.005274 0.26416 0.607276 0 2 7661 --
rs9540981 A T 0.234234 -0.004612 0.001043 -0.006657 -0.002568 -4.421279 9.95e-06 5.002372 0.095223 0.757639 0 2 7661 --
