rs_number reference_allele other_allele eaf beta se beta_95L beta_95U z p-value -log10_p-value q_statistic q_p-value i2 n_studies n_samples effects
rs10119 A G 0.337653 -0.017517 0.001066 -0.019607 -0.015428 -16.433039 1.25e-60 59.904761 138.697811 0 0.97837 4 10759 ----
rs34095326 A G 0.145427 -0.024011 0.001485 -0.026921 -0.0211 -16.169617 9.26e-59 58.033553 105.440663 0 0.971548 4 10759 ----
rs75627662 T C 0.228935 -0.018411 0.001221 -0.020805 -0.016017 -15.074993 2.63e-51 50.579647 129.63022 0 0.976857 4 10759 ----
rs429358 C T 0.157281 -0.019882 0.001663 -0.023141 -0.016624 -11.9588 6.35e-33 32.196916 56.856788 4.51e-13 0.964824 3 3760 --?-
rs10414043 A G 0.129814 -0.020525 0.001807 -0.024067 -0.016982 -11.356051 7.49e-30 29.125348 48.110742 3.57e-11 0.958429 3 3764 --?-
rs7256200 T G 0.129814 -0.020525 0.001807 -0.024067 -0.016982 -11.356051 7.49e-30 29.125348 48.110742 3.57e-11 0.958429 3 3764 --?-
rs769449 A G 0.12759 -0.020368 0.001822 -0.023939 -0.016797 -11.179976 5.53e-29 28.25766 50.542521 1.06e-11 0.960429 3 3764 --?-
rs41289512 G C 0.049862 -0.026952 0.002516 -0.031883 -0.022021 -10.713193 9.5e-27 26.022066 35.479898 9.65e-08 0.915445 4 10759 ----
rs6857 T C 0.181365 -0.016811 0.001571 -0.019889 -0.013732 -10.703413 1.06e-26 25.976228 39.803168 2.27e-09 0.949753 3 3764 --?-
rs147711004 A G 0.042211 -0.029142 0.002736 -0.034504 -0.02378 -10.652247 1.83e-26 25.737102 32.689655 3.74e-07 0.908228 4 10759 ----
rs73052335 C A 0.138715 -0.018673 0.001755 -0.022114 -0.015233 -10.637852 2.14e-26 25.670031 43.047891 4.49e-10 0.95354 3 3764 --?-
rs4420638 G A 0.190826 -0.016011 0.001541 -0.019031 -0.01299 -10.389337 2.98e-25 24.526173 52.705721 3.59e-12 0.962053 3 3757 --?-
rs56131196 A G 0.190715 -0.015966 0.001542 -0.018987 -0.012945 -10.357311 4.16e-25 24.380702 50.904335 8.84e-12 0.960711 3 3759 --?-
rs146275714 A G 0.026364 -0.03561 0.00344 -0.042352 -0.028867 -10.351896 4.4e-25 24.356146 35.382891 1.01e-07 0.915213 4 10759 ----
rs12691088 A G 0.026994 -0.03497 0.003391 -0.041617 -0.028323 -10.311316 6.72e-25 24.172546 44.932624 9.56e-10 0.933233 4 10759 ----
rs12721051 G C 0.191072 -0.015856 0.001541 -0.018876 -0.012835 -10.287004 8.65e-25 24.062891 52.10518 4.85e-12 0.961616 3 3764 --?-
rs1160985 T C 0.408035 0.010227 0.001013 0.008241 0.012214 10.091443 6.46e-24 23.190088 56.168216 3.87e-12 0.946589 4 10758 ++++
rs760136 G A 0.408099 0.010218 0.001013 0.008232 0.012205 10.082472 7.07e-24 23.150447 55.975391 4.25e-12 0.946405 4 10759 ++++
rs1038026 G A 0.40827 0.010219 0.001014 0.008232 0.012206 10.081645 7.13e-24 23.146791 54.868475 7.32e-12 0.945324 4 10759 ++++
rs741780 C T 0.408164 0.010194 0.001013 0.008208 0.012181 10.060734 8.82e-24 23.054528 55.436676 5.54e-12 0.945884 4 10759 ++++
rs1038025 C T 0.408078 0.010178 0.001015 0.008188 0.012167 10.026094 1.25e-23 22.9021 54.857685 7.36e-12 0.945313 4 10759 ++++
rs28399664 G C 0.025352 -0.034953 0.003505 -0.041822 -0.028083 -9.972263 2.16e-23 22.666255 31.821968 5.71e-07 0.905726 4 10759 ----
rs7259620 A G 0.404921 0.010033 0.001013 0.008048 0.012018 9.908109 4.1e-23 22.386808 52.779114 2.04e-11 0.943159 4 10758 ++++
rs1081105 C A 0.040465 -0.027641 0.002795 -0.033119 -0.022163 -9.889887 4.92e-23 22.307757 38.722509 1.99e-08 0.922526 4 10759 ----
rs112019714 C T 0.040675 -0.027005 0.002774 -0.032442 -0.021567 -9.734325 2.3e-22 21.638726 34.702276 1.41e-07 0.91355 4 10759 ----
rs2075650 G A 0.155175 -0.016203 0.001675 -0.019487 -0.01292 -9.671301 4.26e-22 21.370638 29.765957 3.44e-07 0.932809 3 3764 --?-
rs11556505 T C 0.154878 -0.016175 0.001676 -0.01946 -0.012889 -9.649995 5.24e-22 21.280394 29.844212 3.31e-07 0.932985 3 3764 --?-
rs34404554 G C 0.154878 -0.016146 0.001677 -0.019432 -0.012859 -9.628716 6.45e-22 21.190463 29.922615 3.18e-07 0.933161 3 3764 --?-
rs115881343 T C 0.040176 -0.026868 0.002793 -0.032343 -0.021393 -9.61825 7.14e-22 21.146299 35.199565 1.11e-07 0.914772 4 10701 ----
rs12721046 A G 0.158984 -0.015913 0.001662 -0.019172 -0.012655 -9.572507 1.11e-21 20.953835 43.926173 2.89e-10 0.954469 3 3764 --?-
rs111789331 A T 0.160105 -0.015879 0.001659 -0.01913 -0.012627 -9.570723 1.13e-21 20.946346 42.805167 5.07e-10 0.953277 3 3764 --?-
rs66626994 A G 0.160185 -0.015778 0.00166 -0.019032 -0.012525 -9.506365 2.1e-21 20.677132 43.013627 4.57e-10 0.953503 3 3764 --?-
rs12972156 G C 0.155584 -0.015667 0.001677 -0.018954 -0.01238 -9.342011 1.01e-20 19.997707 31.882151 1.19e-07 0.937269 3 3764 --?-
rs12972970 A G 0.155584 -0.015667 0.001677 -0.018954 -0.01238 -9.342011 1.01e-20 19.997707 31.882151 1.19e-07 0.937269 3 3764 --?-
rs116881820 C T 0.038898 -0.026336 0.002842 -0.031905 -0.020766 -9.267962 2.02e-20 19.69539 33.865798 2.11e-07 0.911415 4 10759 ----
rs112849259 T C 0.038656 -0.026326 0.002847 -0.031907 -0.020745 -9.245994 2.48e-20 19.606156 33.934735 2.05e-07 0.911595 4 10756 ----
rs75687619 T G 0.038589 -0.026182 0.002843 -0.031755 -0.020609 -9.207839 3.53e-20 19.451663 34.787699 1.35e-07 0.913763 4 10758 ----
rs79398853 T C 0.038633 -0.026174 0.002844 -0.031748 -0.020601 -9.204228 3.66e-20 19.437074 34.761652 1.37e-07 0.913698 4 10755 ----
rs77301115 A G 0.038546 -0.026194 0.002849 -0.031779 -0.02061 -9.193313 4.05e-20 19.393011 33.457678 2.58e-07 0.910334 4 10758 ----
rs71352238 C T 0.158468 -0.015322 0.001671 -0.018597 -0.012047 -9.169461 5.05e-20 19.296897 29.87722 3.25e-07 0.933059 3 3764 --?-
rs114536010 T C 0.038621 -0.02608 0.002845 -0.031656 -0.020505 -9.168295 5.1e-20 19.292205 34.31571 1.7e-07 0.912576 4 10742 ----
rs140480140 A G 0.041237 -0.025245 0.002762 -0.030658 -0.019831 -9.140384 6.61e-20 19.180058 35.55804 9.29e-08 0.915631 4 10759 ----
rs150966173 T C 0.03975 -0.025515 0.002802 -0.031006 -0.020024 -9.107494 8.95e-20 19.048339 38.302532 2.44e-08 0.921676 4 10704 ----
rs484195 A G 0.365974 0.00982 0.0011 0.007664 0.011977 8.926127 4.67e-19 18.330335 61.024682 5.61e-14 0.967226 3 9334 +++?
rs157594 T G 0.365959 0.009766 0.0011 0.00761 0.011922 8.877141 7.26e-19 18.138831 61.524242 4.36e-14 0.967492 3 9334 +++?
rs157595 A G 0.365734 0.009756 0.0011 0.0076 0.011912 8.86973 7.76e-19 18.109947 61.310392 4.86e-14 0.967379 3 9334 +++?
rs34342646 A G 0.159 -0.014723 0.001669 -0.017995 -0.011452 -8.820456 1.21e-18 17.918513 30.283224 2.66e-07 0.933957 3 3764 --?-
chr19:44893408:G:T T G 0.215126 -0.012825 0.001467 -0.0157 -0.00995 -8.742129 2.42e-18 17.616349 38.198084 5.07e-09 0.947641 3 3763 --?-
rs188535946 A G 0.039489 -0.024462 0.002806 -0.029961 -0.018963 -8.71859 2.98e-18 17.526057 36.193446 6.82e-08 0.917112 4 10759 ----
rs769450 A G 0.373735 0.008632 0.00103 0.006613 0.010652 8.379277 5.61e-17 16.250911 41.944087 4.12e-09 0.928476 4 10759 ++++
rs7412 T C 0.06509 0.015729 0.001911 0.011983 0.019475 8.228906 1.99e-16 15.701602 43.305713 2.12e-09 0.930725 4 10745 ++++
rs184017 G T 0.226215 -0.011835 0.001442 -0.014661 -0.009009 -8.207589 2.37e-16 15.624516 34.441165 3.32e-08 0.94193 3 3764 --?-
chr19:44909976:G:T T G 0.065136 0.015595 0.001907 0.011857 0.019334 8.176309 3.08e-16 15.511755 41.38363 5.42e-09 0.927508 4 10759 ++++
rs157581 C T 0.227194 -0.011712 0.001442 -0.014538 -0.008885 -8.12139 4.84e-16 15.314788 32.589016 8.38e-08 0.93863 3 3764 --?-
rs34878901 T C 0.371383 0.008343 0.001028 0.006328 0.010358 8.116255 5.05e-16 15.296435 41.138619 6.11e-09 0.927076 4 10759 ++++
rs8106922 G A 0.371586 0.00834 0.001028 0.006324 0.010356 8.109991 5.32e-16 15.274065 41.310785 5.62e-09 0.92738 4 10755 ++++
rs440446 C G 0.341693 0.008489 0.001048 0.006435 0.010542 8.102098 5.68e-16 15.245904 66.227051 2.74e-14 0.954701 4 10759 ++++
rs157582 T C 0.225726 -0.011672 0.001444 -0.014503 -0.008842 -8.083351 6.62e-16 15.179117 33.39556 5.6e-08 0.940112 3 3764 --?-
rs283815 G A 0.226453 -0.011648 0.001443 -0.014477 -0.008819 -8.070389 7.36e-16 15.133029 31.183701 1.69e-07 0.935864 3 3756 --?-
rs584007 A G 0.344953 0.008983 0.001121 0.006787 0.01118 8.016185 1.15e-15 14.941076 51.998518 5.11e-12 0.961537 3 9328 +++?
rs3826688 T C 0.346166 0.008979 0.001121 0.006783 0.011176 8.012899 1.18e-15 14.92948 49.643829 1.66e-11 0.959713 3 9334 +++?
rs1305062 C G 0.370966 0.008231 0.001029 0.006215 0.010248 8.001804 1.29e-15 14.890362 41.438342 5.28e-09 0.927603 4 10759 +++-
rs28399637 A G 0.32869 -0.008484 0.001068 -0.010578 -0.006389 -7.94053 2.11e-15 14.675268 27.55025 4.51e-06 0.891108 4 10753 ----
rs283811 G A 0.226736 -0.011385 0.001439 -0.014206 -0.008565 -7.911926 2.66e-15 14.575405 32.779488 7.62e-08 0.938986 3 3764 --?-
rs5117 C T 0.230456 -0.011321 0.001435 -0.014133 -0.008508 -7.888804 3.2e-15 14.49494 43.292519 3.97e-10 0.953803 3 3764 --?-
rs59325138 T C 0.36853 0.008153 0.001038 0.00612 0.010187 7.857994 4.09e-15 14.388075 40.092978 1.02e-08 0.925174 4 10759 ++++
rs2238681 T C 0.371852 0.008052 0.00103 0.006034 0.01007 7.819949 5.54e-15 14.256675 40.332051 9.06e-09 0.925617 4 10759 +++-
rs483082 T G 0.231747 -0.011122 0.001432 -0.013929 -0.008314 -7.764089 8.61e-15 14.064865 40.807988 1.38e-09 0.95099 3 3764 --?-
rs438811 T C 0.231324 -0.01112 0.001433 -0.013928 -0.008312 -7.761066 8.82e-15 14.054524 40.623569 1.51e-09 0.950767 3 3764 --?-
rs3925681 A G 0.383303 0.008407 0.001089 0.006272 0.010541 7.719253 1.22e-14 13.911878 51.873725 5.44e-12 0.961445 3 9334 +++?
rs79701229 A G 0.017575 -0.031831 0.004216 -0.040095 -0.023567 -7.549821 4.56e-14 13.34151 16.141395 0.000313 0.876095 3 9334 ---?
rs118170342 C T 0.054504 -0.018623 0.002506 -0.023534 -0.013712 -7.432787 1.11e-13 12.954698 44.368538 2.32e-10 0.954923 3 9334 ---?
rs4803770 G C 0.346498 0.007779 0.001052 0.005717 0.009841 7.395791 1.47e-13 12.833641 43.212722 2.22e-09 0.930576 4 10759 ++++
rs11668327 C G 0.16359 0.009615 0.001327 0.007014 0.012217 7.243908 4.54e-13 12.342774 48.589758 1.59e-10 0.938259 4 10759 ++++
rs148601586 G C 0.016174 -0.031094 0.004294 -0.03951 -0.022678 -7.241741 4.61e-13 12.335842 22.024804 1.65e-05 0.909193 3 9334 ---?
rs7254133 T C 0.321501 -0.008269 0.001148 -0.01052 -0.006018 -7.200586 6.24e-13 12.204569 26.490803 1.77e-06 0.924502 3 9334 ---?
rs4803772 T C 0.311112 0.008241 0.001145 0.005996 0.010486 7.195291 6.49e-13 12.187732 40.014108 2.05e-09 0.950018 3 9334 +++?
rs157590 C A 0.453698 0.007468 0.001063 0.005386 0.009551 7.028794 2.17e-12 11.664403 14.018564 0.000903 0.857332 3 9334 +++?
rs4803763 C G 0.288722 -0.007824 0.001115 -0.010009 -0.00564 -7.020288 2.3e-12 11.637983 35.109098 1.16e-07 0.914552 4 10759 ----
rs12721056 T G 0.315207 0.008015 0.001143 0.005776 0.010254 7.015036 2.39e-12 11.621687 39.856124 2.21e-09 0.94982 3 9334 +++?
rs12462573 A G 0.284983 -0.007833 0.001117 -0.010023 -0.005644 -7.011926 2.44e-12 11.612044 34.127661 1.86e-07 0.912095 4 10759 ----
rs4803764 C T 0.284551 -0.007826 0.001119 -0.010019 -0.005632 -6.992392 2.81e-12 11.551561 33.709187 2.28e-07 0.911003 4 10759 ----
rs56317818 T C 0.285168 -0.0078 0.001117 -0.009989 -0.00561 -6.982333 3.02e-12 11.520477 34.190645 1.81e-07 0.912257 4 10759 ----
rs78959900 A G 0.313308 0.007946 0.001145 0.005703 0.01019 6.942355 4.01e-12 11.397373 39.596214 2.52e-09 0.94949 3 9304 +++?
rs73050205 A T 0.285041 -0.007591 0.001118 -0.009782 -0.0054 -6.790148 1.16e-11 10.934911 32.942507 3.31e-07 0.908932 4 10759 ----
rs73052307 C T 0.128586 0.009871 0.001454 0.007021 0.012721 6.789231 1.17e-11 10.932155 28.074819 3.5e-06 0.893143 4 10752 ++++
rs2972559 G C 0.290125 -0.007541 0.001113 -0.009723 -0.00536 -6.775546 1.29e-11 10.891064 35.631007 8.96e-08 0.915804 4 10759 ----
rs3745150 C G 0.373918 0.006887 0.001031 0.004867 0.008908 6.682615 2.43e-11 10.614133 29.019965 2.22e-06 0.896623 4 10759 ++++
rs35396326 G C 0.301326 -0.007232 0.001095 -0.009378 -0.005085 -6.603069 4.17e-11 10.380011 29.919388 1.44e-06 0.899731 4 10759 ----
rs10410835 T C 0.45237 0.006472 0.000982 0.004548 0.008396 6.593769 4.44e-11 10.352812 32.257245 4.62e-07 0.906998 4 10759 ++++
rs2927468 A G 0.453806 0.006427 0.000982 0.004503 0.008351 6.546463 6.09e-11 10.215044 32.013434 5.2e-07 0.906289 4 10759 ++++
rs2075649 G A 0.368713 0.006621 0.001036 0.00459 0.008651 6.392048 1.69e-10 9.771965 25.777673 1.06e-05 0.88362 4 10759 +++-
rs190712692 A G 0.042922 0.015569 0.002453 0.010762 0.020377 6.347188 2.26e-10 9.645141 32.728848 7.82e-08 0.938892 3 9334 +++?
rs60049679 C G 0.084325 -0.011503 0.001817 -0.015064 -0.007941 -6.330571 2.52e-10 9.59838 24.613692 1.86e-05 0.878117 4 10759 ----
rs117310449 T C 0.015726 -0.028713 0.00457 -0.037671 -0.019755 -6.282381 3.44e-10 9.463437 2.612853 0.270786 0.234553 3 9334 ---?
rs141622900 A G 0.043617 0.014385 0.002307 0.009862 0.018907 6.234421 4.68e-10 9.330116 35.149711 1.13e-07 0.914651 4 10759 ++++
rs449647 T A 0.163735 0.008324 0.001337 0.005704 0.010945 6.225618 4.95e-10 9.30575 53.824972 1.22e-11 0.944264 4 10759 ++++
rs157585 C A 0.449692 0.006215 0.001003 0.00425 0.008181 6.198631 5.87e-10 9.231263 19.107561 0.00026 0.842994 4 10759 ++++
rs157588 T C 0.449658 0.006189 0.001002 0.004226 0.008152 6.178549 6.67e-10 9.176032 19.472608 0.000218 0.845937 4 10759 ++++
rs144261139 A C 0.015752 -0.027789 0.004549 -0.036705 -0.018873 -6.10889 1.03e-09 8.985782 2.724277 0.256112 0.26586 3 9324 ---?
rs4802238 T C 0.329383 -0.006334 0.001062 -0.008417 -0.004252 -5.962111 2.56e-09 8.591636 31.37881 7.07e-07 0.904394 4 10759 ----
rs71352239 T C 0.296795 0.006757 0.001154 0.004495 0.009018 5.856437 4.86e-09 8.313522 16.476334 0.000264 0.878614 3 9334 +++?
rs2199575 A G 0.315437 -0.006201 0.00108 -0.008318 -0.004085 -5.743198 9.53e-09 8.020742 29.343188 1.9e-06 0.897762 4 10759 ----
rs12162222 T G 0.315776 -0.006126 0.001079 -0.008241 -0.004011 -5.676271 1.41e-08 7.850251 28.526262 2.82e-06 0.894834 4 10759 ----
rs74579864 C G 0.327394 -0.006047 0.001066 -0.008137 -0.003957 -5.671222 1.45e-08 7.837467 24.461144 2e-05 0.877357 4 10759 ----
rs3021439 A G 0.326833 -0.005975 0.001067 -0.008067 -0.003884 -5.599868 2.2e-08 7.657935 24.671028 1.81e-05 0.8784 4 10759 ----
rs7359852 C T 0.328122 -0.005963 0.001067 -0.008054 -0.003872 -5.589693 2.33e-08 7.632509 24.333717 2.13e-05 0.876714 4 10759 ----
rs73048293 A G 0.327079 -0.005962 0.001067 -0.008054 -0.00387 -5.586358 2.38e-08 7.624185 24.731553 1.76e-05 0.878697 4 10752 ----
rs73048288 C G 0.326691 -0.005956 0.001067 -0.008048 -0.003864 -5.58091 2.45e-08 7.610598 24.580556 1.89e-05 0.877952 4 10759 ----
rs12459575 A G 0.327053 -0.00594 0.001067 -0.008032 -0.003849 -5.566034 2.67e-08 7.573558 24.386294 2.07e-05 0.87698 4 10759 ----
rs2927480 C G 0.326821 -0.005903 0.001067 -0.007995 -0.003812 -5.531539 3.25e-08 7.488032 23.931514 2.58e-05 0.874642 4 10759 ----
rs365653 G A 0.107978 0.008646 0.001579 0.005551 0.011742 5.475438 4.47e-08 7.350006 22.020253 6.46e-05 0.863762 4 10759 ++++
rs4803762 A G 0.329919 -0.005786 0.001064 -0.007871 -0.003702 -5.44029 5.44e-08 7.264208 23.438869 3.27e-05 0.872007 4 10759 ----
rs55923289 C T 0.135174 -0.007937 0.001482 -0.010841 -0.005033 -5.356209 8.69e-08 7.061073 22.366512 5.47e-05 0.865871 4 10758 ----
rs157584 C T 0.455997 0.005357 0.001003 0.003391 0.007322 5.341775 9.41e-08 7.026503 12.994246 0.004649 0.769129 4 10759 +++-
rs10402271 G T 0.346034 -0.005606 0.00105 -0.007664 -0.003549 -5.340562 9.47e-08 7.023599 25.634875 1.14e-05 0.882972 4 10757 ----
rs10402524 C T 0.346166 -0.005602 0.00105 -0.007659 -0.003545 -5.337638 9.62e-08 7.016608 25.572006 1.17e-05 0.882684 4 10759 ----
rs10405693 T C 0.345596 -0.005547 0.001049 -0.007603 -0.003492 -5.290455 1.25e-07 6.904291 24.528951 1.94e-05 0.877696 4 10758 ----
rs41290120 A G 0.03882 0.012839 0.002428 0.008081 0.017597 5.288714 1.26e-07 6.900165 25.229299 1.38e-05 0.881091 4 10752 ++++
rs8103315 A C 0.136737 -0.00771 0.001466 -0.010584 -0.004836 -5.258104 1.49e-07 6.827823 18.31301 0.000379 0.836182 4 10756 ----
rs9529176 C A 0.43534 -0.005196 0.000996 -0.007148 -0.003243 -5.215497 1.87e-07 6.727785 0.87888 0.830521 0 4 10759 ----
rs1160983 A G 0.026642 0.015504 0.002973 0.009677 0.021331 5.214941 1.88e-07 6.726485 11.905658 0.007713 0.748019 4 10759 ++++
rs10412413 T C 0.349474 -0.005439 0.001047 -0.007491 -0.003388 -5.196884 2.07e-07 6.684322 24.039505 2.45e-05 0.875205 4 10759 ----
rs10406338 C T 0.349307 -0.005423 0.001046 -0.007474 -0.003372 -5.183257 2.23e-07 6.652594 22.413233 5.35e-05 0.866151 4 10759 ----
rs4803758 T G 0.349514 -0.005409 0.001047 -0.007461 -0.003358 -5.168293 2.41e-07 6.617844 23.747036 2.82e-05 0.873668 4 10759 ----
rs58132661 T A 0.349592 -0.005398 0.001047 -0.007449 -0.003346 -5.15736 2.56e-07 6.592514 23.92618 2.59e-05 0.874614 4 10759 ----
rs58826447 A T 0.349592 -0.005398 0.001047 -0.007449 -0.003346 -5.15736 2.56e-07 6.592514 23.92618 2.59e-05 0.874614 4 10759 ----
rs58446550 A C 0.349592 -0.005398 0.001047 -0.007449 -0.003346 -5.15736 2.56e-07 6.592514 23.92618 2.59e-05 0.874614 4 10759 ----
rs11667241 C G 0.342219 -0.00542 0.001052 -0.007483 -0.003357 -5.150036 2.66e-07 6.575573 24.367816 2.09e-05 0.876887 4 10759 ----
rs4803761 G A 0.334529 -0.005443 0.00106 -0.007521 -0.003364 -5.13227 2.92e-07 6.534575 22.55829 4.99e-05 0.867011 4 10759 ----
rs406456 G A 0.414857 -0.005148 0.001004 -0.007115 -0.003181 -5.129821 2.96e-07 6.528935 10.820129 0.012739 0.722739 4 10759 ----
rs111784051 G T 0.026064 0.016351 0.003194 0.010092 0.022611 5.120019 3.12e-07 6.506381 11.337552 0.003452 0.823595 3 9334 +++?
rs2004357 A G 0.095902 -0.008575 0.001678 -0.011865 -0.005285 -5.108937 3.3e-07 6.480931 13.230278 0.004164 0.773247 4 10759 ----
rs9529177 T C 0.448524 -0.00509 0.000997 -0.007044 -0.003137 -5.106534 3.35e-07 6.475419 2.134734 0.544918 0 4 10759 ----
rs7248421 T C 0.095657 -0.008587 0.001684 -0.011887 -0.005287 -5.100116 3.46e-07 6.460709 12.920584 0.004812 0.767812 4 10759 ----
rs34545713 T C 0.095958 -0.008555 0.001682 -0.011852 -0.005259 -5.086759 3.71e-07 6.430154 13.12498 0.004374 0.771428 4 10759 ----
rs6733839 T C 0.395816 -0.005183 0.001025 -0.007192 -0.003174 -5.055743 4.37e-07 6.359487 10.036222 0.018261 0.701083 4 10756 ----
rs10401157 A G 0.095107 -0.008504 0.001685 -0.011807 -0.005201 -5.046079 4.6e-07 6.337552 11.408897 0.009708 0.737047 4 10759 ----
rs754366 A G 0.095457 -0.008486 0.001683 -0.011784 -0.005188 -5.043332 4.66e-07 6.331323 10.368701 0.015679 0.710668 4 10759 ----
rs11776998 C T 0.049477 -0.011805 0.002342 -0.016396 -0.007215 -5.040161 4.74e-07 6.324139 1.518192 0.678078 0 4 10759 ----
rs12462040 T C 0.095845 -0.008461 0.001681 -0.011757 -0.005165 -5.031934 4.95e-07 6.305517 13.375116 0.003892 0.775703 4 10759 ----
rs1114831 A C 0.09514 -0.008466 0.001686 -0.011771 -0.005162 -5.021725 5.22e-07 6.282447 11.210413 0.010641 0.732392 4 10759 ----
rs28620490 T C 0.095107 -0.008431 0.001685 -0.011734 -0.005128 -5.002397 5.77e-07 6.238892 10.99426 0.011757 0.72713 4 10759 ----
rs17643262 A G 0.095257 -0.008393 0.001683 -0.011691 -0.005095 -4.987895 6.22e-07 6.206315 10.734388 0.013252 0.720524 4 10751 ----
rs7254892 A G 0.029586 0.014178 0.002844 0.008603 0.019753 4.984796 6.32e-07 6.199365 11.657436 0.008654 0.742654 4 10758 ++++
rs61679753 A T 0.026151 0.015869 0.003185 0.009626 0.022111 4.982457 6.4e-07 6.194122 11.556752 0.003094 0.826941 3 9334 +++?
rs1023033 G A 0.419335 -0.004977 0.001001 -0.006938 -0.003015 -4.973344 6.7e-07 6.173715 1.253337 0.740242 0 4 10759 ----
rs10401823 G C 0.09548 -0.008358 0.001684 -0.011658 -0.005058 -4.964083 7.03e-07 6.153014 11.365192 0.009906 0.736036 4 10759 ----
rs10405086 T C 0.095568 -0.008351 0.001682 -0.011649 -0.005054 -4.963954 7.04e-07 6.152726 9.944484 0.019044 0.698325 4 10759 ----
rs148933445 A G 0.017742 0.01777 0.003582 0.010749 0.02479 4.961091 7.14e-07 6.146335 7.629518 0.054322 0.60679 4 10759 +-++
rs9296142 C T 0.066603 0.009896 0.002001 0.005974 0.013817 4.945957 7.72e-07 6.1126 1.26161 0.738269 0 4 10758 +-++
rs74846209 T G 0.095382 -0.008299 0.001682 -0.011596 -0.005002 -4.933406 8.23e-07 6.0847 11.193122 0.010726 0.731978 4 10759 ----
rs1048699 T C 0.095388 -0.008296 0.001682 -0.011593 -0.004999 -4.931574 8.31e-07 6.080632 11.175177 0.010815 0.731548 4 10758 ----
rs78273125 T A 0.095447 -0.008277 0.001683 -0.011576 -0.004979 -4.918294 8.89e-07 6.05119 11.020775 0.011614 0.727787 4 10759 ----
rs74667686 T C 0.051868 -0.011244 0.002288 -0.015728 -0.006759 -4.914101 9.08e-07 6.041911 1.164183 0.761607 0 4 10759 ----
rs2927481 A C 0.346556 -0.005124 0.001049 -0.007179 -0.003068 -4.885785 1.05e-06 5.979432 23.988041 2.51e-05 0.874938 4 10759 ----
rs9571711 T C 0.417389 -0.004879 0.001 -0.006838 -0.00292 -4.880678 1.08e-06 5.968197 1.206318 0.751489 0 4 10759 ----
rs2427384 A G 0.21819 0.005788 0.00119 0.003455 0.008121 4.862719 1.18e-06 5.928785 0.509044 0.9169 0 4 10759 ++++
rs155016 T G 0.432598 -0.004866 0.001004 -0.006835 -0.002897 -4.844015 1.29e-06 5.88788 0.957105 0.81163 0 4 10759 ----
rs113321260 A G 0.095451 -0.008161 0.001685 -0.011464 -0.004858 -4.842263 1.31e-06 5.884055 10.813045 0.012781 0.722557 4 10759 ----
rs406315 G A 0.393426 -0.004884 0.00101 -0.006863 -0.002904 -4.835622 1.35e-06 5.869573 9.915171 0.019301 0.697433 4 10759 ----
rs260150 T C 0.432925 -0.004847 0.001004 -0.006815 -0.002879 -4.827917 1.4e-06 5.85279 1.066454 0.785178 0 4 10756 ----
rs2927477 C T 0.113409 0.007382 0.001531 0.004382 0.010382 4.82272 1.44e-06 5.841485 3.29025 0.349002 0.088215 4 10759 +-++
rs112422902 A G 0.028372 0.013661 0.002835 0.008105 0.019217 4.819315 1.47e-06 5.834086 13.883739 0.003068 0.78392 4 10759 ++++
rs12634457 C T 0.163697 -0.006472 0.001349 -0.009116 -0.003829 -4.799581 1.62e-06 5.791291 10.618946 0.013975 0.717486 4 10759 ----
rs5167 G T 0.364341 -0.004919 0.001025 -0.006928 -0.00291 -4.799605 1.62e-06 5.791343 4.911195 0.178417 0.389151 4 10759 ----
rs77401305 A C 0.098436 -0.007945 0.001656 -0.011189 -0.0047 -4.798909 1.62e-06 5.789836 9.977899 0.018755 0.699335 4 10759 ----
rs9529175 C T 0.434223 -0.004778 0.001 -0.006737 -0.002818 -4.778898 1.79e-06 5.746613 2.661943 0.446733 0 4 10754 ----
rs9540978 C T 0.430885 -0.0048 0.001005 -0.006769 -0.00283 -4.776192 1.82e-06 5.740781 0.960752 0.810747 0 4 10759 ----
rs9571712 G A 0.43211 -0.004771 0.001 -0.006732 -0.00281 -4.769245 1.88e-06 5.725823 2.671786 0.445043 0 4 10741 ----
rs9529173 T C 0.430509 -0.004791 0.001005 -0.006761 -0.002821 -4.766979 1.9e-06 5.720949 0.960204 0.81088 0 4 10759 ----
rs2325020 G A 0.430247 -0.004788 0.001006 -0.006758 -0.002817 -4.761265 1.96e-06 5.708666 0.899982 0.825432 0 4 10759 ----
rs1323903 C T 0.430309 -0.004791 0.001006 -0.006763 -0.002818 -4.760008 1.97e-06 5.705964 0.862622 0.834437 0 4 10740 ----
rs73118751 A T 0.18246 -0.006148 0.001294 -0.008684 -0.003612 -4.752061 2.05e-06 5.688909 8.753592 0.032753 0.657284 4 10759 ----
rs9540972 T C 0.430001 -0.004771 0.001005 -0.006741 -0.002801 -4.746708 2.1e-06 5.677435 0.9139 0.822072 0 4 10759 ----
rs9317635 T C 0.429199 -0.004744 0.000999 -0.006703 -0.002785 -4.745984 2.11e-06 5.675883 2.352609 0.502517 0 4 10759 ----
rs10415074 C G 0.300387 0.005049 0.001064 0.002964 0.007134 4.745982 2.11e-06 5.67588 22.863598 4.31e-05 0.868787 4 10759 ++++
rs9540991 C T 0.429933 -0.004741 0.001 -0.0067 -0.002782 -4.743282 2.14e-06 5.670098 2.534962 0.469006 0 4 10759 ----
rs75701613 C G 0.182511 -0.006111 0.001293 -0.008646 -0.003576 -4.724491 2.34e-06 5.629942 8.773134 0.032464 0.658047 4 10759 ----
rs73118749 T G 0.182342 -0.006115 0.001294 -0.008652 -0.003578 -4.724353 2.35e-06 5.629649 8.897606 0.030684 0.662831 4 10759 ----
rs59638000 T C 0.164744 -0.00632 0.001343 -0.008952 -0.003688 -4.706841 2.56e-06 5.592358 11.472333 0.009428 0.738501 4 10759 ----
rs116820660 A G 0.016524 -0.017655 0.003755 -0.025015 -0.010295 -4.701674 2.62e-06 5.581383 10.22015 0.016785 0.706462 4 10759 ---+
rs12459810 T C 0.298727 -0.005126 0.001091 -0.007265 -0.002987 -4.697123 2.68e-06 5.571723 14.830283 0.001968 0.797711 4 10756 ----
rs2927482 G A 0.289622 0.005001 0.001066 0.002911 0.00709 4.690741 2.77e-06 5.55819 24.497234 1.97e-05 0.877537 4 10759 ++++
rs17121072 A G 0.017589 0.01779 0.003793 0.010355 0.025225 4.689607 2.78e-06 5.555788 0.462662 0.927014 0 4 10759 ++++
rs143927902 T C 0.040273 -0.011948 0.002549 -0.016944 -0.006952 -4.6871 2.82e-06 5.550478 4.417742 0.219746 0.32092 4 10759 ----
rs2965112 G A 0.114862 0.007153 0.001527 0.004161 0.010146 4.685783 2.83e-06 5.54769 3.186221 0.363795 0.058446 4 10759 +-++
rs283808 C A 0.039901 0.011864 0.002538 0.00689 0.016837 4.675291 2.98e-06 5.525503 11.505386 0.009285 0.739253 4 10759 ++++
rs283809 G A 0.039862 0.011864 0.002538 0.00689 0.016837 4.675291 2.98e-06 5.525503 11.505386 0.009285 0.739253 4 10759 ++++
rs73118766 A G 0.180556 -0.006074 0.001301 -0.008624 -0.003525 -4.669914 3.06e-06 5.514149 8.605083 0.03503 0.651369 4 10759 ----
rs2965113 C T 0.114862 0.007111 0.001527 0.004119 0.010104 4.65733 3.25e-06 5.487629 3.143184 0.370072 0.045554 4 10759 +-++
rs2967669 G A 0.114862 0.007111 0.001527 0.004119 0.010104 4.65733 3.25e-06 5.487629 3.143184 0.370072 0.045554 4 10759 +-++
rs41453248 C T 0.063565 -0.009814 0.002108 -0.013944 -0.005683 -4.656374 3.27e-06 5.485616 4.856586 0.182605 0.382282 4 10759 ----
rs74337004 T C 0.062412 0.009629 0.002072 0.005569 0.01369 4.647821 3.41e-06 5.46763 10.827689 0.012695 0.722933 4 10759 +-++
rs28469095 C T 0.096062 -0.007789 0.001678 -0.011078 -0.0045 -4.641582 3.51e-06 5.454532 10.626942 0.013924 0.717699 4 10759 ----
rs2972558 C T 0.317322 0.005192 0.001121 0.002994 0.007389 4.630813 3.7e-06 5.431957 17.122909 0.000191 0.883197 3 9334 +++?
rs75955068 A G 0.040116 -0.011832 0.002559 -0.016849 -0.006816 -4.623146 3.84e-06 5.415916 4.804527 0.186683 0.375589 4 10759 ----
rs2967668 G A 0.111592 0.007121 0.001542 0.004099 0.010144 4.618263 3.93e-06 5.405713 3.097826 0.376787 0.031579 4 10759 +-++
rs9540973 G C 0.400908 -0.004667 0.001011 -0.006649 -0.002686 -4.616965 3.95e-06 5.403002 0.413353 0.93747 0 4 10759 ----
rs75470066 A G 0.040155 -0.011794 0.002559 -0.01681 -0.006779 -4.609235 4.1e-06 5.386873 4.868689 0.181669 0.383818 4 10759 ----
rs2466835 G A 0.360813 -0.00478 0.001037 -0.006813 -0.002748 -4.609226 4.1e-06 5.386855 7.438451 0.059161 0.59669 4 10759 ---+
rs112223391 A G 0.269808 0.005066 0.001101 0.002909 0.007224 4.602336 4.24e-06 5.372499 1.523003 0.676972 0 4 10759 ++++
rs12976241 T C 0.289464 0.004896 0.001066 0.002806 0.006986 4.591216 4.47e-06 5.349372 24.552711 1.91e-05 0.877814 4 10759 ++++
rs78823375 G A 0.059622 -0.009575 0.002088 -0.013667 -0.005482 -4.585468 4.6e-06 5.33744 3.218343 0.35917 0.067843 4 10759 -+--
rs111302855 T A 0.047819 -0.010462 0.00229 -0.014951 -0.005974 -4.568675 4.98e-06 5.302653 1.508391 0.680335 0 4 10759 -+--
rs6018359 T C 0.062934 -0.009649 0.002112 -0.013788 -0.005509 -4.568344 4.99e-06 5.301969 5.917899 0.115674 0.493063 4 10759 ----
rs2664579 A C 0.063127 -0.009638 0.002111 -0.013777 -0.0055 -4.56496 5.07e-06 5.294974 5.845725 0.119362 0.486804 4 10759 ----
rs10501609 C G 0.060154 -0.009416 0.002067 -0.013467 -0.005365 -4.555791 5.3e-06 5.276045 3.96718 0.26503 0.243795 4 10759 -+--
rs6018360 G C 0.062973 -0.009606 0.002111 -0.013744 -0.005468 -4.54987 5.45e-06 5.263839 5.992133 0.111994 0.499344 4 10759 ----
rs12974942 T A 0.434326 -0.004591 0.00101 -0.006572 -0.002611 -4.543426 5.62e-06 5.250572 10.091697 0.017803 0.702726 4 10759 ----
rs11711276 G A 0.180159 -0.005919 0.001303 -0.008473 -0.003364 -4.541798 5.66e-06 5.247222 8.931304 0.030218 0.664103 4 10723 ----
rs1847728 T C 0.16438 -0.006087 0.001342 -0.008717 -0.003457 -4.536842 5.79e-06 5.237035 9.564238 0.022658 0.686332 4 10759 ----
rs74834851 T C 0.070707 -0.008563 0.001888 -0.012263 -0.004862 -4.535064 5.84e-06 5.233383 1.347044 0.717993 0 4 10757 ----
rs1808389 G A 0.026429 -0.013309 0.002936 -0.019064 -0.007554 -4.532799 5.91e-06 5.228731 2.13844 0.544175 0 4 10759 ----
rs2972566 G C 0.166572 0.006297 0.001391 0.003569 0.009024 4.525153 6.12e-06 5.213046 16.013782 0.000333 0.875108 3 9334 +-+?
rs139184624 T C 0.042193 -0.011915 0.002634 -0.017078 -0.006752 -4.52315 6.18e-06 5.208941 0.421537 0.809962 0 3 9334 ---?
rs78448597 C G 0.059412 -0.009456 0.002091 -0.013555 -0.005357 -4.521779 6.22e-06 5.206132 2.755499 0.430878 0 4 10759 -+--
rs3894654 T A 0.062363 -0.009183 0.002032 -0.013165 -0.0052 -4.519264 6.3e-06 5.200983 3.800327 0.283848 0.210594 4 10759 -+--
rs75992634 T C 0.062287 -0.009181 0.002033 -0.013165 -0.005197 -4.517055 6.36e-06 5.19646 3.858386 0.277168 0.222473 4 10759 -+--
rs61462713 T C 0.274508 0.004947 0.001095 0.0028 0.007094 4.516366 6.38e-06 5.195051 1.520909 0.677453 0 4 10759 ++++
rs4663105 C A 0.421217 -0.00458 0.001014 -0.006568 -0.002592 -4.516293 6.38e-06 5.1949 10.630835 0.013899 0.717802 4 10759 ---+
rs139671094 A G 0.060094 -0.009342 0.002071 -0.013401 -0.005282 -4.510171 6.57e-06 5.182382 4.448366 0.216942 0.325595 4 10759 -+--
rs144849197 A G 0.019072 0.016683 0.003703 0.009425 0.023941 4.505343 6.72e-06 5.17252 3.210499 0.360295 0.065566 4 10759 ++++
rs57056972 A C 0.274592 0.004932 0.001096 0.002784 0.007079 4.500459 6.88e-06 5.162556 1.535015 0.674213 0 4 10757 ++++
rs56394437 T A 0.450755 0.004469 0.000993 0.002522 0.006417 4.498742 6.93e-06 5.159055 5.287359 0.151925 0.432609 4 10759 ++++
rs13192105 T C 0.049815 0.010269 0.002283 0.005795 0.014743 4.498453 6.94e-06 5.158465 0.432994 0.933345 0 4 10758 ++++
rs2466854 A G 0.35887 -0.004675 0.00104 -0.006713 -0.002638 -4.496888 6.99e-06 5.155275 8.28974 0.040388 0.638107 4 10759 ---+
rs2275801 G A 0.063757 -0.009444 0.002101 -0.013562 -0.005326 -4.494625 7.07e-06 5.150663 5.072747 0.166547 0.408604 4 10742 ----
rs77355849 T C 0.015819 0.019364 0.00431 0.010917 0.027811 4.493292 7.11e-06 5.147948 0.88003 0.644027 0 3 9334 +++?
rs76452831 A G 0.059477 -0.009551 0.002128 -0.013722 -0.005381 -4.488926 7.26e-06 5.139061 1.086966 0.780221 0 4 10758 ----
rs12875136 G C 0.413741 -0.004527 0.001009 -0.006503 -0.00255 -4.48828 7.28e-06 5.137748 1.342001 0.719185 0 4 10759 ----
rs55910626 G C 0.274536 0.004916 0.001095 0.002769 0.007062 4.487646 7.3e-06 5.136458 1.560636 0.668348 0 4 10759 ++++
rs4239533 A G 0.288015 0.004812 0.001072 0.00271 0.006914 4.487154 7.32e-06 5.135456 23.989041 2.51e-05 0.874943 4 10759 ++++
rs10157293 T C 0.274474 0.004914 0.001095 0.002767 0.007061 4.486579 7.34e-06 5.134287 1.568319 0.666594 0 4 10759 ++++
rs78341124 T A 0.060447 -0.009257 0.002063 -0.013301 -0.005213 -4.48633 7.35e-06 5.13378 3.901125 0.272341 0.230991 4 10759 -+--
rs9529172 C T 0.41356 -0.004519 0.001009 -0.006496 -0.002543 -4.481076 7.53e-06 5.123101 1.340107 0.719632 0 4 10759 ----
rs77031798 G A 0.060479 -0.009243 0.002063 -0.013287 -0.0052 -4.480515 7.55e-06 5.121963 3.87542 0.275235 0.22589 4 10759 -+--
rs11881591 A G 0.281938 0.005274 0.001178 0.002965 0.007583 4.476943 7.68e-06 5.11471 2.664638 0.263865 0.249429 3 9334 +++?
rs2181753 C T 0.41328 -0.004517 0.001009 -0.006494 -0.002539 -4.476548 7.69e-06 5.113908 1.282817 0.733217 0 4 10759 ----
rs116859243 T G 0.060453 -0.009226 0.002063 -0.013269 -0.005182 -4.471811 7.87e-06 5.104297 3.950402 0.26687 0.240584 4 10759 -+--
rs7107722 G C 0.060453 -0.009226 0.002063 -0.013269 -0.005182 -4.471811 7.87e-06 5.104297 3.950402 0.26687 0.240584 4 10759 -+--
rs117179680 C G 0.049659 -0.009591 0.002147 -0.013798 -0.005383 -4.467757 8.02e-06 5.096083 3.18276 0.364296 0.057422 4 10759 -+--
rs111622916 A G 0.060492 -0.009212 0.002063 -0.013255 -0.005169 -4.466004 8.08e-06 5.092532 3.924529 0.26973 0.235577 4 10759 -+--
rs2888902 A G 0.062703 -0.009044 0.002027 -0.013016 -0.005071 -4.461964 8.23e-06 5.084353 3.500793 0.320659 0.143051 4 10759 -+--
rs144881973 G T 0.061712 -0.009136 0.002048 -0.01315 -0.005121 -4.460362 8.3e-06 5.081113 4.370861 0.224103 0.313636 4 10759 -+--
rs9749077 G T 0.448583 0.004432 0.000994 0.002484 0.00638 4.459212 8.34e-06 5.078785 4.197968 0.240865 0.285369 4 10759 ++++
rs2736607 T G 0.273878 0.004887 0.001097 0.002737 0.007038 4.454256 8.54e-06 5.068768 1.3973 0.706168 0 4 10759 ++++
rs10159384 T C 0.276498 0.004878 0.001095 0.002731 0.007025 4.453479 8.57e-06 5.067198 1.59862 0.659703 0 4 10759 ++++
rs111753673 T C 0.061316 -0.009114 0.002049 -0.01313 -0.005097 -4.447128 8.82e-06 5.054379 3.98988 0.262559 0.248098 4 10759 -+--
rs4369782 A G 0.284783 0.004772 0.001073 0.002668 0.006876 4.44548 8.89e-06 5.051054 23.432072 3.28e-05 0.87197 4 10759 ++++
rs11971473 G A 0.048541 -0.010498 0.002364 -0.015132 -0.005865 -4.440732 9.09e-06 5.041484 4.598725 0.203651 0.347645 4 10759 ----
rs10407439 A G 0.284922 0.004767 0.001073 0.002663 0.006871 4.440755 9.09e-06 5.041531 23.529739 3.13e-05 0.872502 4 10759 ++++
chr20:47245064:C:G G C 0.047804 -0.010477 0.00236 -0.015102 -0.005852 -4.440108 9.12e-06 5.040226 7.802238 0.050281 0.615495 4 10759 ----
rs142547591 T G 0.015865 -0.020346 0.004584 -0.029331 -0.011361 -4.43833 9.19e-06 5.036647 2.823462 0.243721 0.29165 3 3764 --?-
rs11667253 C T 0.285221 0.004763 0.001073 0.002659 0.006867 4.437352 9.23e-06 5.034678 23.535586 3.12e-05 0.872533 4 10759 ++++
rs4605275 T C 0.284783 0.00476 0.001073 0.002657 0.006864 4.434777 9.34e-06 5.029496 23.276663 3.54e-05 0.871116 4 10759 ++++
rs118147862 A G 0.035111 0.011107 0.002505 0.006198 0.016016 4.434611 9.35e-06 5.02916 19.645186 0.000201 0.847291 4 10759 ++++
rs7107075 G C 0.061359 -0.009084 0.002049 -0.0131 -0.005069 -4.433967 9.38e-06 5.027865 4.03078 0.25816 0.255727 4 10759 -+--
rs2376868 A C 0.443795 0.004391 0.000991 0.002449 0.006334 4.430742 9.52e-06 5.021379 3.292145 0.348737 0.08874 4 10759 ++++
rs41265025 T C 0.274385 0.004853 0.001095 0.002706 0.007 4.430553 9.53e-06 5.020998 1.65351 0.647318 0 4 10759 ++++
rs79046110 C T 0.061398 -0.009071 0.002048 -0.013086 -0.005056 -4.428009 9.64e-06 5.015885 4.008381 0.260561 0.251568 4 10759 -+--
rs11746052 G T 0.136131 -0.006388 0.001444 -0.009219 -0.003557 -4.422536 9.89e-06 5.004895 4.562975 0.206741 0.342534 4 10758 ----
rs11973368 G A 0.048409 -0.010464 0.002366 -0.015102 -0.005826 -4.421999 9.91e-06 5.003818 4.635457 0.200521 0.352815 4 10759 ----
rs10952397 G A 0.04848 -0.01046 0.002366 -0.015098 -0.005823 -4.421042 9.96e-06 5.001897 4.640246 0.200117 0.353483 4 10759 ----
