rs_number reference_allele other_allele eaf beta se beta_95L beta_95U z p-value -log10_p-value q_statistic q_p-value i2 n_studies n_samples effects
rs10119 A G 0.336373 -0.015996 0.001191 -0.01833 -0.013662 -13.435081 4.14e-41 40.382494 11.074646 0.000875 0.909704 2 7219 -+
rs34095326 A G 0.144382 -0.021367 0.001699 -0.024697 -0.018037 -12.576765 3.1e-36 35.508825 2.70694 0.099912 0.630579 2 7219 --
rs75627662 T C 0.227671 -0.015488 0.001353 -0.01814 -0.012835 -11.444984 2.7e-30 29.568688 11.35169 0.000754 0.911907 2 7598 -+
rs429358 C T 0.162742 -0.018945 0.00178 -0.022434 -0.015455 -10.64031 2.08e-26 25.681476 5.083052 0.024161 0.803268 2 2790 --
rs112019714 C T 0.042675 -0.027425 0.002877 -0.033064 -0.021786 -9.531933 1.64e-21 20.783871 0.335772 0.56228 0 2 7599 --
rs1081105 C A 0.041935 -0.027249 0.002902 -0.032937 -0.02156 -9.388755 6.46e-21 20.189763 0.007393 0.931479 0 2 7599 --
rs12721051 G C 0.187576 -0.015478 0.001664 -0.018741 -0.012216 -9.299378 1.5e-20 19.823364 0.924729 0.336236 0 2 2793 --
rs4420638 G A 0.193525 -0.015081 0.00164 -0.018295 -0.011867 -9.196413 3.93e-20 19.405518 9.568786 0.001979 0.895494 2 2789 -+
rs7256200 T G 0.131494 -0.018027 0.001963 -0.021874 -0.014179 -9.18368 4.42e-20 19.354164 2.062168 0.150995 0.515073 2 2793 --
rs6857 T C 0.173562 -0.016076 0.00176 -0.019524 -0.012627 -9.136329 6.86e-20 19.163797 3.611991 0.057364 0.723144 2 2793 -+
rs56131196 A G 0.192834 -0.014978 0.001642 -0.018196 -0.01176 -9.123725 7.7e-20 19.113286 7.774631 0.005299 0.871377 2 2789 -+
rs10414043 A G 0.131662 -0.017902 0.001963 -0.02175 -0.014054 -9.118616 8.08e-20 19.09283 2.789632 0.094876 0.64153 2 2793 --
rs115881343 T C 0.041435 -0.026396 0.002925 -0.03213 -0.020662 -9.023393 1.93e-19 18.713639 0.117261 0.732024 0 2 7553 --
rs112849259 T C 0.038861 -0.026312 0.003021 -0.032234 -0.02039 -8.708448 3.26e-18 17.487226 0.021271 0.884042 0 2 7598 --
rs75687619 T G 0.03892 -0.026242 0.003019 -0.032159 -0.020326 -8.69301 3.73e-18 17.428207 0.019318 0.889458 0 2 7599 --
rs77301115 A G 0.038789 -0.026184 0.003022 -0.032108 -0.020261 -8.663627 4.83e-18 17.316151 0.017764 0.893969 0 2 7598 --
rs79398853 T C 0.038828 -0.025997 0.003025 -0.031926 -0.020069 -8.595196 8.78e-18 17.056625 0.072506 0.787722 0 2 7595 --
rs114536010 T C 0.038724 -0.025956 0.003028 -0.031892 -0.020021 -8.57102 1.08e-17 16.965418 0.094827 0.758128 0 2 7583 --
rs150966173 T C 0.040614 -0.0254 0.002966 -0.031214 -0.019586 -8.562636 1.16e-17 16.933845 0.054192 0.815923 0 2 7549 --
rs116881820 C T 0.039213 -0.025654 0.003017 -0.031568 -0.019739 -8.501901 1.97e-17 16.706035 0.051716 0.820104 0 2 7599 --
rs157581 C T 0.263909 -0.012829 0.001534 -0.015835 -0.009824 -8.365697 6.3e-17 16.200906 0.165161 0.684449 0 2 3079 --
rs66626994 A G 0.152889 -0.014919 0.001806 -0.018458 -0.011379 -8.261037 1.52e-16 15.818163 3.248424 0.071492 0.692158 2 2793 -+
rs140480140 A G 0.042516 -0.023692 0.002879 -0.029334 -0.018049 -8.22936 1.98e-16 15.703246 0.06503 0.798716 0 2 7599 --
rs438811 T C 0.274057 -0.012493 0.001523 -0.015478 -0.009509 -8.20502 2.43e-16 15.615239 2.422943 0.11957 0.587279 2 3079 --
rs184017 G T 0.260038 -0.012612 0.001539 -0.015628 -0.009596 -8.196134 2.61e-16 15.583174 0.039191 0.843071 0 2 3079 --
rs283811 G A 0.257026 -0.012445 0.001524 -0.015432 -0.009459 -8.16758 3.31e-16 15.480361 0.005869 0.938933 0 2 3079 --
rs188535946 A G 0.040141 -0.023819 0.002955 -0.029611 -0.018028 -8.061208 7.94e-16 15.100428 0.293212 0.588169 0 2 7599 --
rs12972156 G C 0.14429 -0.015016 0.001895 -0.018729 -0.011302 -7.925223 2.39e-15 14.621785 0.001312 0.97111 0 2 2793 --
rs12972970 A G 0.14429 -0.015016 0.001895 -0.018729 -0.011302 -7.925223 2.39e-15 14.621785 0.001312 0.97111 0 2 2793 --
rs71352238 C T 0.144423 -0.015128 0.001909 -0.01887 -0.011385 -7.92253 2.44e-15 14.612386 0.000921 0.975787 0 2 2793 --
rs2075650 G A 0.149375 -0.014675 0.001873 -0.018346 -0.011004 -7.835867 4.88e-15 14.311575 2.611998 0.106058 0.617151 2 2793 --
rs34342646 A G 0.147361 -0.014695 0.001878 -0.018376 -0.011014 -7.824576 5.34e-15 14.272619 0.575841 0.447947 0 2 2793 --
rs11556505 T C 0.14739 -0.01468 0.001881 -0.018366 -0.010994 -7.805479 6.21e-15 14.20686 2.956631 0.085526 0.661777 2 2793 -+
rs34404554 G C 0.14622 -0.014692 0.001885 -0.018387 -0.010997 -7.792994 6.86e-15 14.163952 3.241009 0.071816 0.691454 2 2793 -+
rs440446 C G 0.324203 0.0087 0.001158 0.006429 0.01097 7.509676 6.19e-14 13.208166 0.769281 0.38044 0 2 7505 ++
chr19:44893408:G:T T G 0.221308 -0.011754 0.001565 -0.014822 -0.008686 -7.508294 6.26e-14 13.203587 10.8919 0.000966 0.908189 2 2793 -+
rs147711004 A G 0.041851 -0.021222 0.002897 -0.0269 -0.015544 -7.325735 2.48e-13 12.606003 1.270613 0.259652 0.212978 2 7559 --
rs118170342 C T 0.054825 -0.019859 0.002727 -0.025204 -0.014514 -7.282376 3.42e-13 12.466165 0.79171 0.373583 0 2 6942 --
rs4803770 G C 0.348841 0.008203 0.001135 0.005978 0.010427 7.227366 5.13e-13 12.289907 0.769469 0.380381 0 2 7505 ++
rs59325138 T C 0.366774 0.008031 0.001113 0.005849 0.010213 7.215518 5.6e-13 12.252113 0.029024 0.864723 0 2 7599 ++
rs41289512 G C 0.049421 -0.018492 0.002652 -0.023691 -0.013294 -6.972068 3.24e-12 11.488804 0.747173 0.387373 0 2 7559 --
rs5117 C T 0.237978 -0.01067 0.001531 -0.013671 -0.007669 -6.969525 3.3e-12 11.480965 3.855348 0.049588 0.74062 2 2793 -+
rs60049679 C G 0.085852 -0.01382 0.002003 -0.017746 -0.009894 -6.899033 5.44e-12 11.26474 7.396 0.006537 0.864792 2 7599 -+
rs484195 A G 0.343741 0.008138 0.001185 0.005815 0.010461 6.865199 6.89e-12 11.161709 0.387724 0.533498 0 2 6942 ++
rs7259620 A G 0.411734 0.007442 0.001084 0.005318 0.009567 6.8649 6.91e-12 11.160802 0.397374 0.528449 0 2 7599 ++
rs4803763 C G 0.277757 -0.00807 0.001213 -0.010448 -0.005692 -6.650563 3.02e-11 10.519471 0.21366 0.643914 0 2 7599 --
rs157595 A G 0.343232 0.007898 0.001188 0.005569 0.010227 6.646545 3.11e-11 10.507636 0.29485 0.587129 0 2 6942 ++
rs12462573 A G 0.278903 -0.008015 0.001211 -0.010388 -0.005642 -6.620474 3.71e-11 10.431007 1.886176 0.169634 0.469827 2 7599 --
rs157594 T G 0.343486 0.007862 0.001188 0.005533 0.010191 6.616113 3.82e-11 10.418218 0.299901 0.583945 0 2 6942 ++
rs56317818 T C 0.279914 -0.007979 0.00121 -0.010351 -0.005608 -6.594885 4.4e-11 10.356074 2.121773 0.145218 0.528696 2 7599 -+
rs3925681 A G 0.378137 0.007628 0.001162 0.00535 0.009906 6.5628 5.46e-11 10.262515 0.440974 0.506653 0 2 6942 ++
rs2972559 G C 0.28128 -0.007617 0.001211 -0.009991 -0.005242 -6.287797 3.32e-10 9.478555 0.071701 0.788875 0 2 7599 --
rs3826688 T C 0.32461 0.007503 0.001205 0.00514 0.009865 6.22498 4.97e-10 9.303986 1.253898 0.262809 0.202487 2 6942 ++
rs35396326 G C 0.291346 -0.007439 0.001198 -0.009788 -0.00509 -6.207679 5.54e-10 9.256202 0.327389 0.567201 0 2 7599 --
rs584007 A G 0.323629 0.007186 0.00121 0.004813 0.009558 5.936602 2.99e-09 8.524068 0.824375 0.363904 0 2 6940 ++
chr19:44909976:G:T T G 0.067994 0.01213 0.00205 0.008111 0.016148 5.916132 3.39e-09 8.470048 0.505255 0.4772 0 2 7599 ++
rs7412 T C 0.066982 0.012259 0.002075 0.008193 0.016325 5.909116 3.54e-09 8.451572 0.242016 0.622754 0 2 7593 ++
rs78959900 A G 0.315452 0.00708 0.001203 0.004722 0.009437 5.886073 4.06e-09 8.391041 0.880341 0.348108 0 2 6918 ++
rs73048293 A G 0.318508 -0.006827 0.001173 -0.009125 -0.004528 -5.821645 5.98e-09 8.22299 0.230391 0.631234 0 2 7594 --
rs12721056 T G 0.3188 0.006959 0.001197 0.004613 0.009304 5.814756 6.24e-09 8.205125 1.193505 0.274624 0.162132 2 6942 ++
rs4803772 T C 0.310258 0.006955 0.001206 0.004592 0.009319 5.767201 8.27e-09 8.082349 2.193048 0.138635 0.544014 2 6942 ++
rs12459575 A G 0.318244 -0.006752 0.001173 -0.00905 -0.004453 -5.757724 8.75e-09 8.057996 0.155462 0.693369 0 2 7599 --
rs4803762 A G 0.322255 -0.006642 0.001168 -0.008931 -0.004352 -5.685922 1.33e-08 7.874719 0.207486 0.648745 0 2 7599 --
rs4803761 G A 0.328011 -0.006535 0.001162 -0.008813 -0.004256 -5.621461 1.94e-08 7.712038 0.496522 0.481032 0 2 7599 --
rs10410835 T C 0.460527 0.006116 0.001094 0.003971 0.00826 5.589579 2.33e-08 7.632227 0.790873 0.373836 0 2 7505 ++
rs2927480 C G 0.315178 -0.006579 0.001177 -0.008886 -0.004271 -5.588051 2.35e-08 7.62841 0.537571 0.463441 0 2 7599 --
rs2927468 A G 0.461597 0.005992 0.001096 0.003844 0.00814 5.467699 4.67e-08 7.33107 0.837059 0.360239 0 2 7505 ++
rs10402524 C T 0.337365 -0.006293 0.001153 -0.008553 -0.004034 -5.458701 4.91e-08 7.309085 0.531747 0.465873 0 2 7599 --
rs8106922 G A 0.366093 0.006086 0.001116 0.003899 0.008273 5.455177 5.01e-08 7.300484 0.078439 0.779423 0 2 7598 ++
rs10402271 G T 0.337557 -0.006286 0.001153 -0.008546 -0.004026 -5.451617 5.11e-08 7.291799 0.652411 0.419252 0 2 7596 --
rs58132661 T A 0.343418 -0.00622 0.001146 -0.008466 -0.003973 -5.426819 5.87e-08 7.231462 0.462152 0.49662 0 2 7599 --
rs58826447 A T 0.343418 -0.00622 0.001146 -0.008466 -0.003973 -5.426819 5.87e-08 7.231462 0.462152 0.49662 0 2 7599 --
rs58446550 A C 0.343418 -0.00622 0.001146 -0.008466 -0.003973 -5.426819 5.87e-08 7.231462 0.462152 0.49662 0 2 7599 --
rs10406338 C T 0.342007 -0.00625 0.001152 -0.008508 -0.003992 -5.425064 5.93e-08 7.227202 0.533715 0.465049 0 2 7599 --
rs4803758 T G 0.34475 -0.006215 0.001146 -0.008462 -0.003968 -5.420998 6.06e-08 7.217336 0.272541 0.601632 0 2 7599 --
rs10412413 T C 0.344742 -0.006192 0.001146 -0.008439 -0.003945 -5.400966 6.78e-08 7.168833 0.26812 0.604596 0 2 7599 --
rs34878901 T C 0.377901 0.005977 0.001108 0.003805 0.008149 5.394059 7.04e-08 7.152148 0.780636 0.376947 0 2 7599 ++
rs10405693 T C 0.338438 -0.006179 0.001155 -0.008443 -0.003915 -5.349163 9.03e-08 7.044187 0.914883 0.338822 0 2 7593 --
rs1305062 C G 0.373379 0.005874 0.001108 0.003701 0.008046 5.299113 1.19e-07 6.924832 1.157569 0.28197 0.136121 2 7599 ++
rs769450 A G 0.375972 0.005765 0.001105 0.003598 0.007931 5.215463 1.87e-07 6.727705 2.009247 0.156343 0.502301 2 7599 +-
rs7254133 T C 0.323895 -0.00641 0.001241 -0.008843 -0.003977 -5.163268 2.48e-07 6.606196 2.726957 0.098667 0.633291 2 6942 -+
rs7359852 C T 0.325316 -0.005964 0.001166 -0.00825 -0.003678 -5.113137 3.23e-07 6.490569 5.372939 0.020451 0.813882 2 7599 -+
rs2238681 T C 0.366074 0.005718 0.00112 0.003523 0.007912 5.106764 3.34e-07 6.475945 0.003674 0.951668 0 2 7599 ++
rs3021439 A G 0.320472 -0.005935 0.001171 -0.00823 -0.00364 -5.06882 4.08e-07 6.389233 9.208952 0.002408 0.89141 2 7599 -+
rs449647 T A 0.168493 0.007269 0.001443 0.00444 0.010098 5.036066 4.84e-07 6.314867 1.053304 0.304747 0.050607 2 7599 ++
rs6458569 T C 0.437133 -0.00547 0.00109 -0.007607 -0.003333 -5.017088 5.35e-07 6.271984 1.227358 0.267921 0.185242 2 7599 --
rs7775178 G A 0.435593 -0.005455 0.00109 -0.007591 -0.003318 -5.004163 5.72e-07 6.242865 0.776003 0.378366 0 2 7599 --
rs141622900 A G 0.045543 0.012296 0.002474 0.007447 0.017145 4.970105 6.82e-07 6.166472 0.306878 0.579602 0 2 7597 ++
rs6904129 A G 0.439011 -0.005402 0.001088 -0.007534 -0.003271 -4.967105 6.92e-07 6.159765 0.605752 0.436392 0 2 7599 --
rs5969000 A G 0.184144 -0.004906 0.00099 -0.006846 -0.002966 -4.95678 7.3e-07 6.136715 0.286275 0.592618 0 2 6765 --
rs6902842 C T 0.435134 -0.005403 0.00109 -0.007539 -0.003266 -4.956456 7.31e-07 6.135992 0.796319 0.372196 0 2 7599 --
rs6934735 T A 0.435335 -0.005387 0.00109 -0.007524 -0.003251 -4.941917 7.88e-07 6.103613 0.78146 0.376695 0 2 7599 --
rs147823584 C A 0.172149 -0.004937 0.000999 -0.006895 -0.002978 -4.940354 7.94e-07 6.100138 3.059925 0.080245 0.673195 2 7375 --
rs5968999 T C 0.185957 -0.004874 0.000987 -0.006807 -0.00294 -4.939232 7.99e-07 6.097642 0.250819 0.616499 0 2 6765 --
rs6623773 A G 0.179393 -0.004796 0.00098 -0.006716 -0.002876 -4.895667 9.97e-07 6.001196 0.023189 0.878966 0 2 7459 --
rs1343261 T C 0.178915 -0.00488 0.000998 -0.006835 -0.002925 -4.89225 1.01e-06 5.993666 0.40529 0.52437 0 2 6765 --
rs2596522 A G 0.341443 -0.005443 0.001127 -0.007652 -0.003233 -4.828374 1.4e-06 5.853786 0.013527 0.907412 0 2 7599 --
rs7754332 A G 0.441234 -0.005261 0.001091 -0.0074 -0.003122 -4.820812 1.45e-06 5.837338 0.226957 0.633789 0 2 7599 --
rs6916662 A G 0.440668 -0.00523 0.00109 -0.007367 -0.003092 -4.796054 1.65e-06 5.783659 0.233534 0.628916 0 2 7599 --
rs116354797 A G 0.352916 -0.005352 0.001119 -0.007545 -0.00316 -4.784918 1.74e-06 5.7596 6e-04 0.98046 0 2 7599 --
rs6904406 A G 0.46379 -0.005245 0.001096 -0.007393 -0.003096 -4.784858 1.74e-06 5.75947 1.777269 0.182485 0.437339 2 7217 --
rs7062538 T C 0.233525 -0.00427 0.000893 -0.00602 -0.00252 -4.78242 1.76e-06 5.754208 0.054689 0.815096 0 2 7459 --
rs7878428 A G 0.184155 -0.004628 0.000971 -0.006532 -0.002724 -4.764588 1.92e-06 5.715806 0.287986 0.591514 0 2 7459 --
rs848218 C T 0.195621 -0.006351 0.001334 -0.008965 -0.003736 -4.760592 1.96e-06 5.70722 0.211563 0.645545 0 2 7599 --
rs9265403 T C 0.353073 -0.005322 0.001118 -0.007514 -0.00313 -4.759288 1.98e-06 5.704418 0.047069 0.828245 0 2 7599 --
rs1936031 T A 0.182419 -0.004633 0.000975 -0.006543 -0.002723 -4.753772 2.03e-06 5.692578 0.298157 0.58504 0 2 7459 --
rs9265247 T C 0.352834 -0.005317 0.001119 -0.007509 -0.003124 -4.752758 2.04e-06 5.690404 0.008425 0.926867 0 2 7599 --
rs9265418 G A 0.352535 -0.00532 0.00112 -0.007514 -0.003125 -4.75141 2.05e-06 5.687512 0.008317 0.927337 0 2 7599 --
rs247801 T G 0.452813 -0.005197 0.001094 -0.007341 -0.003054 -4.751985 2.05e-06 5.688745 0.009103 0.923988 0 2 7505 --
rs5967759 A G 0.182688 -0.004625 0.000973 -0.006533 -0.002717 -4.751275 2.05e-06 5.687223 0.322867 0.56989 0 2 7459 --
rs10830947 A G 0.345206 0.005359 0.001128 0.003148 0.007571 4.749831 2.07e-06 5.684128 0.514532 0.473184 0 2 7599 ++
rs6917071 C G 0.450883 -0.005223 0.0011 -0.007379 -0.003066 -4.74721 2.1e-06 5.67851 1.204907 0.272343 0.17006 2 7219 --
rs9265156 T G 0.352408 -0.005305 0.001119 -0.007498 -0.003113 -4.742572 2.14e-06 5.668579 0.008862 0.925001 0 2 7599 --
rs111306526 C T 0.352703 -0.005305 0.001119 -0.007498 -0.003113 -4.742572 2.14e-06 5.668579 0.008862 0.925001 0 2 7599 --
rs71352239 T C 0.294699 0.00587 0.001238 0.003444 0.008295 4.743077 2.14e-06 5.66966 1.408285 0.235341 0.289917 2 6942 ++
rs9265155 G A 0.352767 -0.005303 0.001119 -0.007496 -0.003111 -4.740875 2.16e-06 5.664946 0.008935 0.92469 0 2 7599 --
rs9265163 A G 0.352767 -0.005303 0.001119 -0.007496 -0.003111 -4.740875 2.16e-06 5.664946 0.008935 0.92469 0 2 7599 --
rs9265164 C G 0.352767 -0.005303 0.001119 -0.007496 -0.003111 -4.740875 2.16e-06 5.664946 0.008935 0.92469 0 2 7599 --
rs9265167 A G 0.352767 -0.005303 0.001119 -0.007496 -0.003111 -4.740875 2.16e-06 5.664946 0.008935 0.92469 0 2 7599 --
rs9265178 C T 0.352767 -0.005303 0.001119 -0.007496 -0.003111 -4.740875 2.16e-06 5.664946 0.008935 0.92469 0 2 7599 --
rs9265181 G A 0.352767 -0.005303 0.001119 -0.007496 -0.003111 -4.740875 2.16e-06 5.664946 0.008935 0.92469 0 2 7599 --
rs9265196 C G 0.352767 -0.005303 0.001119 -0.007496 -0.003111 -4.740875 2.16e-06 5.664946 0.008935 0.92469 0 2 7599 --
rs9265200 T C 0.352767 -0.005303 0.001119 -0.007496 -0.003111 -4.740875 2.16e-06 5.664946 0.008935 0.92469 0 2 7599 --
rs9265212 C T 0.352767 -0.005303 0.001119 -0.007496 -0.003111 -4.740875 2.16e-06 5.664946 0.008935 0.92469 0 2 7599 --
rs9265225 A G 0.352767 -0.005303 0.001119 -0.007496 -0.003111 -4.740875 2.16e-06 5.664946 0.008935 0.92469 0 2 7599 --
rs9265248 C A 0.352767 -0.005303 0.001119 -0.007496 -0.003111 -4.740875 2.16e-06 5.664946 0.008935 0.92469 0 2 7599 --
rs9265249 T C 0.352767 -0.005303 0.001119 -0.007496 -0.003111 -4.740875 2.16e-06 5.664946 0.008935 0.92469 0 2 7599 --
rs9265251 G A 0.352767 -0.005303 0.001119 -0.007496 -0.003111 -4.740875 2.16e-06 5.664946 0.008935 0.92469 0 2 7599 --
rs9265252 T C 0.352767 -0.005303 0.001119 -0.007496 -0.003111 -4.740875 2.16e-06 5.664946 0.008935 0.92469 0 2 7599 --
rs9265277 A T 0.352759 -0.005303 0.001119 -0.007496 -0.003111 -4.740875 2.16e-06 5.664946 0.008935 0.92469 0 2 7599 --
rs9265202 A G 0.352767 -0.005302 0.001119 -0.007495 -0.00311 -4.740026 2.17e-06 5.663129 0.008972 0.924535 0 2 7599 --
rs111792836 A G 0.352703 -0.005301 0.001119 -0.007494 -0.003109 -4.739177 2.18e-06 5.661313 0.00901 0.924379 0 2 7599 --
rs6617260 A C 0.176158 -0.004661 0.000984 -0.006588 -0.002733 -4.738854 2.18e-06 5.660623 0.053898 0.816415 0 2 7459 --
rs9265187 T A 0.352822 -0.0053 0.001119 -0.007492 -0.003107 -4.73748 2.2e-06 5.657683 0.009084 0.924068 0 2 7599 --
rs9265173 A G 0.352767 -0.005299 0.001119 -0.007491 -0.003106 -4.736631 2.21e-06 5.655868 0.009121 0.923913 0 2 7599 --
rs16888117 T C 0.299283 -0.005582 0.001179 -0.007893 -0.003271 -4.735024 2.23e-06 5.652433 1.057017 0.303897 0.053941 2 7598 --
rs9265255 T G 0.352762 -0.005297 0.001119 -0.007489 -0.003104 -4.734933 2.23e-06 5.652238 0.009196 0.923602 0 2 7599 --
rs9265265 C T 0.352703 -0.005294 0.001119 -0.007486 -0.003101 -4.732387 2.26e-06 5.646797 0.009309 0.923136 0 2 7599 --
rs9265266 A G 0.352703 -0.005294 0.001119 -0.007486 -0.003101 -4.732387 2.26e-06 5.646797 0.009309 0.923136 0 2 7599 --
rs9265267 C T 0.352703 -0.005294 0.001119 -0.007486 -0.003101 -4.732387 2.26e-06 5.646797 0.009309 0.923136 0 2 7599 --
chr6:31323729:A:G A G 0.352703 -0.005294 0.001119 -0.007486 -0.003101 -4.732387 2.26e-06 5.646797 0.009309 0.923136 0 2 7599 --
rs113777074 C T 0.352285 -0.005293 0.001119 -0.007485 -0.0031 -4.731538 2.26e-06 5.644984 0.009347 0.92298 0 2 7599 --
rs9265472 G A 0.352285 -0.005293 0.001119 -0.007485 -0.0031 -4.731538 2.26e-06 5.644984 0.009347 0.92298 0 2 7599 --
rs9265484 C T 0.352285 -0.005293 0.001119 -0.007485 -0.0031 -4.731538 2.26e-06 5.644984 0.009347 0.92298 0 2 7599 --
rs9265256 G A 0.352703 -0.005291 0.001119 -0.007484 -0.003098 -4.72984 2.28e-06 5.641358 0.009423 0.92267 0 2 7599 --
rs9265261 G A 0.352703 -0.005291 0.001119 -0.007484 -0.003098 -4.72984 2.28e-06 5.641358 0.009423 0.92267 0 2 7599 --
rs9265263 A G 0.352703 -0.005291 0.001119 -0.007484 -0.003098 -4.72984 2.28e-06 5.641358 0.009423 0.92267 0 2 7599 --
rs9265264 G C 0.352703 -0.005291 0.001119 -0.007484 -0.003098 -4.72984 2.28e-06 5.641358 0.009423 0.92267 0 2 7599 --
rs9265270 G A 0.352703 -0.005291 0.001119 -0.007484 -0.003098 -4.72984 2.28e-06 5.641358 0.009423 0.92267 0 2 7599 --
rs9265271 T C 0.352703 -0.005291 0.001119 -0.007484 -0.003098 -4.72984 2.28e-06 5.641358 0.009423 0.92267 0 2 7599 --
rs9265272 A T 0.352703 -0.005291 0.001119 -0.007484 -0.003098 -4.72984 2.28e-06 5.641358 0.009423 0.92267 0 2 7599 --
rs9265273 C T 0.352703 -0.005291 0.001119 -0.007484 -0.003098 -4.72984 2.28e-06 5.641358 0.009423 0.92267 0 2 7599 --
rs9265276 G T 0.352703 -0.005291 0.001119 -0.007484 -0.003098 -4.72984 2.28e-06 5.641358 0.009423 0.92267 0 2 7599 --
rs9265333 A G 0.352703 -0.005291 0.001119 -0.007484 -0.003098 -4.72984 2.28e-06 5.641358 0.009423 0.92267 0 2 7599 --
rs9265334 G A 0.352703 -0.005291 0.001119 -0.007484 -0.003098 -4.72984 2.28e-06 5.641358 0.009423 0.92267 0 2 7599 --
rs9265335 T C 0.352703 -0.005291 0.001119 -0.007484 -0.003098 -4.72984 2.28e-06 5.641358 0.009423 0.92267 0 2 7599 --
rs9265366 C T 0.352703 -0.005291 0.001119 -0.007484 -0.003098 -4.72984 2.28e-06 5.641358 0.009423 0.92267 0 2 7599 --
rs9265367 T G 0.352703 -0.005291 0.001119 -0.007484 -0.003098 -4.72984 2.28e-06 5.641358 0.009423 0.92267 0 2 7599 --
rs9265368 A G 0.352703 -0.005291 0.001119 -0.007484 -0.003098 -4.72984 2.28e-06 5.641358 0.009423 0.92267 0 2 7599 --
rs113771032 C T 0.352703 -0.005291 0.001119 -0.007484 -0.003098 -4.72984 2.28e-06 5.641358 0.009423 0.92267 0 2 7599 --
rs114581537 A T 0.352703 -0.005291 0.001119 -0.007484 -0.003098 -4.72984 2.28e-06 5.641358 0.009423 0.92267 0 2 7599 --
rs144363644 G A 0.352703 -0.005291 0.001119 -0.007484 -0.003098 -4.72984 2.28e-06 5.641358 0.009423 0.92267 0 2 7599 --
rs76519377 A G 0.352703 -0.005291 0.001119 -0.007484 -0.003098 -4.72984 2.28e-06 5.641358 0.009423 0.92267 0 2 7599 --
rs113628190 C T 0.352703 -0.005291 0.001119 -0.007484 -0.003098 -4.72984 2.28e-06 5.641358 0.009423 0.92267 0 2 7599 --
rs112428013 G C 0.352703 -0.005291 0.001119 -0.007484 -0.003098 -4.72984 2.28e-06 5.641358 0.009423 0.92267 0 2 7599 --
rs9265394 G A 0.352703 -0.005291 0.001119 -0.007484 -0.003098 -4.72984 2.28e-06 5.641358 0.009423 0.92267 0 2 7599 --
rs9265395 C T 0.352703 -0.005291 0.001119 -0.007484 -0.003098 -4.72984 2.28e-06 5.641358 0.009423 0.92267 0 2 7599 --
rs9265396 C G 0.352703 -0.005291 0.001119 -0.007484 -0.003098 -4.72984 2.28e-06 5.641358 0.009423 0.92267 0 2 7599 --
rs9265397 A C 0.352703 -0.005291 0.001119 -0.007484 -0.003098 -4.72984 2.28e-06 5.641358 0.009423 0.92267 0 2 7599 --
rs9265400 A G 0.352703 -0.005291 0.001119 -0.007484 -0.003098 -4.72984 2.28e-06 5.641358 0.009423 0.92267 0 2 7599 --
rs9265401 T C 0.352703 -0.005291 0.001119 -0.007484 -0.003098 -4.72984 2.28e-06 5.641358 0.009423 0.92267 0 2 7599 --
rs9265402 T C 0.352703 -0.005291 0.001119 -0.007484 -0.003098 -4.72984 2.28e-06 5.641358 0.009423 0.92267 0 2 7599 --
rs9265404 T C 0.352703 -0.005291 0.001119 -0.007484 -0.003098 -4.72984 2.28e-06 5.641358 0.009423 0.92267 0 2 7599 --
rs9265405 T C 0.352703 -0.005291 0.001119 -0.007484 -0.003098 -4.72984 2.28e-06 5.641358 0.009423 0.92267 0 2 7599 --
rs9265407 G A 0.352703 -0.005291 0.001119 -0.007484 -0.003098 -4.72984 2.28e-06 5.641358 0.009423 0.92267 0 2 7599 --
rs9265410 A G 0.352703 -0.005291 0.001119 -0.007484 -0.003098 -4.72984 2.28e-06 5.641358 0.009423 0.92267 0 2 7599 --
rs9265414 C A 0.352703 -0.005291 0.001119 -0.007484 -0.003098 -4.72984 2.28e-06 5.641358 0.009423 0.92267 0 2 7599 --
rs9265415 A T 0.352703 -0.005291 0.001119 -0.007484 -0.003098 -4.72984 2.28e-06 5.641358 0.009423 0.92267 0 2 7599 --
rs9265419 C A 0.352703 -0.005291 0.001119 -0.007484 -0.003098 -4.72984 2.28e-06 5.641358 0.009423 0.92267 0 2 7599 --
rs9265423 G T 0.352703 -0.005291 0.001119 -0.007484 -0.003098 -4.72984 2.28e-06 5.641358 0.009423 0.92267 0 2 7599 --
rs9265424 G A 0.352703 -0.005291 0.001119 -0.007484 -0.003098 -4.72984 2.28e-06 5.641358 0.009423 0.92267 0 2 7599 --
rs9265425 T G 0.352703 -0.005291 0.001119 -0.007484 -0.003098 -4.72984 2.28e-06 5.641358 0.009423 0.92267 0 2 7599 --
rs9265427 G C 0.352703 -0.005291 0.001119 -0.007484 -0.003098 -4.72984 2.28e-06 5.641358 0.009423 0.92267 0 2 7599 --
rs9265428 C T 0.352703 -0.005291 0.001119 -0.007484 -0.003098 -4.72984 2.28e-06 5.641358 0.009423 0.92267 0 2 7599 --
rs9265429 A G 0.352703 -0.005291 0.001119 -0.007484 -0.003098 -4.72984 2.28e-06 5.641358 0.009423 0.92267 0 2 7599 --
rs9265430 T C 0.352703 -0.005291 0.001119 -0.007484 -0.003098 -4.72984 2.28e-06 5.641358 0.009423 0.92267 0 2 7599 --
rs9265458 C G 0.352738 -0.005291 0.001119 -0.007484 -0.003098 -4.72984 2.28e-06 5.641358 0.009423 0.92267 0 2 7599 --
rs9265462 G A 0.352738 -0.005291 0.001119 -0.007484 -0.003098 -4.72984 2.28e-06 5.641358 0.009423 0.92267 0 2 7599 --
rs9265467 C T 0.352703 -0.005291 0.001119 -0.007484 -0.003098 -4.72984 2.28e-06 5.641358 0.009423 0.92267 0 2 7599 --
rs9265468 T G 0.352703 -0.005291 0.001119 -0.007484 -0.003098 -4.72984 2.28e-06 5.641358 0.009423 0.92267 0 2 7599 --
rs9265469 G T 0.352703 -0.005291 0.001119 -0.007484 -0.003098 -4.72984 2.28e-06 5.641358 0.009423 0.92267 0 2 7599 --
rs9265470 A G 0.352703 -0.005291 0.001119 -0.007484 -0.003098 -4.72984 2.28e-06 5.641358 0.009423 0.92267 0 2 7599 --
rs9265471 G A 0.352703 -0.005291 0.001119 -0.007484 -0.003098 -4.72984 2.28e-06 5.641358 0.009423 0.92267 0 2 7599 --
rs9265476 G A 0.352703 -0.005291 0.001119 -0.007484 -0.003098 -4.72984 2.28e-06 5.641358 0.009423 0.92267 0 2 7599 --
rs9265477 C T 0.352703 -0.005291 0.001119 -0.007484 -0.003098 -4.72984 2.28e-06 5.641358 0.009423 0.92267 0 2 7599 --
rs9265478 C G 0.352703 -0.005291 0.001119 -0.007484 -0.003098 -4.72984 2.28e-06 5.641358 0.009423 0.92267 0 2 7599 --
rs9265479 A G 0.352703 -0.005291 0.001119 -0.007484 -0.003098 -4.72984 2.28e-06 5.641358 0.009423 0.92267 0 2 7599 --
rs9265480 C A 0.352703 -0.005291 0.001119 -0.007484 -0.003098 -4.72984 2.28e-06 5.641358 0.009423 0.92267 0 2 7599 --
rs9265482 G A 0.352703 -0.005291 0.001119 -0.007484 -0.003098 -4.72984 2.28e-06 5.641358 0.009423 0.92267 0 2 7599 --
rs9265483 A G 0.352703 -0.005291 0.001119 -0.007484 -0.003098 -4.72984 2.28e-06 5.641358 0.009423 0.92267 0 2 7599 --
rs9265485 G A 0.352703 -0.005291 0.001119 -0.007484 -0.003098 -4.72984 2.28e-06 5.641358 0.009423 0.92267 0 2 7599 --
rs9265486 C T 0.352703 -0.005291 0.001119 -0.007484 -0.003098 -4.72984 2.28e-06 5.641358 0.009423 0.92267 0 2 7599 --
rs9265488 A G 0.352703 -0.005291 0.001119 -0.007484 -0.003098 -4.72984 2.28e-06 5.641358 0.009423 0.92267 0 2 7599 --
rs6623774 G A 0.17875 -0.004632 0.000979 -0.006552 -0.002713 -4.730563 2.28e-06 5.642902 0.306647 0.579745 0 2 7459 --
rs76740594 A G 0.352825 -0.00529 0.001119 -0.007483 -0.003098 -4.728991 2.29e-06 5.639546 0.009461 0.922514 0 2 7599 --
rs9265262 C T 0.352703 -0.005288 0.001119 -0.007481 -0.003096 -4.727294 2.31e-06 5.635922 0.009537 0.922203 0 2 7599 --
rs9265489 T A 0.352709 -0.005288 0.001119 -0.007481 -0.003096 -4.727294 2.31e-06 5.635922 0.009537 0.922203 0 2 7599 --
rs111895018 A T 0.352878 -0.005287 0.001119 -0.00748 -0.003095 -4.726445 2.32e-06 5.634111 0.009575 0.922048 0 2 7599 --
rs9265412 G C 0.352344 -0.005286 0.001119 -0.007479 -0.003094 -4.725596 2.33e-06 5.6323 0.009614 0.921893 0 2 7599 --
rs2767580 T C 0.20192 0.006352 0.001344 0.003717 0.008986 4.725588 2.33e-06 5.632283 0.058714 0.80854 0 2 7505 ++
rs9265398 C T 0.352648 -0.005284 0.001119 -0.007477 -0.003092 -4.723899 2.35e-06 5.628679 0.009691 0.921582 0 2 7599 --
rs9265411 A G 0.352703 -0.005284 0.001119 -0.007477 -0.003092 -4.723899 2.35e-06 5.628679 0.009691 0.921582 0 2 7599 --
rs9265466 A T 0.352738 -0.005284 0.001119 -0.007477 -0.003092 -4.723875 2.35e-06 5.628628 0.005101 0.943063 0 2 7599 --
rs115999797 C T 0.352767 -0.005278 0.001119 -0.00747 -0.003085 -4.717957 2.42e-06 5.616014 0.009962 0.920494 0 2 7599 --
rs28752844 G T 0.352913 -0.005278 0.001119 -0.00747 -0.003085 -4.717957 2.42e-06 5.616014 0.009962 0.920494 0 2 7599 --
rs112084602 C T 0.352706 -0.005282 0.00112 -0.007476 -0.003087 -4.717488 2.43e-06 5.615016 0.009806 0.921119 0 2 7599 --
rs9265413 C T 0.352285 -0.005275 0.001119 -0.007467 -0.003082 -4.71541 2.45e-06 5.61059 0.01008 0.920028 0 2 7599 --
rs11798975 C G 0.196359 -0.004467 0.000948 -0.006325 -0.002609 -4.712421 2.49e-06 5.604227 3.152837 0.075795 0.682825 2 7375 --
rs9265160 A C 0.352857 -0.005264 0.001119 -0.007457 -0.003072 -4.706074 2.57e-06 5.590728 0.010517 0.918319 0 2 7599 --
rs9265161 T C 0.352822 -0.005264 0.001119 -0.007457 -0.003072 -4.706074 2.57e-06 5.590728 0.010517 0.918319 0 2 7599 --
rs9265587 C T 0.352752 -0.005262 0.001119 -0.007454 -0.003069 -4.703527 2.6e-06 5.585317 0.010638 0.917853 0 2 7599 --
rs9265681 G A 0.352642 -0.005259 0.001119 -0.007451 -0.003066 -4.700981 2.63e-06 5.579909 0.010759 0.917387 0 2 7599 --
rs9265682 A G 0.352642 -0.005259 0.001119 -0.007451 -0.003066 -4.700981 2.63e-06 5.579909 0.010759 0.917387 0 2 7599 --
rs375274685 A G 0.352802 -0.005258 0.001119 -0.007451 -0.003065 -4.700309 2.64e-06 5.578483 0.000551 0.981267 0 2 7599 --
rs9265669 A G 0.352432 -0.005255 0.00112 -0.007449 -0.003061 -4.693653 2.73e-06 5.564363 0.004799 0.944768 0 2 7599 --
rs9265678 G A 0.3527 -0.005248 0.001119 -0.007441 -0.003056 -4.691644 2.75e-06 5.560103 0.01121 0.915679 0 2 7599 --
rs9265608 G C 0.352697 -0.005245 0.001119 -0.007438 -0.003053 -4.689097 2.79e-06 5.554708 0.011335 0.915213 0 2 7599 --
rs9265609 C G 0.352697 -0.005245 0.001119 -0.007438 -0.003053 -4.689097 2.79e-06 5.554708 0.011335 0.915213 0 2 7599 --
rs9265511 A G 0.352755 -0.005245 0.001119 -0.007437 -0.003052 -4.688249 2.8e-06 5.55291 0.011377 0.915058 0 2 7599 --
rs28752845 C T 0.352456 -0.00524 0.001119 -0.007432 -0.003047 -4.684005 2.86e-06 5.543926 0.011586 0.914281 0 2 7599 --
rs9265513 G A 0.352357 -0.005237 0.001119 -0.007429 -0.003044 -4.681458 2.89e-06 5.538539 0.011713 0.913816 0 2 7599 --
rs9265564 C T 0.352357 -0.005237 0.001119 -0.007429 -0.003044 -4.681458 2.89e-06 5.538539 0.011713 0.913816 0 2 7599 --
rs9265570 A G 0.352357 -0.005237 0.001119 -0.007429 -0.003044 -4.681458 2.89e-06 5.538539 0.011713 0.913816 0 2 7599 --
rs9265592 T C 0.352357 -0.005237 0.001119 -0.007429 -0.003044 -4.681458 2.89e-06 5.538539 0.011713 0.913816 0 2 7599 --
rs9265610 A G 0.353529 -0.005222 0.001116 -0.007408 -0.003035 -4.680149 2.91e-06 5.535769 5e-06 0.998277 0 2 7599 --
rs9265512 A C 0.352697 -0.005235 0.001119 -0.007428 -0.003042 -4.67976 2.92e-06 5.534949 0.011798 0.913505 0 2 7599 --
rs9265514 C T 0.352697 -0.005235 0.001119 -0.007428 -0.003042 -4.67976 2.92e-06 5.534949 0.011798 0.913505 0 2 7599 --
rs9265519 A G 0.352697 -0.005235 0.001119 -0.007428 -0.003042 -4.67976 2.92e-06 5.534949 0.011798 0.913505 0 2 7599 --
rs9265520 C G 0.352755 -0.005235 0.001119 -0.007428 -0.003042 -4.67976 2.92e-06 5.534949 0.011798 0.913505 0 2 7599 --
rs9265521 G A 0.352755 -0.005235 0.001119 -0.007428 -0.003042 -4.67976 2.92e-06 5.534949 0.011798 0.913505 0 2 7599 --
rs9265532 C A 0.352697 -0.005235 0.001119 -0.007428 -0.003042 -4.67976 2.92e-06 5.534949 0.011798 0.913505 0 2 7599 --
rs9265533 A G 0.352697 -0.005235 0.001119 -0.007428 -0.003042 -4.67976 2.92e-06 5.534949 0.011798 0.913505 0 2 7599 --
rs9265534 C G 0.352697 -0.005235 0.001119 -0.007428 -0.003042 -4.67976 2.92e-06 5.534949 0.011798 0.913505 0 2 7599 --
rs9265535 C A 0.352697 -0.005235 0.001119 -0.007428 -0.003042 -4.67976 2.92e-06 5.534949 0.011798 0.913505 0 2 7599 --
rs9265536 C T 0.352697 -0.005235 0.001119 -0.007428 -0.003042 -4.67976 2.92e-06 5.534949 0.011798 0.913505 0 2 7599 --
rs9265537 A G 0.352697 -0.005235 0.001119 -0.007428 -0.003042 -4.67976 2.92e-06 5.534949 0.011798 0.913505 0 2 7599 --
rs9265538 G C 0.352697 -0.005235 0.001119 -0.007428 -0.003042 -4.67976 2.92e-06 5.534949 0.011798 0.913505 0 2 7599 --
rs9265539 A G 0.352697 -0.005235 0.001119 -0.007428 -0.003042 -4.67976 2.92e-06 5.534949 0.011798 0.913505 0 2 7599 --
rs9265565 A G 0.352697 -0.005235 0.001119 -0.007428 -0.003042 -4.67976 2.92e-06 5.534949 0.011798 0.913505 0 2 7599 --
rs9265576 A G 0.352697 -0.005235 0.001119 -0.007428 -0.003042 -4.67976 2.92e-06 5.534949 0.011798 0.913505 0 2 7599 --
rs9265577 A G 0.352697 -0.005235 0.001119 -0.007428 -0.003042 -4.67976 2.92e-06 5.534949 0.011798 0.913505 0 2 7599 --
rs9265578 C T 0.352697 -0.005235 0.001119 -0.007428 -0.003042 -4.67976 2.92e-06 5.534949 0.011798 0.913505 0 2 7599 --
rs9265579 C T 0.352697 -0.005235 0.001119 -0.007428 -0.003042 -4.67976 2.92e-06 5.534949 0.011798 0.913505 0 2 7599 --
rs9265580 C G 0.352697 -0.005235 0.001119 -0.007428 -0.003042 -4.67976 2.92e-06 5.534949 0.011798 0.913505 0 2 7599 --
rs9265582 A T 0.352697 -0.005235 0.001119 -0.007428 -0.003042 -4.67976 2.92e-06 5.534949 0.011798 0.913505 0 2 7599 --
rs9265583 A C 0.352697 -0.005235 0.001119 -0.007428 -0.003042 -4.67976 2.92e-06 5.534949 0.011798 0.913505 0 2 7599 --
rs9265585 C G 0.352697 -0.005235 0.001119 -0.007428 -0.003042 -4.67976 2.92e-06 5.534949 0.011798 0.913505 0 2 7599 --
rs9265588 C T 0.352697 -0.005235 0.001119 -0.007428 -0.003042 -4.67976 2.92e-06 5.534949 0.011798 0.913505 0 2 7599 --
rs9265590 T C 0.352697 -0.005235 0.001119 -0.007428 -0.003042 -4.67976 2.92e-06 5.534949 0.011798 0.913505 0 2 7599 --
rs9265591 T A 0.352697 -0.005235 0.001119 -0.007428 -0.003042 -4.67976 2.92e-06 5.534949 0.011798 0.913505 0 2 7599 --
rs9265593 A G 0.352697 -0.005235 0.001119 -0.007428 -0.003042 -4.67976 2.92e-06 5.534949 0.011798 0.913505 0 2 7599 --
rs9265594 T C 0.352697 -0.005235 0.001119 -0.007428 -0.003042 -4.67976 2.92e-06 5.534949 0.011798 0.913505 0 2 7599 --
rs9265596 G A 0.352697 -0.005235 0.001119 -0.007428 -0.003042 -4.67976 2.92e-06 5.534949 0.011798 0.913505 0 2 7599 --
rs9265598 A C 0.352697 -0.005235 0.001119 -0.007428 -0.003042 -4.67976 2.92e-06 5.534949 0.011798 0.913505 0 2 7599 --
rs9265600 A G 0.352697 -0.005235 0.001119 -0.007428 -0.003042 -4.67976 2.92e-06 5.534949 0.011798 0.913505 0 2 7599 --
rs9265601 G C 0.352697 -0.005235 0.001119 -0.007428 -0.003042 -4.67976 2.92e-06 5.534949 0.011798 0.913505 0 2 7599 --
rs9265602 G C 0.352697 -0.005235 0.001119 -0.007428 -0.003042 -4.67976 2.92e-06 5.534949 0.011798 0.913505 0 2 7599 --
rs9265604 C T 0.352697 -0.005235 0.001119 -0.007428 -0.003042 -4.67976 2.92e-06 5.534949 0.011798 0.913505 0 2 7599 --
rs9265605 G A 0.352697 -0.005235 0.001119 -0.007428 -0.003042 -4.67976 2.92e-06 5.534949 0.011798 0.913505 0 2 7599 --
rs9265606 G A 0.352697 -0.005235 0.001119 -0.007428 -0.003042 -4.67976 2.92e-06 5.534949 0.011798 0.913505 0 2 7599 --
rs9265607 A G 0.352733 -0.005235 0.001119 -0.007428 -0.003042 -4.67976 2.92e-06 5.534949 0.011798 0.913505 0 2 7599 --
rs9265654 A G 0.352697 -0.005235 0.001119 -0.007428 -0.003042 -4.67976 2.92e-06 5.534949 0.011798 0.913505 0 2 7599 --
rs9265655 C T 0.352755 -0.005235 0.001119 -0.007428 -0.003042 -4.67976 2.92e-06 5.534949 0.011798 0.913505 0 2 7599 --
rs9265657 C G 0.352697 -0.005235 0.001119 -0.007428 -0.003042 -4.67976 2.92e-06 5.534949 0.011798 0.913505 0 2 7599 --
rs9265659 C G 0.352755 -0.005235 0.001119 -0.007428 -0.003042 -4.67976 2.92e-06 5.534949 0.011798 0.913505 0 2 7599 --
rs9265660 A G 0.352697 -0.005235 0.001119 -0.007428 -0.003042 -4.67976 2.92e-06 5.534949 0.011798 0.913505 0 2 7599 --
rs9265662 A C 0.352697 -0.005235 0.001119 -0.007428 -0.003042 -4.67976 2.92e-06 5.534949 0.011798 0.913505 0 2 7599 --
rs9265663 A G 0.352697 -0.005235 0.001119 -0.007428 -0.003042 -4.67976 2.92e-06 5.534949 0.011798 0.913505 0 2 7599 --
rs9265665 C A 0.352697 -0.005235 0.001119 -0.007428 -0.003042 -4.67976 2.92e-06 5.534949 0.011798 0.913505 0 2 7599 --
rs9265670 G A 0.352697 -0.005235 0.001119 -0.007428 -0.003042 -4.67976 2.92e-06 5.534949 0.011798 0.913505 0 2 7599 --
rs9265672 G A 0.352697 -0.005235 0.001119 -0.007428 -0.003042 -4.67976 2.92e-06 5.534949 0.011798 0.913505 0 2 7599 --
rs9265674 G T 0.352697 -0.005235 0.001119 -0.007428 -0.003042 -4.67976 2.92e-06 5.534949 0.011798 0.913505 0 2 7599 --
rs9265675 C T 0.352697 -0.005235 0.001119 -0.007428 -0.003042 -4.67976 2.92e-06 5.534949 0.011798 0.913505 0 2 7599 --
rs9265684 G T 0.352697 -0.005235 0.001119 -0.007428 -0.003042 -4.67976 2.92e-06 5.534949 0.011798 0.913505 0 2 7599 --
rs12687284 G C 0.178804 -0.004582 0.000979 -0.006502 -0.002662 -4.678291 2.94e-06 5.531842 0.338364 0.560775 0 2 7459 --
rs9265574 T G 0.352663 -0.005233 0.001119 -0.007425 -0.00304 -4.677696 2.95e-06 5.530584 0.009888 0.92079 0 2 7599 --
rs9265275 T C 0.352574 -0.005231 0.001119 -0.007424 -0.003039 -4.676365 2.97e-06 5.527772 0.011969 0.912884 0 2 7599 --
rs9265527 C T 0.35264 -0.005227 0.001119 -0.00742 -0.003035 -4.67297 3.02e-06 5.520601 0.012141 0.912263 0 2 7599 --
rs9265528 A G 0.35264 -0.005227 0.001119 -0.00742 -0.003035 -4.67297 3.02e-06 5.520601 0.012141 0.912263 0 2 7599 --
rs9265529 G C 0.35264 -0.005227 0.001119 -0.00742 -0.003035 -4.67297 3.02e-06 5.520601 0.012141 0.912263 0 2 7599 --
rs9265531 T C 0.35264 -0.005227 0.001119 -0.00742 -0.003035 -4.67297 3.02e-06 5.520601 0.012141 0.912263 0 2 7599 --
rs6914258 T C 0.352731 -0.005227 0.001119 -0.007419 -0.003034 -4.672343 3.02e-06 5.519277 0.022324 0.881229 0 2 7599 --
rs9265595 T C 0.359357 -0.005205 0.001114 -0.007388 -0.003021 -4.672103 3.03e-06 5.51877 0.007968 0.928873 0 2 7599 --
rs9265611 G A 0.352882 -0.005217 0.001117 -0.007406 -0.003028 -4.671276 3.04e-06 5.517024 0.012622 0.910549 0 2 7599 --
rs9265615 A G 0.352847 -0.005217 0.001117 -0.007406 -0.003028 -4.671276 3.04e-06 5.517024 0.012622 0.910549 0 2 7599 --
rs9265616 T C 0.352882 -0.005217 0.001117 -0.007406 -0.003028 -4.671276 3.04e-06 5.517024 0.012622 0.910549 0 2 7599 --
rs9265617 G T 0.352882 -0.005217 0.001117 -0.007406 -0.003028 -4.671276 3.04e-06 5.517024 0.012622 0.910549 0 2 7599 --
rs9265621 A G 0.352882 -0.005217 0.001117 -0.007406 -0.003028 -4.671276 3.04e-06 5.517024 0.012622 0.910549 0 2 7599 --
rs9265623 G A 0.352882 -0.005217 0.001117 -0.007406 -0.003028 -4.671276 3.04e-06 5.517024 0.012622 0.910549 0 2 7599 --
rs9265626 T C 0.352882 -0.005217 0.001117 -0.007406 -0.003028 -4.671276 3.04e-06 5.517024 0.012622 0.910549 0 2 7599 --
rs9265642 C T 0.352882 -0.005217 0.001117 -0.007406 -0.003028 -4.671276 3.04e-06 5.517024 0.012622 0.910549 0 2 7599 --
rs9265646 A G 0.352882 -0.005217 0.001117 -0.007406 -0.003028 -4.671276 3.04e-06 5.517024 0.012622 0.910549 0 2 7599 --
rs9265650 G A 0.352882 -0.005217 0.001117 -0.007406 -0.003028 -4.671276 3.04e-06 5.517024 0.012622 0.910549 0 2 7599 --
rs9265666 A G 0.352755 -0.005225 0.001119 -0.007417 -0.003032 -4.670424 3.05e-06 5.515225 0.01227 0.911798 0 2 7599 --
rs9265667 A T 0.352755 -0.005225 0.001119 -0.007417 -0.003032 -4.670424 3.05e-06 5.515225 0.01227 0.911798 0 2 7599 --
rs9265677 G C 0.352755 -0.005225 0.001119 -0.007417 -0.003032 -4.670424 3.05e-06 5.515225 0.01227 0.911798 0 2 7599 --
rs9265571 T C 0.352697 -0.005224 0.001119 -0.007416 -0.003031 -4.669575 3.07e-06 5.513434 0.012314 0.911643 0 2 7599 --
rs9265641 T C 0.353179 -0.005215 0.001117 -0.007404 -0.003026 -4.669575 3.07e-06 5.513435 0.01271 0.910238 0 2 7599 --
rs9265705 G T 0.352823 -0.005223 0.001119 -0.007415 -0.00303 -4.668726 3.08e-06 5.511643 0.012357 0.911487 0 2 7599 --
rs9265725 G A 0.352768 -0.005223 0.001119 -0.007415 -0.00303 -4.668726 3.08e-06 5.511643 0.012357 0.911487 0 2 7599 --
rs9265526 C T 0.352752 -0.00522 0.001119 -0.007412 -0.003027 -4.666179 3.12e-06 5.506272 0.012488 0.911022 0 2 7599 --
rs9265643 C T 0.352882 -0.005209 0.001117 -0.007398 -0.00302 -4.664473 3.14e-06 5.502674 0.012976 0.909307 0 2 7599 --
rs7049947 G A 0.196539 -0.004422 0.000948 -0.00628 -0.002564 -4.664306 3.15e-06 5.502323 3.168617 0.075066 0.684405 2 7375 --
rs9265685 A G 0.352823 -0.005217 0.001119 -0.00741 -0.003024 -4.663633 3.16e-06 5.500904 0.01262 0.910556 0 2 7599 --
rs9265688 G A 0.352823 -0.005217 0.001119 -0.00741 -0.003024 -4.663633 3.16e-06 5.500904 0.01262 0.910556 0 2 7599 --
rs9265690 T C 0.352823 -0.005217 0.001119 -0.00741 -0.003024 -4.663633 3.16e-06 5.500904 0.01262 0.910556 0 2 7599 --
rs9265693 T C 0.352823 -0.005217 0.001119 -0.00741 -0.003024 -4.663633 3.16e-06 5.500904 0.01262 0.910556 0 2 7599 --
rs9265694 G C 0.352823 -0.005217 0.001119 -0.00741 -0.003024 -4.663633 3.16e-06 5.500904 0.01262 0.910556 0 2 7599 --
rs9265698 T C 0.352823 -0.005217 0.001119 -0.00741 -0.003024 -4.663633 3.16e-06 5.500904 0.01262 0.910556 0 2 7599 --
rs9265700 C T 0.352823 -0.005217 0.001119 -0.00741 -0.003024 -4.663633 3.16e-06 5.500904 0.01262 0.910556 0 2 7599 --
rs9265704 T A 0.352823 -0.005217 0.001119 -0.00741 -0.003024 -4.663633 3.16e-06 5.500904 0.01262 0.910556 0 2 7599 --
rs9265706 T C 0.352823 -0.005217 0.001119 -0.00741 -0.003024 -4.663633 3.16e-06 5.500904 0.01262 0.910556 0 2 7599 --
rs9265707 A T 0.352823 -0.005217 0.001119 -0.00741 -0.003024 -4.663633 3.16e-06 5.500904 0.01262 0.910556 0 2 7599 --
rs9265708 A G 0.352823 -0.005217 0.001119 -0.00741 -0.003024 -4.663633 3.16e-06 5.500904 0.01262 0.910556 0 2 7599 --
rs9265709 G A 0.352823 -0.005217 0.001119 -0.00741 -0.003024 -4.663633 3.16e-06 5.500904 0.01262 0.910556 0 2 7599 --
rs9265710 C T 0.352823 -0.005217 0.001119 -0.00741 -0.003024 -4.663633 3.16e-06 5.500904 0.01262 0.910556 0 2 7599 --
rs9265711 G A 0.352823 -0.005217 0.001119 -0.00741 -0.003024 -4.663633 3.16e-06 5.500904 0.01262 0.910556 0 2 7599 --
rs9265713 T C 0.352823 -0.005217 0.001119 -0.00741 -0.003024 -4.663633 3.16e-06 5.500904 0.01262 0.910556 0 2 7599 --
rs9265714 G A 0.352823 -0.005217 0.001119 -0.00741 -0.003024 -4.663633 3.16e-06 5.500904 0.01262 0.910556 0 2 7599 --
rs9265719 A T 0.352823 -0.005217 0.001119 -0.00741 -0.003024 -4.663633 3.16e-06 5.500904 0.01262 0.910556 0 2 7599 --
rs9265720 C G 0.352823 -0.005217 0.001119 -0.00741 -0.003024 -4.663633 3.16e-06 5.500904 0.01262 0.910556 0 2 7599 --
rs9265721 C G 0.352823 -0.005217 0.001119 -0.00741 -0.003024 -4.663633 3.16e-06 5.500904 0.01262 0.910556 0 2 7599 --
rs9265734 G T 0.352823 -0.005217 0.001119 -0.00741 -0.003024 -4.663633 3.16e-06 5.500904 0.01262 0.910556 0 2 7599 --
rs9265558 T G 0.353097 -0.005207 0.001117 -0.007396 -0.003018 -4.662434 3.17e-06 5.498378 0.009463 0.922507 0 2 7599 --
rs11667241 C G 0.338221 -0.005353 0.001148 -0.007604 -0.003103 -4.661754 3.18e-06 5.496944 5.354408 0.02067 0.813238 2 7599 -+
rs9265633 T C 0.35294 -0.005205 0.001117 -0.007393 -0.003016 -4.660221 3.21e-06 5.493715 0.0132 0.908531 0 2 7599 --
rs9265635 T G 0.35294 -0.005205 0.001117 -0.007393 -0.003016 -4.660221 3.21e-06 5.493715 0.0132 0.908531 0 2 7599 --
rs9265696 T C 0.352823 -0.005213 0.001119 -0.007406 -0.003021 -4.660238 3.21e-06 5.493751 0.012796 0.909936 0 2 7599 --
rs9265630 T C 0.352882 -0.005204 0.001117 -0.007393 -0.003015 -4.659371 3.22e-06 5.491924 0.013245 0.908376 0 2 7599 --
rs9265631 T C 0.352882 -0.005204 0.001117 -0.007393 -0.003015 -4.659371 3.22e-06 5.491924 0.013245 0.908376 0 2 7599 --
rs9265632 A G 0.352917 -0.005204 0.001117 -0.007393 -0.003015 -4.659371 3.22e-06 5.491924 0.013245 0.908376 0 2 7599 --
rs9265625 A G 0.352847 -0.005201 0.001117 -0.00739 -0.003012 -4.657137 3.26e-06 5.487221 0.002571 0.959562 0 2 7599 --
rs6617261 T G 0.175805 -0.004581 0.000984 -0.00651 -0.002651 -4.652781 3.33e-06 5.478057 0.326283 0.567856 0 2 7459 --
rs9265722 C T 0.352768 -0.005191 0.001119 -0.007384 -0.002999 -4.640715 3.53e-06 5.452712 0.013835 0.906368 0 2 7599 --
rs761202 G A 0.196533 -0.004398 0.000948 -0.006257 -0.00254 -4.638868 3.56e-06 5.448837 3.912544 0.047927 0.744412 2 7367 --
rs9265639 G C 0.352879 -0.005175 0.001117 -0.007364 -0.002986 -4.63386 3.64e-06 5.438339 0.014631 0.903724 0 2 7599 --
rs9265544 A T 0.352846 -0.005186 0.00112 -0.007381 -0.002992 -4.632444 3.67e-06 5.435373 0.003539 0.95256 0 2 7599 --
rs438655 A G 0.459802 -0.004997 0.001081 -0.007115 -0.002878 -4.622924 3.84e-06 5.415452 0.330987 0.565078 0 2 7599 --
rs756381 G T 0.208704 -0.004275 0.000925 -0.006088 -0.002462 -4.6219 3.86e-06 5.41331 0.049472 0.823985 0 2 7459 --
rs9265573 G A 0.35264 -0.005169 0.00112 -0.007363 -0.002974 -4.616572 3.96e-06 5.402181 0.01496 0.902651 0 2 7599 --
rs12197650 G A 0.154624 -0.006717 0.001456 -0.009572 -0.003863 -4.612562 4.04e-06 5.393811 1.542529 0.214242 0.351714 2 7599 --
rs9265695 T C 0.353227 -0.005163 0.00112 -0.007357 -0.002969 -4.611484 4.06e-06 5.391563 0.015249 0.901722 0 2 7572 --
rs9265162 T C 0.347357 -0.005161 0.00112 -0.007357 -0.002965 -4.606228 4.16e-06 5.380605 0.043583 0.834631 0 2 7599 --
rs9265653 C T 0.35352 -0.005153 0.001119 -0.007346 -0.00296 -4.604951 4.19e-06 5.377945 0.044595 0.83275 0 2 7599 --
rs7098008 T C 0.315001 -0.005346 0.001163 -0.007627 -0.003066 -4.595052 4.39e-06 5.357344 0.130881 0.71752 0 2 7599 --
rs288948 A G 0.175526 0.006358 0.001385 0.003644 0.009072 4.591041 4.48e-06 5.34901 4.568336 0.032568 0.781102 2 7599 +-
rs2887428 G C 0.203336 -0.004311 0.00094 -0.006153 -0.002468 -4.584417 4.62e-06 5.335259 3.92936 0.04745 0.745506 2 7375 --
rs10830948 C T 0.341391 0.005187 0.001132 0.002969 0.007406 4.582409 4.67e-06 5.331094 0.657742 0.417358 0 2 7599 ++
rs9265637 C T 0.353838 -0.005099 0.001116 -0.007285 -0.002912 -4.570225 4.94e-06 5.30586 0.048446 0.82579 0 2 7599 --
rs190712692 A G 0.0448 0.01198 0.002624 0.006837 0.017124 4.565251 5.06e-06 5.295575 1.042036 0.307348 0.04034 2 6942 ++
rs5923584 A G 0.196212 -0.004333 0.000949 -0.006194 -0.002473 -4.565438 5.06e-06 5.295961 3.937176 0.04723 0.746011 2 7375 --
rs6623768 A C 0.1775 -0.004487 0.000983 -0.006413 -0.00256 -4.563809 5.1e-06 5.292595 0.358782 0.549183 0 2 7459 --
rs62603466 A G 0.08389 -0.00651 0.00143 -0.009313 -0.003708 -4.553397 5.36e-06 5.271107 9.846079 0.001702 0.898437 2 7080 -+
rs325397 C T 0.25136 -0.005618 0.001235 -0.008038 -0.003198 -4.549818 5.45e-06 5.263731 0.283856 0.594185 0 2 7599 --
rs5923583 T G 0.195932 -0.004313 0.000949 -0.006173 -0.002453 -4.544859 5.58e-06 5.25352 3.206456 0.073348 0.688129 2 7375 --
rs11797332 T C 0.197022 -0.0043 0.000947 -0.006157 -0.002443 -4.539302 5.73e-06 5.24209 0.822295 0.36451 0 2 7375 --
rs1931827 A C 0.425453 -0.004988 0.001099 -0.007142 -0.002834 -4.537924 5.76e-06 5.239257 1.067646 0.301478 0.06336 2 7219 --
rs9265260 G C 0.34335 -0.005074 0.001121 -0.007272 -0.002876 -4.524599 6.14e-06 5.211911 0.023387 0.878455 0 2 7599 --
rs5922267 G A 0.20993 -0.004169 0.000922 -0.005976 -0.002362 -4.521308 6.23e-06 5.205168 0.314276 0.575068 0 2 7459 --
rs4140569 G T 0.20993 -0.004169 0.000922 -0.005976 -0.002362 -4.521308 6.23e-06 5.205168 0.314276 0.575068 0 2 7459 --
rs4140568 G A 0.20993 -0.004169 0.000922 -0.005976 -0.002362 -4.521308 6.23e-06 5.205168 0.314276 0.575068 0 2 7459 --
rs12216975 C A 0.208652 -0.004181 0.000926 -0.005995 -0.002366 -4.516329 6.38e-06 5.194975 0.10462 0.746354 0 2 7436 --
rs13091057 G A 0.081338 -0.00883 0.001961 -0.012674 -0.004987 -4.502982 6.8e-06 5.167703 1.50228 0.220321 0.334345 2 7599 --
rs724620 G A 0.204652 -0.004185 0.000929 -0.006006 -0.002363 -4.502536 6.81e-06 5.166793 0.107653 0.742832 0 2 7457 --
rs724619 T G 0.204595 -0.004183 0.000929 -0.006004 -0.002361 -4.500446 6.88e-06 5.162529 0.107418 0.743104 0 2 7459 --
rs11797734 C A 0.204595 -0.004183 0.000929 -0.006004 -0.002361 -4.500446 6.88e-06 5.162529 0.107418 0.743104 0 2 7459 --
rs5923591 C T 0.204773 -0.004176 0.000929 -0.005998 -0.002354 -4.49313 7.12e-06 5.147619 0.106596 0.744054 0 2 7459 --
rs2064337 G A 0.204773 -0.004176 0.000929 -0.005998 -0.002354 -4.49313 7.12e-06 5.147619 0.106596 0.744054 0 2 7459 --
rs6653109 C T 0.204773 -0.004176 0.000929 -0.005998 -0.002354 -4.49313 7.12e-06 5.147619 0.106596 0.744054 0 2 7459 --
rs9265648 G A 0.397161 -0.004914 0.001096 -0.007063 -0.002766 -4.482872 7.47e-06 5.126751 4.5e-05 0.99467 0 2 7599 --
rs11632301 A G 0.366274 0.005127 0.001144 0.002885 0.007369 4.482368 7.49e-06 5.125727 3.417105 0.064524 0.707355 2 7599 ++
rs288945 A G 0.176777 0.006185 0.001381 0.003478 0.008892 4.477732 7.65e-06 5.11631 4.252645 0.039189 0.764852 2 7597 +-
rs74888502 G A 0.059011 -0.010578 0.002367 -0.015218 -0.005937 -4.467925 8.01e-06 5.096423 0.127515 0.721022 0 2 7599 --
rs288946 G A 0.176553 0.006173 0.001382 0.003464 0.008882 4.465789 8.09e-06 5.092097 4.245237 0.039361 0.764442 2 7599 +-
rs113867676 T C 0.058976 -0.010569 0.002368 -0.015211 -0.005927 -4.462721 8.21e-06 5.085884 0.128738 0.719745 0 2 7599 --
rs2416125 T C 0.058976 -0.010569 0.002368 -0.015211 -0.005927 -4.462721 8.21e-06 5.085884 0.128738 0.719745 0 2 7599 --
rs6906157 A G 0.44068 -0.004844 0.001087 -0.006974 -0.002714 -4.457505 8.41e-06 5.075335 0.349768 0.554244 0 2 7599 --
rs10501797 G C 0.345691 0.005037 0.001131 0.002821 0.007253 4.455305 8.49e-06 5.070889 0.611613 0.434181 0 2 7599 ++
rs325398 A G 0.251044 -0.00549 0.001234 -0.007908 -0.003071 -4.448937 8.75e-06 5.058029 0.472434 0.49187 0 2 7599 --
rs2927481 A C 0.343259 -0.005088 0.001145 -0.007332 -0.002845 -4.445254 8.9e-06 5.050599 5.119423 0.023659 0.804665 2 7599 -+
rs17119269 C T 0.058996 -0.010519 0.002368 -0.015161 -0.005878 -4.442374 9.02e-06 5.044793 0.150152 0.698391 0 2 7599 --
rs77826544 A G 0.058996 -0.010519 0.002368 -0.015161 -0.005878 -4.442374 9.02e-06 5.044793 0.150152 0.698391 0 2 7599 --
rs8182139 T A 0.454731 -0.004786 0.001079 -0.006901 -0.002671 -4.434592 9.35e-06 5.029123 1.191919 0.274943 0.161017 2 7599 --
rs430101 G T 0.350958 0.004946 0.001115 0.00276 0.007132 4.434222 9.37e-06 5.028378 0.039756 0.841959 0 2 7599 ++
rs66754621 G A 0.183044 0.00608 0.001373 0.003388 0.008771 4.427123 9.68e-06 5.014106 0.100039 0.751783 0 2 7559 ++
rs76981749 G T 0.059022 -0.010477 0.002367 -0.015116 -0.005837 -4.425735 9.74e-06 5.011317 0.156457 0.69244 0 2 7599 --
rs5968962 A G 0.20962 -0.004084 0.000923 -0.005893 -0.002275 -4.424712 9.79e-06 5.009263 0.289165 0.590756 0 2 7459 --
rs2767579 A G 0.219179 0.005648 0.001276 0.003146 0.00815 4.424395 9.8e-06 5.008627 0.43727 0.508443 0 2 7599 ++
rs288950 T G 0.177511 0.006084 0.001376 0.003386 0.008782 4.42021 9.99e-06 5.000228 5.248342 0.021968 0.809464 2 7599 +-
