rs_number reference_allele other_allele eaf beta se beta_95L beta_95U z p-value -log10_p-value q_statistic q_p-value i2 n_studies n_samples effects
rs112019714 C T 0.067544 -0.032838 0.004662 -0.041976 -0.0237 -7.043132 1.95e-12 11.709005 2.396763 0.301682 0.165541 3 1938 ---
rs112849259 T C 0.053992 -0.034508 0.005061 -0.044427 -0.024588 -6.81844 9.55e-12 11.020126 1.429802 0.489241 0 3 1936 ---
rs77301115 A G 0.054216 -0.034144 0.005051 -0.044044 -0.024245 -6.759996 1.43e-11 10.844469 1.397423 0.497225 0 3 1937 ---
rs75687619 T G 0.053322 -0.033863 0.0051 -0.043858 -0.023868 -6.640457 3.24e-11 10.489716 1.860656 0.394424 0 3 1938 ---
rs116881820 C T 0.053565 -0.032513 0.005083 -0.042475 -0.022551 -6.396863 1.64e-10 9.785626 0.799661 0.670434 0 3 1938 ---
rs114536010 T C 0.052571 -0.032608 0.005163 -0.042728 -0.022488 -6.315538 2.78e-10 9.55618 1.399645 0.496674 0 3 1931 ---
rs115881343 T C 0.05355 -0.032384 0.005148 -0.042473 -0.022294 -6.290985 3.25e-10 9.487459 0.624059 0.73196 0 3 1924 ---
rs79398853 T C 0.053176 -0.032169 0.005133 -0.04223 -0.022108 -6.266997 3.8e-10 9.420565 1.239907 0.537969 0 3 1938 ---
rs1081105 C A 0.058947 -0.030016 0.004817 -0.039459 -0.020574 -6.230843 4.78e-10 9.320208 1.235722 0.539096 0 3 1938 ---
rs140480140 A G 0.059522 -0.029755 0.004777 -0.039117 -0.020392 -6.229091 4.84e-10 9.31536 0.599002 0.741188 0 3 1938 ---
rs188535946 A G 0.057989 -0.029651 0.004822 -0.039103 -0.020199 -6.14849 8.06e-10 9.093683 0.501764 0.778114 0 3 1938 ---
rs7259620 A G 0.42619 0.013824 0.002257 0.009401 0.018248 6.125446 9.32e-10 9.030813 19.262307 6.57e-05 0.89617 3 1938 -++
rs150966173 T C 0.05523 -0.0301 0.004935 -0.039773 -0.020426 -6.09882 1.1e-09 8.958449 0.717755 0.69846 0 3 1923 ---
rs438811 C T 0.499335 0.015404 0.0028 0.009916 0.020892 5.501465 3.86e-08 7.413876 2.831814 0.092414 0.64687 2 1538 ++?
rs118170342 C T 0.072425 -0.029651 0.005565 -0.040559 -0.018743 -5.327903 1.02e-07 6.993359 0.172703 0.677721 0 2 1538 --?
rs157581 C T 0.465166 -0.015424 0.002925 -0.021156 -0.009691 -5.273455 1.37e-07 6.864054 2.588071 0.107671 0.613612 2 1538 --?
rs8045602 C A 0.291453 0.013162 0.00251 0.008243 0.018081 5.24434 1.6e-07 6.795424 1.370149 0.504053 0 3 1938 +++
rs13331885 G A 0.268374 -0.012701 0.002479 -0.01756 -0.007841 -5.122854 3.07e-07 6.512899 1.54984 0.460741 0 3 1938 ---
rs3925681 A G 0.260521 0.016724 0.003283 0.010289 0.02316 5.093669 3.58e-07 6.445952 3.572381 0.058748 0.720075 2 1538 -+?
rs9922705 G A 0.266691 -0.012541 0.002482 -0.017406 -0.007677 -5.05309 4.43e-07 6.353463 1.25012 0.535229 0 3 1938 ---
rs79041982 C T 0.034494 -0.029185 0.005854 -0.040658 -0.017712 -4.985779 6.29e-07 6.201568 0.070979 0.965133 0 3 1938 ---
rs17512472 G A 0.034494 -0.029185 0.005854 -0.040658 -0.017712 -4.985779 6.29e-07 6.201568 0.070979 0.965133 0 3 1938 ---
rs283811 G A 0.399818 -0.014282 0.002923 -0.020012 -0.008552 -4.885492 1.05e-06 5.978787 2.304355 0.129012 0.566039 2 1538 --?
rs17723204 C T 0.07747 -0.020358 0.004168 -0.028527 -0.012188 -4.88416 1.06e-06 5.975856 1.009049 0.603793 0 3 1938 ---
rs9464342 T C 0.016904 -0.053658 0.011098 -0.07541 -0.031905 -4.834842 1.36e-06 5.867872 2.471447 0.115931 0.595379 2 1538 +-?
rs4740564 C T 0.131716 -0.015862 0.003287 -0.022304 -0.009419 -4.825315 1.42e-06 5.84713 0.3467 0.840843 0 3 1936 ---
rs1913896 C T 0.280927 -0.018014 0.003757 -0.025378 -0.010649 -4.79434 1.66e-06 5.779953 0.506013 0.47687 0 2 453 -?-
rs13012835 T C 0.145355 -0.015694 0.003294 -0.02215 -0.009237 -4.764131 1.93e-06 5.714825 1.388022 0.499568 0 3 1938 ---
rs3772786 C A 0.057782 -0.023409 0.004919 -0.033051 -0.013767 -4.758439 1.98e-06 5.702596 3.89088 0.142924 0.485978 3 1938 +--
rs72955899 T C 0.076807 -0.019874 0.004187 -0.02808 -0.011667 -4.746418 2.1e-06 5.676815 3.017166 0.221223 0.337126 3 1938 +--
rs7463956 A G 0.038438 -0.02953 0.006225 -0.041732 -0.017329 -4.743562 2.13e-06 5.670697 0.780233 0.676978 0 3 1938 ---
rs7463958 C G 0.038438 -0.02953 0.006225 -0.041732 -0.017329 -4.743562 2.13e-06 5.670697 0.780233 0.676978 0 3 1938 ---
rs2119145 T C 0.148438 -0.01548 0.003276 -0.0219 -0.00906 -4.726067 2.33e-06 5.633304 1.213658 0.545076 0 3 1938 ---
rs7461764 G A 0.038438 -0.02942 0.006225 -0.041621 -0.017219 -4.726162 2.33e-06 5.633507 0.805911 0.668342 0 3 1938 ---
rs35288665 A C 0.038002 -0.029499 0.006279 -0.041806 -0.017192 -4.698054 2.67e-06 5.573698 0.407835 0.81553 0 3 1938 ---
rs12446555 T G 0.016252 -0.043151 0.009213 -0.061209 -0.025094 -4.683723 2.86e-06 5.543329 6.89355 0.031848 0.709874 3 1938 +--
rs80135306 T C 0.11722 -0.016247 0.00347 -0.023047 -0.009446 -4.682436 2.88e-06 5.540608 0.734476 0.692645 0 3 1938 ---
rs4740562 A G 0.149255 -0.014706 0.003144 -0.020868 -0.008544 -4.677851 2.95e-06 5.530913 0.027682 0.986254 0 3 1938 ---
rs564066844 G A 0.090659 -0.018059 0.003869 -0.025641 -0.010476 -4.66804 3.09e-06 5.510196 0.472216 0.789696 0 3 1938 ---
rs13254627 T G 0.038744 -0.028997 0.006213 -0.041174 -0.016819 -4.667133 3.1e-06 5.508282 0.906487 0.635563 0 3 1931 ---
rs2062513 C T 0.07604 -0.019594 0.004225 -0.027874 -0.011314 -4.637944 3.57e-06 5.446899 2.878179 0.237144 0.305116 3 1938 +--
rs6688280 A G 0.060016 -0.022092 0.004766 -0.031433 -0.012751 -4.635602 3.61e-06 5.441991 0.516848 0.772268 0 3 1938 ---
rs203665 T C 0.024427 -0.031958 0.006898 -0.045479 -0.018438 -4.632749 3.66e-06 5.436011 1.694319 0.428631 0 3 1938 ---
rs11706211 C G 0.040436 -0.027882 0.006037 -0.039715 -0.016049 -4.618334 3.93e-06 5.405861 1.48175 0.476697 0 3 1938 ---
rs13097459 T C 0.051733 -0.023776 0.005161 -0.033891 -0.01366 -4.606707 4.15e-06 5.381603 3.580518 0.166917 0.441422 3 1938 +--
rs6014133 C A 0.352394 -0.010952 0.002379 -0.015615 -0.006288 -4.603091 4.23e-06 5.374071 9.900681 0.007081 0.797994 3 1933 ---
rs184017 G T 0.447211 -0.01357 0.00295 -0.019351 -0.007789 -4.600831 4.27e-06 5.369366 5.476115 0.019278 0.817389 2 1538 +-?
rs7616548 A C 0.308137 0.011421 0.002492 0.006537 0.016306 4.583104 4.65e-06 5.332536 1.093009 0.57897 0 3 1938 +++
rs72617090 G C 0.064437 -0.031639 0.006906 -0.045175 -0.018103 -4.581308 4.69e-06 5.328811 1.640153 0.200304 0.390301 2 453 -?-
rs35190001 G T 0.038194 -0.028687 0.006263 -0.040964 -0.016411 -4.580172 4.72e-06 5.326455 0.55295 0.758453 0 3 1938 ---
rs17259798 C T 0.06304 -0.021007 0.004591 -0.030005 -0.012009 -4.575696 4.82e-06 5.317183 0.4952 0.780672 0 3 1938 ---
rs2242425 G A 0.057645 -0.022446 0.004917 -0.032083 -0.012809 -4.565218 5.06e-06 5.295506 3.731609 0.154772 0.464038 3 1938 +--
rs10755078 G A 0.051243 -0.023727 0.005205 -0.033929 -0.013525 -4.558402 5.23e-06 5.281431 3.579207 0.167026 0.441217 3 1938 +--
rs3772781 T G 0.051435 -0.023727 0.005205 -0.033929 -0.013525 -4.558402 5.23e-06 5.281431 3.579207 0.167026 0.441217 3 1938 +--
rs3772787 C G 0.046304 -0.024471 0.005411 -0.035077 -0.013865 -4.522321 6.21e-06 5.207242 3.629314 0.162894 0.448932 3 1938 +--
rs16838441 C T 0.060184 -0.031577 0.00699 -0.045277 -0.017877 -4.517615 6.34e-06 5.197607 0.529295 0.466903 0 2 453 -?-
rs28425185 T G 0.097104 -0.017423 0.003863 -0.024994 -0.009852 -4.510671 6.56e-06 5.183405 4.271972 0.118128 0.531832 3 1938 +--
rs6678378 A T 0.055178 -0.022514 0.004997 -0.032307 -0.01272 -4.505681 6.71e-06 5.173211 0.266902 0.87507 0 3 1938 ---
rs7166080 A G 0.114068 -0.015699 0.003485 -0.02253 -0.008869 -4.505167 6.73e-06 5.172162 1.599409 0.449462 0 3 1938 ---
rs313325 C T 0.145126 -0.013963 0.003105 -0.020048 -0.007878 -4.497587 6.97e-06 5.156699 1.148701 0.56307 0 3 1938 ---
rs3821532 T G 0.051681 -0.023298 0.005184 -0.033459 -0.013137 -4.49401 7.09e-06 5.14941 3.41171 0.181617 0.413784 3 1938 +--
rs4678144 G A 0.051681 -0.023298 0.005184 -0.033459 -0.013137 -4.49401 7.09e-06 5.14941 3.41171 0.181617 0.413784 3 1938 +--
rs12639478 A T 0.051681 -0.023298 0.005184 -0.033459 -0.013137 -4.49401 7.09e-06 5.14941 3.41171 0.181617 0.413784 3 1938 +--
rs12631364 T A 0.051681 -0.023298 0.005184 -0.033459 -0.013137 -4.49401 7.09e-06 5.14941 3.41171 0.181617 0.413784 3 1938 +--
rs35816663 T G 0.051681 -0.023298 0.005184 -0.033459 -0.013137 -4.49401 7.09e-06 5.14941 3.41171 0.181617 0.413784 3 1938 +--
rs11928787 T C 0.051681 -0.023298 0.005184 -0.033459 -0.013137 -4.49401 7.09e-06 5.14941 3.41171 0.181617 0.413784 3 1938 +--
rs56290437 T C 0.059877 -0.021485 0.004782 -0.030857 -0.012113 -4.493194 7.12e-06 5.147749 0.284162 0.867551 0 3 1938 ---
rs3772789 G A 0.050808 -0.023531 0.005239 -0.033798 -0.013263 -4.491768 7.16e-06 5.144846 3.404501 0.182273 0.412542 3 1938 +--
rs2994943 G A 0.430882 -0.013184 0.002936 -0.018938 -0.00743 -4.491038 7.19e-06 5.14336 2.493208 0.114338 0.59891 2 1538 +-?
rs10804562 A G 0.129317 -0.015106 0.003367 -0.021705 -0.008507 -4.48683 7.33e-06 5.134797 2.57455 0.276022 0.223165 3 1938 +--
rs1722330 G A 0.142684 -0.014783 0.0033 -0.021251 -0.008315 -4.479398 7.59e-06 5.119693 2.977378 0.225668 0.328268 3 1938 ---
rs140491224 C G 0.062144 0.020846 0.004666 0.011701 0.029991 4.467836 8.01e-06 5.096242 0.737907 0.691458 0 3 1938 +++
rs4666371 T G 0.018616 -0.054676 0.012246 -0.078678 -0.030674 -4.464827 8.13e-06 5.090147 0.221328 0.63803 0 2 453 -?-
rs17187610 A G 0.055369 -0.022279 0.004997 -0.032074 -0.012485 -4.458463 8.37e-06 5.077272 0.30916 0.856775 0 3 1938 ---
rs256662 G T 0.067104 -0.024834 0.005581 -0.035773 -0.013895 -4.449756 8.72e-06 5.059682 0.521047 0.470395 0 2 1537 --?
rs2911264 C A 0.455192 -0.010327 0.002322 -0.014879 -0.005775 -4.447007 8.83e-06 5.054134 1.084811 0.581348 0 3 1938 ---
rs73227945 C T 0.012252 -0.043549 0.009803 -0.062764 -0.024335 -4.442296 9.02e-06 5.044637 0.585452 0.746227 0 3 1938 ---
rs73227946 C A 0.012252 -0.043549 0.009803 -0.062764 -0.024335 -4.442296 9.02e-06 5.044637 0.585452 0.746227 0 3 1938 ---
rs141981579 T C 0.012444 -0.043549 0.009803 -0.062764 -0.024335 -4.442296 9.02e-06 5.044637 0.585452 0.746227 0 3 1938 ---
rs17259784 C G 0.06026 -0.021211 0.004776 -0.030572 -0.01185 -4.441311 9.06e-06 5.042651 0.331719 0.847165 0 3 1938 ---
rs335088 T C 0.546361 -0.0104 0.002345 -0.014997 -0.005804 -4.434836 9.34e-06 5.029614 0.410239 0.81455 0 3 1938 ---
rs76056092 C T 0.046157 -0.023592 0.00532 -0.034019 -0.013165 -4.434558 9.35e-06 5.029054 0.187436 0.910539 0 3 1938 ---
rs4696994 T A 0.487538 -0.010191 0.002299 -0.014696 -0.005685 -4.432848 9.43e-06 5.025614 3.001085 0.223009 0.333574 3 1938 ---
rs56371616 C A 0.221918 -0.015424 0.003485 -0.022255 -0.008594 -4.425837 9.74e-06 5.011522 0.206973 0.649151 0 2 1538 --?
rs6123405 G A 0.353601 -0.010513 0.002377 -0.015171 -0.005855 -4.423441 9.85e-06 5.006711 11.846045 0.002677 0.831167 3 1938 ---
rs72841048 G A 0.012683 -0.045861 0.010369 -0.066185 -0.025537 -4.422695 9.88e-06 5.005214 2.583333 0.274812 0.225806 3 1929 ---
rs12089857 C T 0.453684 -0.01241 0.002807 -0.017911 -0.006908 -4.421081 9.95e-06 5.001974 2.464271 0.116462 0.594201 2 1538 --?
