rs_number reference_allele other_allele eaf beta se beta_95L beta_95U z p-value -log10_p-value q_statistic q_p-value i2 n_studies n_samples effects
rs4940116 A T 0.0631 -0.078613 0.013602 -0.105273 -0.051953 -5.779506 7.69e-09 8.114026 0.337875 0.561058 0 2 278 --
rs4940119 C T 0.0631 -0.078613 0.013602 -0.105273 -0.051953 -5.779506 7.69e-09 8.114026 0.337875 0.561058 0 2 278 --
rs61389593 T G 0.0631 -0.078613 0.013602 -0.105273 -0.051953 -5.779506 7.69e-09 8.114026 0.337875 0.561058 0 2 278 --
rs74412851 G A 0.0631 -0.078613 0.013602 -0.105273 -0.051953 -5.779506 7.69e-09 8.114026 0.337875 0.561058 0 2 278 --
rs80150098 G A 0.0631 -0.078613 0.013602 -0.105273 -0.051953 -5.779506 7.69e-09 8.114026 0.337875 0.561058 0 2 278 --
rs77798245 C G 0.0631 -0.078613 0.013602 -0.105273 -0.051953 -5.779506 7.69e-09 8.114026 0.337875 0.561058 0 2 278 --
rs79468747 C T 0.0631 -0.078613 0.013602 -0.105273 -0.051953 -5.779506 7.69e-09 8.114026 0.337875 0.561058 0 2 278 --
rs75044140 G A 0.0631 -0.078613 0.013602 -0.105273 -0.051953 -5.779506 7.69e-09 8.114026 0.337875 0.561058 0 2 278 --
rs16953789 C T 0.0631 -0.078613 0.013602 -0.105273 -0.051953 -5.779506 7.69e-09 8.114026 0.337875 0.561058 0 2 278 --
rs316052 C A 0.271362 -0.042755 0.008055 -0.058544 -0.026967 -5.307717 1.13e-07 6.945275 0.125595 0.723044 0 2 278 --
rs672852 G C 0.270078 -0.042755 0.008055 -0.058544 -0.026967 -5.307717 1.13e-07 6.945275 0.125595 0.723044 0 2 278 --
rs545030 G T 0.271362 -0.042755 0.008055 -0.058544 -0.026967 -5.307717 1.13e-07 6.945275 0.125595 0.723044 0 2 278 --
rs6796131 C G 0.237465 0.040089 0.007622 0.02515 0.055028 5.259635 1.47e-07 6.831431 0.591639 0.441786 0 2 278 ++
rs76109921 T C 0.042645 0.086853 0.016855 0.053817 0.11989 5.152909 2.62e-07 6.582217 0.018001 0.893271 0 2 278 ++
rs115630276 T C 0.042645 0.086853 0.016855 0.053817 0.11989 5.152909 2.62e-07 6.582217 0.018001 0.893271 0 2 278 ++
rs11099229 T C 0.043946 0.085069 0.016642 0.052451 0.117688 5.111672 3.26e-07 6.487205 0.004188 0.948404 0 2 278 ++
rs116498101 C T 0.043946 0.085069 0.016642 0.052451 0.117688 5.111672 3.26e-07 6.487205 0.004188 0.948404 0 2 278 ++
rs2731690 T C 0.333312 0.035855 0.007086 0.021968 0.049743 5.060323 4.27e-07 6.369897 2.688331 0.101086 0.628022 2 278 ++
rs6104817 T C 0.240674 0.034597 0.006906 0.021062 0.048132 5.009898 5.55e-07 6.255777 2.741158 0.097794 0.635191 2 278 ++
rs6443816 T C 0.451937 0.031505 0.006299 0.019159 0.043851 5.001584 5.79e-07 6.237062 1.645032 0.199637 0.392109 2 278 ++
rs74690369 A G 0.041335 0.085695 0.017163 0.052056 0.119334 4.99309 6.05e-07 6.217975 0.008099 0.92829 0 2 278 ++
rs4645222 C T 0.041335 0.085695 0.017163 0.052056 0.119334 4.99309 6.05e-07 6.217975 0.008099 0.92829 0 2 278 ++
rs6109207 A C 0.24484 0.034481 0.006933 0.020893 0.048069 4.973674 6.69e-07 6.174454 2.231854 0.135192 0.551942 2 278 ++
rs11948561 T C 0.127909 -0.048085 0.009831 -0.067355 -0.028816 -4.891004 1.02e-06 5.990921 3.421914 0.064336 0.707766 2 278 --
rs13046756 T C 0.150083 -0.049276 0.010073 -0.069019 -0.029533 -4.891947 1.02e-06 5.992998 0.162088 0.687241 0 2 278 --
rs7640923 C T 0.09109 -0.058871 0.012043 -0.082476 -0.035266 -4.888277 1.04e-06 5.984916 0.108012 0.742419 0 2 278 --
rs9591919 G A 0.430286 0.033465 0.006866 0.020008 0.046921 4.874331 1.11e-06 5.954254 1.401396 0.23649 0.286426 2 278 ++
rs17114703 C G 0.04904 -0.06822 0.01402 -0.0957 -0.04074 -4.865728 1.16e-06 5.935379 5.054803 0.024558 0.802168 2 278 --
rs7523792 A G 0.344922 -0.033491 0.006926 -0.047066 -0.019917 -4.835815 1.35e-06 5.869992 2.628732 0.104946 0.619588 2 278 --
rs7710884 T C 0.129194 -0.04678 0.009699 -0.065789 -0.027771 -4.823435 1.44e-06 5.843042 3.810513 0.050932 0.737568 2 278 --
rs2276205 G A 0.113736 -0.047917 0.009942 -0.067404 -0.02843 -4.81954 1.46e-06 5.834575 1.523005 0.217165 0.343403 2 278 --
rs73208395 G A 0.089492 -0.057839 0.012019 -0.081396 -0.034282 -4.812306 1.52e-06 5.818868 0.036671 0.848136 0 2 278 --
rs2103293 A G 0.08819 -0.057839 0.012019 -0.081396 -0.034282 -4.812306 1.52e-06 5.818868 0.036671 0.848136 0 2 278 --
rs56236124 C A 0.300139 0.033421 0.00696 0.01978 0.047062 4.802126 1.6e-06 5.7968 2.134191 0.144046 0.531438 2 278 ++
rs7326948 A G 0.428916 0.032862 0.006855 0.019425 0.046299 4.79358 1.67e-06 5.778311 1.2393 0.265606 0.193093 2 278 ++
rs78319775 T C 0.047858 0.077914 0.016353 0.045862 0.109965 4.764551 1.92e-06 5.715727 0.043902 0.834036 0 2 278 ++
rs12282188 C T 0.07556 -0.062485 0.013181 -0.08832 -0.036651 -4.740675 2.17e-06 5.664517 4.26771 0.038843 0.765682 2 278 --
rs6551631 A G 0.298855 0.032969 0.006957 0.019334 0.046605 4.738967 2.18e-06 5.660864 2.300646 0.12932 0.565339 2 278 ++
rs6551632 T G 0.304077 0.032813 0.006937 0.019217 0.046409 4.730283 2.28e-06 5.642304 2.349926 0.125289 0.574455 2 278 ++
rs3892913 C T 0.02799 0.089269 0.018892 0.052241 0.126297 4.725222 2.34e-06 5.631502 0.51562 0.472716 0 2 278 ++
rs34727287 A G 0.028287 -0.093915 0.019888 -0.132896 -0.054933 -4.722072 2.37e-06 5.624783 0.740066 0.38964 0 2 278 --
rs605953 T G 0.404709 0.029844 0.006322 0.017452 0.042235 4.720488 2.39e-06 5.621407 12.543559 0.000398 0.920278 2 278 ++
rs759552 A G 0.229167 0.039214 0.008346 0.022856 0.055572 4.69854 2.66e-06 5.574728 0.053868 0.816464 0 2 278 ++
rs759553 C G 0.229167 0.039214 0.008346 0.022856 0.055572 4.69854 2.66e-06 5.574728 0.053868 0.816464 0 2 278 ++
rs6813884 G A 0.297485 0.032848 0.006995 0.019138 0.046558 4.696065 2.69e-06 5.569478 2.366085 0.123998 0.577361 2 278 ++
rs12154574 G A 0.234389 -0.038925 0.008313 -0.055218 -0.022631 -4.682326 2.88e-06 5.540373 0.073203 0.786729 0 2 278 --
rs78858067 G A 0.013344 -0.147395 0.031509 -0.209153 -0.085637 -4.677822 2.95e-06 5.53085 0.605804 0.436372 0 2 278 --
rs77450594 C G 0.013344 -0.147395 0.031509 -0.209153 -0.085637 -4.677822 2.95e-06 5.53085 0.605804 0.436372 0 2 278 --
rs78090782 A G 0.13952 -0.045013 0.009638 -0.063903 -0.026123 -4.670549 3.05e-06 5.51549 7.386302 0.006572 0.864614 2 278 --
rs2219343 C T 0.300139 0.032504 0.006962 0.018858 0.04615 4.668605 3.08e-06 5.511388 2.482727 0.115103 0.597217 2 278 ++
rs17048120 C T 0.0322 0.081316 0.017558 0.046902 0.115731 4.631207 3.69e-06 5.432783 0.009894 0.920767 0 2 278 ++
rs62569343 T G 0.026689 -0.103176 0.022288 -0.146861 -0.059492 -4.629213 3.73e-06 5.428608 0.008284 0.927481 0 2 278 --
rs2525801 G C 0.272008 -0.033476 0.007249 -0.047684 -0.019268 -4.617919 3.94e-06 5.404993 2.421231 0.119701 0.586987 2 278 --
rs12327543 C T 0.230451 0.038461 0.008347 0.022102 0.054821 4.607948 4.13e-06 5.384189 0.03642 0.848651 0 2 278 ++
rs6667706 T G 0.446056 0.02963 0.00647 0.016949 0.042311 4.57962 4.73e-06 5.325313 0.073247 0.786667 0 2 278 ++
rs520465 G A 0.211779 -0.039637 0.008658 -0.056606 -0.022668 -4.57817 4.76e-06 5.322306 0.52096 0.470433 0 2 278 --
rs520327 T G 0.211779 -0.039637 0.008658 -0.056606 -0.022668 -4.57817 4.76e-06 5.322306 0.52096 0.470433 0 2 278 --
rs1369019 A G 0.211779 -0.039637 0.008658 -0.056606 -0.022668 -4.57817 4.76e-06 5.322306 0.52096 0.470433 0 2 278 --
rs9440371 G C 0.211779 -0.039637 0.008658 -0.056606 -0.022668 -4.57817 4.76e-06 5.322306 0.52096 0.470433 0 2 278 --
rs4723523 A G 0.195923 -0.043178 0.009434 -0.061668 -0.024688 -4.57695 4.79e-06 5.319779 0.264219 0.607237 0 2 278 --
rs4723525 T C 0.195923 -0.043178 0.009434 -0.061668 -0.024688 -4.57695 4.79e-06 5.319779 0.264219 0.607237 0 2 278 --
rs6802811 A G 0.168404 -0.043142 0.009427 -0.061619 -0.024665 -4.576376 4.8e-06 5.318591 0.406209 0.5239 0 2 278 --
rs1076481 A G 0.226599 0.03829 0.00838 0.021866 0.054715 4.569386 4.96e-06 5.304123 0.032987 0.855878 0 2 278 ++
rs1943391 A G 0.226599 0.03829 0.00838 0.021866 0.054715 4.569386 4.96e-06 5.304123 0.032987 0.855878 0 2 278 ++
rs10897864 C G 0.070346 -0.061702 0.013512 -0.088185 -0.035219 -4.56655 5.03e-06 5.298259 4.552611 0.032869 0.780346 2 278 --
rs10964593 G A 0.370597 0.030372 0.006666 0.017307 0.043437 4.556357 5.28e-06 5.277211 7.079501 0.007797 0.858747 2 278 ++
rs56068452 A G 0.086881 -0.055215 0.012157 -0.079042 -0.031388 -4.541985 5.65e-06 5.247607 0.109835 0.740332 0 2 278 --
rs61402777 C T 0.086881 -0.055215 0.012157 -0.079042 -0.031388 -4.541985 5.65e-06 5.247607 0.109835 0.740332 0 2 278 --
rs58643807 T A 0.086881 -0.055215 0.012157 -0.079042 -0.031388 -4.541985 5.65e-06 5.247607 0.109835 0.740332 0 2 278 --
rs796992920 G A 0.086881 -0.055215 0.012157 -0.079042 -0.031388 -4.541985 5.65e-06 5.247607 0.109835 0.740332 0 2 278 --
rs9386139 A G 0.18673 -0.039504 0.0087 -0.056556 -0.022451 -4.540569 5.69e-06 5.244695 4.413321 0.035659 0.773413 2 278 --
rs10803586 C A 0.116063 -0.044656 0.009847 -0.063956 -0.025356 -4.534929 5.85e-06 5.233105 0.590155 0.442359 0 2 278 --
rs35186035 C T 0.163494 -0.041556 0.009171 -0.059531 -0.023582 -4.531479 5.94e-06 5.226022 0.358051 0.549591 0 2 278 --
rs56926687 C T 0.054978 0.064328 0.014228 0.036442 0.092215 4.521287 6.24e-06 5.205125 0.180407 0.671024 0 2 278 ++
rs1340602 A G 0.419632 0.030044 0.006649 0.017012 0.043076 4.518662 6.31e-06 5.199749 0.221168 0.638151 0 2 278 ++
rs1340601 C T 0.419632 0.030044 0.006649 0.017012 0.043076 4.518662 6.31e-06 5.199749 0.221168 0.638151 0 2 278 ++
rs12154267 C T 0.205396 -0.040507 0.008974 -0.058097 -0.022917 -4.513627 6.46e-06 5.189448 0.404771 0.524635 0 2 278 --
rs6535936 A C 0.179701 -0.040767 0.009051 -0.058507 -0.023028 -4.504291 6.76e-06 5.170374 1.370591 0.24171 0.270388 2 278 --
rs12361894 G T 0.122373 -0.045709 0.010151 -0.065606 -0.025813 -4.502758 6.8e-06 5.167246 4.983119 0.025596 0.799322 2 278 --
rs6591990 G A 0.122373 -0.045709 0.010151 -0.065606 -0.025813 -4.502758 6.8e-06 5.167246 4.983119 0.025596 0.799322 2 278 --
rs12137652 T C 0.230943 0.035363 0.007855 0.019967 0.05076 4.501787 6.83e-06 5.165264 0.067163 0.795513 0 2 277 ++
rs42303 G C 0.026392 -0.100774 0.022444 -0.144763 -0.056784 -4.490081 7.22e-06 5.141412 0.117686 0.731558 0 2 278 --
rs1198541 T C 0.450549 0.027346 0.006092 0.015407 0.039285 4.489202 7.25e-06 5.139622 15.224586 9.55e-05 0.934317 2 278 ++
rs4940117 C T 0.046854 -0.076155 0.016991 -0.109457 -0.042852 -4.482067 7.5e-06 5.125116 0.00079 0.97757 0 2 278 --
rs4940118 C T 0.046854 -0.076155 0.016991 -0.109457 -0.042852 -4.482067 7.5e-06 5.125116 0.00079 0.97757 0 2 278 --
rs80336385 A G 0.0293 0.081312 0.01821 0.045621 0.117003 4.465262 8.11e-06 5.091029 0.949304 0.329897 0 2 278 ++
rs77777803 C T 0.21159 0.036228 0.008119 0.020314 0.052141 4.461983 8.23e-06 5.084392 9.730992 0.001812 0.897236 2 278 ++
rs181659685 T C 0.096024 -0.055709 0.012487 -0.080183 -0.031236 -4.46153 8.25e-06 5.083474 4.690903 0.030323 0.786821 2 278 --
rs13047083 T C 0.096773 -0.053419 0.011978 -0.076896 -0.029942 -4.45969 8.32e-06 5.079753 0.930837 0.334646 0 2 278 --
rs13048676 C A 0.096773 -0.053419 0.011978 -0.076896 -0.029942 -4.45969 8.32e-06 5.079753 0.930837 0.334646 0 2 278 --
rs1565902 C T 0.48539 0.02904 0.006533 0.016235 0.041846 4.444839 8.92e-06 5.049763 0.058268 0.809254 0 2 278 ++
rs7005952 G A 0.147638 -0.042676 0.009604 -0.0615 -0.023852 -4.44346 8.97e-06 5.046982 0.005399 0.941424 0 2 278 --
rs7190638 G A 0.371772 -0.028745 0.006487 -0.041459 -0.016031 -4.431305 9.49e-06 5.02251 12.059133 0.000515 0.917075 2 278 --
rs17017238 C A 0.061501 0.061697 0.013944 0.034368 0.089027 4.424714 9.79e-06 5.009267 0.320889 0.571074 0 2 278 ++
rs565377 T C 0.071222 -0.060181 0.013602 -0.08684 -0.033521 -4.424506 9.8e-06 5.00885 1.292929 0.255509 0.226562 2 278 --
