rs_number reference_allele other_allele eaf beta se beta_95L beta_95U z p-value -log10_p-value q_statistic q_p-value i2 n_studies n_samples effects
rs10119 A G 0.336891 -0.016462 0.001023 -0.018467 -0.014457 -16.09007 3.35e-58 57.474406 12.422947 0.000424 0.919504 2 11212 --
rs34095326 A G 0.140309 -0.023465 0.001474 -0.026354 -0.020577 -15.922721 4.93e-57 56.307014 8.909131 0.002837 0.887756 2 11212 -+
rs75627662 T C 0.21925 -0.015605 0.001135 -0.017831 -0.01338 -13.74417 6.09e-43 42.215514 39.031905 4.17e-10 0.97438 2 12697 -+
rs429358 C T 0.16249 -0.019133 0.00155 -0.022172 -0.016095 -12.342553 5.83e-35 34.234193 1.546221 0.213694 0.353262 2 4213 --
rs112019714 C T 0.044776 -0.02853 0.002384 -0.033203 -0.023858 -11.967849 5.7e-33 32.244224 1.156122 0.282271 0.13504 2 12697 --
rs1081105 C A 0.043286 -0.028239 0.002418 -0.032978 -0.023501 -11.681092 1.73e-31 30.762265 0.181865 0.669776 0 2 12697 --
rs7259620 A G 0.408168 0.010669 0.000924 0.008857 0.01248 11.543863 8.6e-31 30.065616 2.34823 0.125425 0.574147 2 12696 ++
rs115881343 T C 0.042214 -0.028122 0.002455 -0.032934 -0.023311 -11.455326 2.4e-30 29.620464 0.886992 0.346294 0 2 12625 --
rs112849259 T C 0.040995 -0.028293 0.002481 -0.033156 -0.023429 -11.402239 4.41e-30 29.355176 1.985375 0.158825 0.496317 2 12692 --
rs77301115 A G 0.040937 -0.028113 0.002481 -0.032977 -0.023249 -11.329065 1.02e-29 28.991495 1.879382 0.170404 0.46791 2 12695 --
rs75687619 T G 0.040838 -0.028003 0.002483 -0.03287 -0.023136 -11.276854 1.85e-29 28.733413 1.730513 0.188345 0.422137 2 12696 --
rs116881820 C T 0.041137 -0.027807 0.002481 -0.032669 -0.022945 -11.209866 3.94e-29 28.404013 1.125066 0.28883 0.111163 2 12697 --
rs79398853 T C 0.040853 -0.027582 0.002488 -0.032458 -0.022706 -11.087486 1.56e-28 27.807227 1.043675 0.306968 0.041847 2 12693 --
rs114536010 T C 0.040747 -0.0276 0.002492 -0.032484 -0.022717 -11.076778 1.76e-28 27.755318 1.226304 0.268127 0.184541 2 12673 --
rs140480140 A G 0.044028 -0.026375 0.002391 -0.031061 -0.021688 -11.03049 2.94e-28 27.531491 0.668019 0.413743 0 2 12697 --
rs769449 A G 0.117023 -0.019648 0.001795 -0.023167 -0.01613 -10.944322 7.63e-28 27.117284 5.362861 0.02057 0.813532 2 4217 -+
rs150966173 T C 0.042107 -0.026633 0.002437 -0.031409 -0.021857 -10.93013 8.93e-28 27.049375 0.652754 0.41913 0 2 12627 --
rs41289512 G C 0.043806 -0.026403 0.002458 -0.031222 -0.021585 -10.739825 7.13e-27 26.147089 1.051249 0.30522 0.04875 2 12697 --
rs188535946 A G 0.042313 -0.025775 0.002425 -0.030528 -0.021021 -10.627586 2.39e-26 25.622251 0.865075 0.352323 0 2 12697 --
rs12721051 G C 0.181733 -0.015516 0.001488 -0.018432 -0.012599 -10.426739 2.01e-25 24.696627 0.722708 0.395257 0 2 4217 --
rs7256200 T G 0.135798 -0.017494 0.00168 -0.020786 -0.014201 -10.414471 2.29e-25 24.640652 20.709965 5.34e-06 0.951714 2 4217 -+
rs10414043 A G 0.135902 -0.017459 0.00168 -0.020751 -0.014167 -10.395173 2.8e-25 24.552728 21.151154 4.24e-06 0.952721 2 4217 -+
rs73052335 C A 0.127395 -0.01784 0.001727 -0.021226 -0.014454 -10.327952 5.65e-25 24.247729 7.20689 0.007262 0.861244 2 4217 -+
rs6857 T C 0.169429 -0.01549 0.00153 -0.018488 -0.012492 -10.126392 4.52e-24 23.344861 13.610881 0.000225 0.926529 2 4216 -+
rs56131196 A G 0.191726 -0.01443 0.001463 -0.017297 -0.011563 -9.865308 6.29e-23 22.201361 9.901593 0.001651 0.899006 2 4210 --
rs4420638 G A 0.192735 -0.014375 0.00146 -0.017236 -0.011514 -9.847795 7.49e-23 22.125704 10.973518 0.000924 0.908872 2 4210 --
rs157581 C T 0.296225 -0.012438 0.001293 -0.014973 -0.009903 -9.616567 7.26e-22 21.139201 1.295624 0.255014 0.228171 2 5302 --
rs438811 T C 0.309454 -0.012009 0.001276 -0.014509 -0.009509 -9.414214 5.07e-21 20.294758 1.855024 0.1732 0.460923 2 5302 --
rs184017 G T 0.290321 -0.01217 0.001296 -0.014709 -0.00963 -9.39369 6.16e-21 20.210093 0.279193 0.59723 0 2 5302 --
rs769450 A G 0.373478 0.008835 0.000943 0.006986 0.010683 9.36796 7.87e-21 20.104208 0.240309 0.623983 0 2 12697 ++
rs283811 G A 0.276943 -0.01195 0.001291 -0.014481 -0.00942 -9.256283 2.25e-20 19.647924 0.790663 0.3739 0 2 5302 --
rs484195 A G 0.335655 0.009815 0.001061 0.007734 0.011895 9.247754 2.44e-20 19.613299 0.000357 0.984933 0 2 10872 ++
rs11556505 T C 0.150064 -0.014793 0.001609 -0.017947 -0.011639 -9.193186 4.05e-20 19.392497 8.694099 0.003192 0.884979 2 4217 -+
rs12721046 A G 0.145936 -0.01503 0.001636 -0.018236 -0.011823 -9.186736 4.3e-20 19.366483 9.108767 0.002544 0.890216 2 4217 -+
rs111789331 A T 0.146936 -0.015 0.001633 -0.018201 -0.011799 -9.184549 4.39e-20 19.357666 9.088055 0.002573 0.889965 2 4217 -+
rs157595 A G 0.33549 0.009738 0.001061 0.007658 0.011818 9.176003 4.75e-20 19.323232 0.003776 0.951001 0 2 10872 ++
rs157594 T G 0.335642 0.009727 0.001061 0.007647 0.011808 9.165254 5.25e-20 19.27997 0.017904 0.893556 0 2 10872 ++
rs34878901 T C 0.380022 0.008556 0.000938 0.006719 0.010394 9.125619 7.57e-20 19.120871 0.256539 0.612508 0 2 12697 ++
rs34404554 G C 0.148609 -0.01473 0.001616 -0.017897 -0.011563 -9.116532 8.23e-20 19.08449 9.942064 0.001615 0.899417 2 4217 -+
rs12972156 G C 0.142123 -0.015047 0.001653 -0.018288 -0.011806 -9.100304 9.56e-20 19.019605 4.904745 0.026783 0.796116 2 4217 -+
rs12972970 A G 0.142123 -0.015047 0.001653 -0.018288 -0.011806 -9.100304 9.56e-20 19.019605 4.904745 0.026783 0.796116 2 4217 -+
rs2075650 G A 0.151553 -0.014571 0.001604 -0.017715 -0.011427 -9.082564 1.13e-19 18.948807 11.485041 0.000702 0.91293 2 4217 -+
rs118170342 C T 0.057039 -0.020482 0.002285 -0.024961 -0.016004 -8.963767 3.33e-19 18.478185 3.264945 0.070775 0.693716 2 10872 --
rs7412 T C 0.069967 0.015371 0.001716 0.012007 0.018734 8.955987 3.57e-19 18.447574 0.181889 0.669755 0 2 12680 ++
rs3925681 A G 0.365934 0.009231 0.001034 0.007206 0.011257 8.93116 4.47e-19 18.35007 5.781714 0.016194 0.827041 2 10872 ++
rs71352238 C T 0.144809 -0.01462 0.001648 -0.01785 -0.01139 -8.871902 7.61e-19 18.118411 6.427747 0.011235 0.844425 2 4217 -+
chr19:44909976:G:T T G 0.071237 0.015012 0.001697 0.011685 0.018338 8.845488 9.65e-19 18.015633 0.449731 0.502463 0 2 12697 ++
rs59325138 T C 0.351386 0.008466 0.000966 0.006573 0.01036 8.764314 1.99e-18 17.701666 0.68103 0.409232 0 2 12697 ++
rs1305062 C G 0.371745 0.008146 0.000942 0.0063 0.009991 8.649928 5.44e-18 17.264038 0.042463 0.83674 0 2 12697 ++
rs8106922 G A 0.352973 0.008247 0.000959 0.006368 0.010125 8.603723 8.15e-18 17.088853 0.063016 0.80179 0 2 12691 ++
rs34342646 A G 0.145943 -0.014015 0.001642 -0.017234 -0.010797 -8.536117 1.46e-17 16.834183 5.579771 0.018169 0.820781 2 4217 -+
rs2238681 T C 0.351541 0.008183 0.000961 0.0063 0.010067 8.51518 1.76e-17 16.755709 0.125464 0.723182 0 2 12697 ++
rs440446 C G 0.317006 0.008567 0.001016 0.006576 0.010558 8.432629 3.56e-17 16.448137 0.091368 0.762445 0 2 12297 ++
rs66626994 A G 0.157713 -0.013303 0.00158 -0.0164 -0.010206 -8.418303 4.03e-17 16.395059 23.703324 1.12e-06 0.957812 2 4217 -+
rs4803770 G C 0.335009 0.008354 0.001003 0.006388 0.010321 8.327617 8.69e-17 16.061104 3.301944 0.069198 0.697148 2 12297 ++
rs584007 A G 0.316499 0.008953 0.001082 0.006832 0.011074 8.272871 1.38e-16 15.861208 0.010524 0.91829 0 2 10866 ++
rs3826688 T C 0.317802 0.008941 0.001082 0.006821 0.011061 8.265042 1.47e-16 15.832725 0.0166 0.897482 0 2 10872 ++
rs4803772 T C 0.298876 0.008871 0.001087 0.00674 0.011002 8.158745 3.56e-16 15.448618 3.085964 0.07897 0.675952 2 10872 ++
rs12721056 T G 0.309669 0.008542 0.001077 0.006431 0.010654 7.930317 2.29e-15 14.63957 1.903955 0.167636 0.474778 2 10872 ++
rs78959900 A G 0.307305 0.008381 0.00108 0.006265 0.010497 7.762804 8.7e-15 14.060468 1.301849 0.253876 0.231862 2 10836 ++
chr19:44893408:G:T T G 0.222182 -0.010563 0.00137 -0.013249 -0.007878 -7.708554 1.33e-14 13.875499 18.651676 1.57e-05 0.946386 2 4215 -+
rs11668327 C G 0.147821 0.009613 0.001308 0.007049 0.012176 7.349595 2.07e-13 12.683299 0.000109 0.991669 0 2 12297 ++
rs3745150 C G 0.351163 0.006995 0.000965 0.005105 0.008886 7.251516 4.29e-13 12.367127 0.088858 0.765635 0 2 12697 ++
rs5117 C T 0.237444 -0.009695 0.001356 -0.012353 -0.007038 -7.151166 8.96e-13 12.047888 11.951555 0.000546 0.916329 2 4217 -+
rs190712692 A G 0.047393 0.015439 0.002235 0.011058 0.01982 6.907025 5.14e-12 11.289147 0.016543 0.89766 0 2 10872 ++
rs141622900 A G 0.048349 0.013977 0.002039 0.009982 0.017973 6.856297 7.33e-12 11.134683 0.142439 0.705868 0 2 12696 ++
rs7254133 T C 0.322885 -0.007351 0.001073 -0.009453 -0.005248 -6.853391 7.48e-12 11.125868 5.034376 0.024849 0.801366 2 10872 --
rs4803763 C G 0.264213 -0.007221 0.001061 -0.0093 -0.005141 -6.805152 1.05e-11 10.98006 3.101227 0.078233 0.677547 2 12697 --
rs2075649 G A 0.342433 0.0068 0.001002 0.004836 0.008764 6.786758 1.19e-11 10.924724 0.461308 0.497013 0 2 12297 ++
rs56317818 T C 0.275081 -0.006913 0.001034 -0.008939 -0.004887 -6.688523 2.34e-11 10.631629 4.384932 0.036258 0.771946 2 12697 --
rs12462573 A G 0.273721 -0.006917 0.001035 -0.008946 -0.004888 -6.68066 2.46e-11 10.608348 4.776086 0.028858 0.790624 2 12697 --
rs2972559 G C 0.271288 -0.006994 0.001047 -0.009046 -0.004941 -6.678922 2.49e-11 10.603203 2.104895 0.146828 0.524917 2 12697 --
rs71352239 T C 0.273804 0.007267 0.001112 0.005087 0.009447 6.534088 6.62e-11 10.179161 2.750251 0.097239 0.636397 2 10872 ++
rs35396326 G C 0.275781 -0.006755 0.001042 -0.008797 -0.004712 -6.482172 9.35e-11 10.029335 2.012898 0.155967 0.503204 2 12697 --
rs111784051 G T 0.037341 0.016791 0.002622 0.011653 0.02193 6.404751 1.56e-10 9.808032 0.058283 0.80923 0 2 10872 ++
rs61679753 A T 0.036339 0.016701 0.002656 0.011496 0.021906 6.288938 3.3e-10 9.481741 0.223779 0.636175 0 2 10872 ++
rs10410835 T C 0.467995 0.00565 0.000931 0.003824 0.007476 6.066017 1.35e-09 8.86971 6.981331 0.008236 0.856761 2 12297 +-
rs1160983 A G 0.03251 0.015694 0.002609 0.01058 0.020809 6.014331 1.86e-09 8.730817 0.017852 0.893711 0 2 12297 ++
rs2927468 A G 0.46965 0.005568 0.000932 0.003742 0.007394 5.977015 2.34e-09 8.631241 7.645109 0.005693 0.869197 2 12297 +-
rs60049679 C G 0.088444 -0.009659 0.001636 -0.012866 -0.006453 -5.904889 3.63e-09 8.440451 5.43346 0.019754 0.815955 2 12697 --
rs6733839 T C 0.397154 -0.005543 0.000939 -0.007384 -0.003702 -5.901798 3.7e-09 8.432323 0.771016 0.379903 0 2 12694 --
rs7254892 A G 0.043564 0.012632 0.002211 0.008299 0.016965 5.714095 1.13e-08 7.946372 0.746547 0.387572 0 2 12696 ++
rs10402271 G T 0.319291 -0.005641 0.000994 -0.007588 -0.003693 -5.677365 1.4e-08 7.853023 0.010401 0.918768 0 2 12694 --
rs10402524 C T 0.319635 -0.005604 0.000993 -0.007549 -0.003658 -5.645042 1.69e-08 7.771347 2.5e-05 0.996038 0 2 12697 --
rs73052307 C T 0.123756 0.007692 0.001363 0.005021 0.010363 5.645316 1.69e-08 7.772038 18.434955 1.76e-05 0.945755 2 12690 +-
rs5167 G T 0.375336 -0.005202 0.000936 -0.007037 -0.003366 -5.554797 2.85e-08 7.545642 0.460167 0.497546 0 2 12697 --
rs41290120 A G 0.034986 0.012984 0.002361 0.008356 0.017612 5.498676 3.92e-08 7.407017 0.066079 0.797134 0 2 12633 ++
rs4663105 C A 0.445657 -0.004954 0.00093 -0.006777 -0.003131 -5.327314 1.02e-07 6.991954 0.857047 0.354566 0 2 12697 --
rs58826447 A T 0.329259 -0.005167 0.00098 -0.007089 -0.003246 -5.270427 1.39e-07 6.8569 0.394476 0.529956 0 2 12697 --
rs58446550 A C 0.329259 -0.005167 0.00098 -0.007089 -0.003246 -5.270427 1.39e-07 6.8569 0.394476 0.529956 0 2 12697 --
rs58132661 T A 0.329259 -0.005166 0.00098 -0.007088 -0.003245 -5.269297 1.4e-07 6.85423 0.398274 0.527982 0 2 12697 --
rs10412413 T C 0.330654 -0.005155 0.00098 -0.007075 -0.003235 -5.262693 1.45e-07 6.838643 0.589758 0.442513 0 2 12697 --
rs2427384 A G 0.209044 0.005836 0.00111 0.003661 0.008012 5.258426 1.48e-07 6.828582 0.012646 0.910463 0 2 12697 ++
rs4803758 T G 0.330723 -0.005129 0.00098 -0.007048 -0.003209 -5.235631 1.68e-07 6.774962 0.575343 0.448144 0 2 12697 --
rs3021439 A G 0.308747 -0.00521 0.000998 -0.007166 -0.003254 -5.221799 1.81e-07 6.742533 4.092383 0.043077 0.755644 2 12697 -+
rs2927480 C G 0.297953 -0.005222 0.001018 -0.007216 -0.003228 -5.132087 2.92e-07 6.534152 4.496571 0.033963 0.777608 2 12697 -+
rs10405693 T C 0.320747 -0.005075 0.000991 -0.007016 -0.003133 -5.122665 3.07e-07 6.512463 1.873863 0.171033 0.466343 2 12696 --
rs7359852 C T 0.320133 -0.004991 0.000986 -0.006924 -0.003058 -5.059823 4.28e-07 6.368759 5.708372 0.016884 0.824819 2 12697 -+
rs10406338 C T 0.32442 -0.004922 0.000988 -0.006858 -0.002986 -4.984006 6.34e-07 6.197593 2.1119 0.146158 0.526493 2 12697 --
rs73045691 A G 0.316302 -0.004874 0.00098 -0.006795 -0.002952 -4.971419 6.77e-07 6.169409 1.274453 0.258933 0.21535 2 12697 --
rs111809714 C T 0.320024 -0.004826 0.000975 -0.006737 -0.002916 -4.951057 7.52e-07 6.123957 2.166976 0.141003 0.538527 2 12697 --
rs59859410 G A 0.320443 -0.004796 0.000975 -0.006707 -0.002885 -4.9193 8.84e-07 6.053418 1.690217 0.193572 0.40836 2 12697 --
rs9529176 C A 0.413223 -0.004651 0.000952 -0.006516 -0.002785 -4.88583 1.05e-06 5.979529 3.459298 0.062897 0.710924 2 12297 -+
rs4803762 A G 0.312903 -0.004842 0.000994 -0.006789 -0.002894 -4.873003 1.12e-06 5.951337 6.154601 0.013107 0.83752 2 12697 -+
rs12721111 T C 0.310744 -0.004787 0.000984 -0.006715 -0.002859 -4.865742 1.16e-06 5.93541 1.8189 0.177444 0.450217 2 12697 --
rs35336243 T A 0.320527 -0.004747 0.000976 -0.00666 -0.002833 -4.862612 1.18e-06 5.928551 1.675777 0.195486 0.403262 2 12697 --
rs406456 G A 0.398833 -0.004522 0.00093 -0.006345 -0.002698 -4.860026 1.19e-06 5.922885 2.754763 0.096965 0.636992 2 12697 --
rs449647 T A 0.18392 0.005673 0.001185 0.003351 0.007996 4.787878 1.71e-06 5.765989 18.319835 1.87e-05 0.945414 2 12697 +-
rs55923289 C T 0.119232 -0.006916 0.001447 -0.009752 -0.00408 -4.779328 1.79e-06 5.747539 10.187187 0.001414 0.901837 2 12696 -+
rs1023033 G A 0.393617 -0.0046 0.000963 -0.006487 -0.002713 -4.777517 1.8e-06 5.743636 1.896717 0.168446 0.472773 2 12297 -+
rs2006302 T G 0.273439 0.004803 0.001009 0.002827 0.00678 4.762416 1.94e-06 5.711138 0.00458 0.946043 0 2 12697 ++
rs11667241 C G 0.327097 -0.004665 0.00098 -0.006585 -0.002745 -4.761244 1.96e-06 5.708621 3.885039 0.048718 0.742602 2 12697 -+
rs34041051 C T 0.320821 -0.004649 0.000977 -0.006563 -0.002734 -4.759249 1.98e-06 5.704334 1.553999 0.212546 0.356499 2 12697 --
rs73048293 A G 0.308657 -0.004751 0.000999 -0.006708 -0.002793 -4.75683 2e-06 5.699141 10.400568 0.00126 0.903851 2 12690 -+
rs12462040 T C 0.092221 -0.007466 0.001572 -0.010547 -0.004384 -4.748168 2.09e-06 5.680564 2.8021 0.094141 0.643125 2 12697 --
rs12459575 A G 0.30842 -0.004741 0.000999 -0.0067 -0.002782 -4.743823 2.13e-06 5.671257 10.294289 0.001334 0.902859 2 12697 -+
rs9571711 T C 0.389657 -0.004555 0.000965 -0.006445 -0.002664 -4.722197 2.37e-06 5.625049 1.509327 0.219242 0.337453 2 12297 --
rs111302855 T A 0.042296 -0.01062 0.00225 -0.01503 -0.00621 -4.720284 2.39e-06 5.620973 0.137085 0.711196 0 2 12644 --
rs2004357 A G 0.094534 -0.007334 0.001554 -0.010379 -0.004288 -4.719735 2.4e-06 5.619803 3.839832 0.050049 0.739572 2 12697 -+
rs1048699 T C 0.090057 -0.007437 0.001586 -0.010546 -0.004329 -4.688945 2.79e-06 5.554386 2.353503 0.125002 0.575101 2 12696 --
rs78823375 G A 0.052736 -0.009596 0.002049 -0.013611 -0.005581 -4.684003 2.86e-06 5.543923 0.002704 0.958532 0 2 12644 --
rs7248421 T C 0.093119 -0.007323 0.001567 -0.010395 -0.004251 -4.672658 3.02e-06 5.519942 4.207452 0.040247 0.762326 2 12697 -+
rs75992634 T C 0.055495 -0.009244 0.001979 -0.013123 -0.005365 -4.67099 3.04e-06 5.516421 0.018372 0.892182 0 2 12697 --
rs74337004 T C 0.055185 0.009436 0.00202 0.005477 0.013396 4.671396 3.04e-06 5.517278 0.174511 0.676134 0 2 12697 ++
rs10401157 A G 0.090294 -0.007409 0.001587 -0.010519 -0.004299 -4.669089 3.07e-06 5.51241 3.732299 0.05337 0.732069 2 12697 -+
rs112784534 T G 0.316557 -0.004557 0.000977 -0.006472 -0.002642 -4.663397 3.16e-06 5.500407 0.457118 0.498974 0 2 12697 --
rs9529175 C T 0.404796 -0.004487 0.000964 -0.006378 -0.002597 -4.652623 3.33e-06 5.477725 1.21057 0.271219 0.173943 2 12292 --
rs28620490 T C 0.089785 -0.007398 0.00159 -0.010514 -0.004281 -4.65223 3.34e-06 5.476898 3.4367 0.063763 0.709023 2 12697 -+
rs74846209 T G 0.090657 -0.007349 0.001583 -0.010452 -0.004245 -4.641614 3.51e-06 5.454599 2.799897 0.09427 0.642844 2 12697 -+
rs12599689 C T 0.024657 -0.013357 0.002881 -0.019004 -0.007709 -4.635611 3.61e-06 5.442008 0.934864 0.333602 0 2 12691 --
rs112391061 A G 0.31675 -0.00453 0.000977 -0.006445 -0.002614 -4.635487 3.62e-06 5.441749 0.411352 0.521284 0 2 12697 --
rs78448597 C G 0.052558 -0.009482 0.002051 -0.013502 -0.005463 -4.623486 3.83e-06 5.416627 0.004229 0.948151 0 2 12644 --
rs10405086 T C 0.090262 -0.007334 0.001588 -0.010446 -0.004222 -4.619103 3.91e-06 5.407466 3.356502 0.06694 0.702071 2 12697 -+
rs3852860 T C 0.395733 0.004273 0.000925 0.002459 0.006086 4.618283 3.93e-06 5.405754 0.071984 0.788469 0 2 12697 ++
rs3852861 T G 0.395892 0.004269 0.000924 0.002457 0.006081 4.618281 3.93e-06 5.40575 0.11573 0.733713 0 2 12697 ++
rs4803761 G A 0.317232 -0.004571 0.00099 -0.006512 -0.00263 -4.615978 3.97e-06 5.400941 5.318537 0.0211 0.811978 2 12697 -+
rs13192105 T C 0.048902 0.009751 0.002114 0.005608 0.013893 4.613581 4.02e-06 5.395938 0.360211 0.548389 0 2 12696 ++
rs113321260 A G 0.09548 -0.00715 0.00155 -0.010188 -0.004111 -4.611875 4.05e-06 5.392379 2.346411 0.125572 0.573817 2 12697 --
rs8103315 A C 0.120982 -0.006585 0.001429 -0.009385 -0.003784 -4.608714 4.11e-06 5.385787 11.744641 0.00061 0.914855 2 12694 -+
rs754366 A G 0.092608 -0.007235 0.001571 -0.010315 -0.004156 -4.604885 4.19e-06 5.377807 4.300239 0.038107 0.767455 2 12697 -+
rs9317635 T C 0.402585 -0.004424 0.000961 -0.006308 -0.00254 -4.603234 4.22e-06 5.374369 1.377112 0.240594 0.273843 2 12297 --
rs10501609 C G 0.053127 -0.0093 0.002021 -0.013262 -0.005338 -4.600881 4.27e-06 5.369471 0.072047 0.78838 0 2 12697 --
rs3894654 T A 0.055472 -0.009098 0.001979 -0.012977 -0.005219 -4.597 4.35e-06 5.361396 0.033876 0.853971 0 2 12697 --
rs9540991 C T 0.403228 -0.00442 0.000962 -0.006305 -0.002535 -4.595627 4.38e-06 5.358541 1.374193 0.241093 0.2723 2 12297 --
rs10415074 C G 0.320522 0.004594 0.001 0.002634 0.006554 4.594695 4.4e-06 5.356603 1.563876 0.211099 0.360563 2 12297 ++
rs1114831 A C 0.092136 -0.007225 0.001574 -0.01031 -0.004141 -4.591042 4.48e-06 5.349012 4.208047 0.040233 0.76236 2 12697 -+
rs3208856 T C 0.031676 0.011546 0.002515 0.006616 0.016475 4.590566 4.49e-06 5.348022 0.008701 0.925681 0 2 12683 ++
rs9571712 G A 0.405301 -0.004414 0.000962 -0.0063 -0.002529 -4.589606 4.51e-06 5.34603 1.69796 0.192555 0.411058 2 12278 --
rs2313152 C T 0.234318 0.0049 0.001068 0.002806 0.006993 4.586661 4.57e-06 5.339914 0.080774 0.776251 0 2 12695 ++
rs34545713 T C 0.093907 -0.007156 0.001561 -0.010216 -0.004096 -4.584135 4.63e-06 5.334673 4.989118 0.025507 0.799564 2 12697 -+
rs144881973 G T 0.055 -0.009125 0.001994 -0.013033 -0.005218 -4.577366 4.78e-06 5.32064 0.00051 0.981983 0 2 12697 --
rs2972558 C T 0.301653 0.004893 0.00107 0.002796 0.006991 4.572171 4.9e-06 5.309885 0.802368 0.370386 0 2 10872 ++
rs17121072 A G 0.020069 0.014765 0.003236 0.008422 0.021107 4.562481 5.13e-06 5.289852 2.338132 0.126241 0.572308 2 12697 ++
rs75470066 A G 0.036007 -0.011283 0.002473 -0.016131 -0.006435 -4.561981 5.14e-06 5.28882 0.605298 0.436564 0 2 12697 --
rs2927481 A C 0.330903 -0.004451 0.000977 -0.006366 -0.002535 -4.554711 5.32e-06 5.273817 3.114604 0.077593 0.678932 2 12697 --
rs139671094 A G 0.05298 -0.009221 0.002028 -0.013196 -0.005245 -4.546011 5.55e-06 5.255892 0.084211 0.77167 0 2 12697 --
rs78273125 T A 0.089884 -0.007223 0.00159 -0.010339 -0.004106 -4.542897 5.63e-06 5.249484 3.647228 0.056163 0.725819 2 12697 -+
rs73045696 C G 0.316843 -0.004443 0.000978 -0.00636 -0.002526 -4.542399 5.64e-06 5.24846 0.480914 0.488008 0 2 12697 --
rs9529177 T C 0.427836 -0.004311 0.00095 -0.006174 -0.002448 -4.536149 5.81e-06 5.235611 6.685329 0.009721 0.850419 2 12297 -+
rs2927482 G A 0.311246 0.004524 0.000998 0.002568 0.006481 4.532472 5.91e-06 5.22806 1.623404 0.202618 0.384011 2 12297 ++
rs7973993 A G 0.1123 0.006508 0.00144 0.003686 0.00933 4.52058 6.26e-06 5.203677 0.231466 0.630439 0 2 12694 ++
rs17480539 T C 0.04856 0.009558 0.002116 0.00541 0.013706 4.516694 6.37e-06 5.195722 0.311362 0.576846 0 2 12697 ++
rs113330691 A G 0.031571 0.011358 0.002517 0.006426 0.016291 4.513246 6.48e-06 5.18867 0.014609 0.903796 0 2 12696 ++
rs2427379 C T 0.234367 0.004821 0.001068 0.002727 0.006915 4.513014 6.48e-06 5.188193 0.100331 0.751433 0 2 12687 ++
rs10223066 G A 0.278248 0.004684 0.001038 0.002649 0.006718 4.512542 6.5e-06 5.187229 0.536225 0.464001 0 2 12697 ++
rs149939421 T C 0.030704 -0.011567 0.002563 -0.016591 -0.006543 -4.512467 6.5e-06 5.187076 0.012797 0.909932 0 2 12697 --
rs9529173 T C 0.406279 -0.004337 0.000963 -0.006224 -0.002451 -4.506343 6.69e-06 5.174564 2.461248 0.116686 0.593702 2 12297 -+
rs1922262 A G 0.112151 0.006477 0.00144 0.003655 0.009299 4.498778 6.93e-06 5.159128 0.233262 0.629115 0 2 12697 ++
rs55910626 G C 0.255495 0.004771 0.001061 0.002691 0.006852 4.495556 7.04e-06 5.152561 0.288099 0.591441 0 2 12297 ++
rs9540973 G C 0.376048 -0.004251 0.000946 -0.006106 -0.002396 -4.491969 7.16e-06 5.145255 1.367965 0.242162 0.268987 2 12697 --
rs118147862 A G 0.03159 0.010954 0.00244 0.006171 0.015737 4.489218 7.25e-06 5.139656 0.0729 0.78716 0 2 12644 ++
rs112266882 T G 0.044162 -0.009812 0.002186 -0.014097 -0.005528 -4.488613 7.27e-06 5.138425 0.148069 0.700387 0 2 12644 --
rs9540978 C T 0.408057 -0.004304 0.000961 -0.006187 -0.002421 -4.480497 7.55e-06 5.121926 2.819074 0.09315 0.645274 2 12297 -+
rs11257015 C T 0.227694 0.00508 0.001134 0.002858 0.007303 4.479763 7.58e-06 5.120435 0.598185 0.439271 0 2 12297 ++
rs2325020 G A 0.4078 -0.004183 0.000935 -0.006015 -0.002351 -4.475108 7.74e-06 5.110985 2.646218 0.103797 0.622102 2 12697 --
rs909134 C T 0.3505 -0.004448 0.000995 -0.006397 -0.002498 -4.471852 7.86e-06 5.104382 3.637472 0.056493 0.725084 2 12297 --
rs1323903 C T 0.407991 -0.004178 0.000935 -0.00601 -0.002346 -4.469284 7.96e-06 5.099177 2.72015 0.099089 0.632373 2 12670 --
rs28469095 C T 0.090811 -0.007065 0.001582 -0.010165 -0.003965 -4.467077 8.04e-06 5.094703 1.667623 0.196577 0.400344 2 12697 --
rs1081106 C T 0.06784 0.008602 0.001927 0.004825 0.012379 4.46373 8.17e-06 5.087927 0.000552 0.98126 0 2 10872 ++
rs10130047 A C 0.423214 -0.004053 0.000909 -0.005836 -0.002271 -4.456858 8.43e-06 5.074026 0.073179 0.786763 0 2 12697 --
rs1922263 A C 0.111962 0.006415 0.00144 0.003593 0.009237 4.455527 8.49e-06 5.071337 0.254023 0.614257 0 2 12694 ++
rs3786505 G A 0.352542 -0.004292 0.000964 -0.006181 -0.002404 -4.45432 8.53e-06 5.068898 1.319803 0.250627 0.242311 2 12676 --
rs2075619 G A 0.350447 -0.00443 0.000995 -0.00638 -0.00248 -4.453746 8.56e-06 5.067739 3.794174 0.051431 0.736438 2 12293 --
rs9529172 C T 0.386403 -0.00433 0.000973 -0.006237 -0.002424 -4.452141 8.62e-06 5.064497 0.493864 0.482209 0 2 12297 --
rs11112074 A T 0.112401 0.006406 0.001439 0.003586 0.009227 4.451775 8.63e-06 5.063757 0.232181 0.629911 0 2 12697 ++
rs260150 T C 0.415874 -0.004135 0.000929 -0.005956 -0.002314 -4.450933 8.67e-06 5.062057 3.497551 0.06146 0.714086 2 12694 -+
rs17643262 A G 0.091646 -0.007013 0.001576 -0.010101 -0.003924 -4.450018 8.71e-06 5.06021 5.457802 0.019481 0.816776 2 12689 -+
rs10861224 C G 0.112376 0.006398 0.001439 0.003578 0.009219 4.446129 8.86e-06 5.052364 0.238172 0.625529 0 2 12697 ++
rs12974942 T A 0.43005 -0.004135 0.00093 -0.005958 -0.002312 -4.445825 8.88e-06 5.051751 1.341617 0.246749 0.254631 2 12697 --
rs10016808 G A 0.278763 -0.004849 0.001091 -0.006987 -0.002711 -4.445512 8.89e-06 5.051118 0.9024 0.342139 0 2 12297 --
rs1005451 C T 0.253968 -0.004715 0.001061 -0.006793 -0.002636 -4.444938 8.91e-06 5.049962 3.824556 0.050507 0.738532 2 12681 --
rs155016 T G 0.415484 -0.004122 0.000929 -0.005943 -0.002301 -4.437476 9.23e-06 5.034926 3.813592 0.050838 0.73778 2 12697 -+
rs10401823 G C 0.091595 -0.006997 0.001578 -0.010089 -0.003905 -4.434996 9.33e-06 5.029935 5.341061 0.020829 0.812771 2 12697 -+
rs9540972 T C 0.408492 -0.004129 0.000933 -0.005957 -0.002301 -4.427445 9.67e-06 5.014753 2.937736 0.086532 0.659602 2 12697 --
rs111778647 A G 0.044502 -0.009572 0.002164 -0.013813 -0.00533 -4.422766 9.88e-06 5.005358 0.001684 0.967266 0 2 12697 --
rs55675376 T C 0.255296 0.004693 0.001061 0.002612 0.006773 4.4212 9.95e-06 5.002213 0.268203 0.60454 0 2 12297 ++
