rs_number reference_allele other_allele eaf beta se beta_95L beta_95U z p-value -log10_p-value q_statistic q_p-value i2 n_studies n_samples effects
rs17252816 A C 0.160314 -0.01148 0.002387 -0.016158 -0.006801 -4.809583 1.54e-06 5.81296 4.922573 0.026508 0.796854 2 12145 --
rs1343261 T C 0.177223 -0.010906 0.002303 -0.01542 -0.006391 -4.734868 2.23e-06 5.6521 0.410415 0.521759 0 2 12145 --
rs73195448 G A 0.075215 0.011993 0.002556 0.006983 0.017002 4.691972 2.75e-06 5.560799 0.157496 0.691472 0 2 12676 ++
rs4906795 A G 0.083122 0.015276 0.003269 0.008869 0.021684 4.673014 3.02e-06 5.520694 0.689723 0.406259 0 2 5510 ++
rs6623773 A G 0.178656 -0.010616 0.002277 -0.015078 -0.006153 -4.662777 3.17e-06 5.499099 1.228154 0.267766 0.18577 2 12531 --
rs10852916 A G 0.392936 0.00664 0.001439 0.003819 0.009461 4.612798 4.03e-06 5.394304 4.327186 0.037508 0.768903 2 12413 ++
rs12218142 G T 0.027775 -0.020096 0.004382 -0.028685 -0.011507 -4.585924 4.59e-06 5.338386 0.258798 0.610947 0 2 12770 --
rs13249197 T G 0.237247 0.007487 0.001635 0.004281 0.010692 4.577609 4.77e-06 5.321145 2.042524 0.152956 0.51041 2 12766 ++
rs146274291 T A 0.160973 -0.01079 0.00236 -0.015416 -0.006165 -4.57198 4.9e-06 5.30949 5.679402 0.017165 0.823925 2 12531 --
rs6617261 T G 0.174005 -0.010467 0.00229 -0.014954 -0.005979 -4.571326 4.92e-06 5.308137 0.648753 0.420559 0 2 12531 --
rs148234349 T C 0.16083 -0.010765 0.00236 -0.01539 -0.00614 -4.561912 5.14e-06 5.288676 5.216247 0.022377 0.808291 2 12531 --
rs6617260 A C 0.174725 -0.010433 0.002289 -0.014919 -0.005946 -4.558068 5.24e-06 5.280742 1.232984 0.266828 0.188959 2 12531 --
rs140299410 A G 0.160906 -0.010744 0.00236 -0.01537 -0.006119 -4.552539 5.38e-06 5.269339 5.489135 0.019135 0.817822 2 12531 --
rs5969000 A G 0.185319 -0.010325 0.002268 -0.014771 -0.005879 -4.551973 5.39e-06 5.268172 0.59153 0.441828 0 2 12145 --
rs147115952 G T 0.161171 -0.010729 0.00236 -0.015355 -0.006103 -4.546082 5.55e-06 5.256037 5.706216 0.016905 0.824753 2 12531 --
rs10828194 C A 0.026957 -0.020038 0.00441 -0.028681 -0.011396 -4.544344 5.59e-06 5.25246 0.562174 0.453386 0 2 12770 --
rs11996411 T C 0.237277 0.007429 0.001635 0.004224 0.010635 4.542516 5.64e-06 5.248699 2.101636 0.147142 0.52418 2 12770 ++
rs73546856 C T 0.237583 0.007416 0.001634 0.004214 0.010618 4.538907 5.74e-06 5.24128 1.953334 0.162228 0.488055 2 12770 ++
rs142660293 C T 0.161116 -0.010702 0.002359 -0.015326 -0.006079 -4.537028 5.79e-06 5.237417 5.242831 0.022037 0.809263 2 12531 --
rs10828195 G C 0.027032 -0.019973 0.004409 -0.028614 -0.011332 -4.530301 5.98e-06 5.223605 0.521618 0.470152 0 2 12770 --
rs148413936 G C 0.161007 -0.01069 0.00236 -0.015315 -0.006064 -4.529474 6e-06 5.221907 5.51262 0.01888 0.818598 2 12531 --
rs6623764 G A 0.166316 -0.010552 0.002331 -0.015121 -0.005984 -4.527289 6.06e-06 5.217425 2.396642 0.121596 0.582749 2 12531 --
rs144840109 T C 0.160956 -0.010671 0.00236 -0.015297 -0.006045 -4.521502 6.23e-06 5.205564 5.468576 0.019361 0.817137 2 12531 --
rs142075149 T C 0.161345 -0.010646 0.00236 -0.015272 -0.00602 -4.510859 6.55e-06 5.18379 5.531609 0.018676 0.819221 2 12531 --
rs8073531 C G 0.394059 0.006493 0.001441 0.00367 0.009317 4.507581 6.65e-06 5.177092 2.909274 0.088072 0.656272 2 12413 ++
rs6623774 G A 0.177854 -0.010244 0.002278 -0.014708 -0.005779 -4.497192 6.98e-06 5.155894 0.497475 0.480612 0 2 12531 --
rs5968999 T C 0.188113 -0.010168 0.002261 -0.0146 -0.005736 -4.496658 7e-06 5.154806 0.697869 0.403501 0 2 12145 --
rs75669717 T C 0.086184 0.011837 0.002633 0.006677 0.016997 4.495976 7.02e-06 5.153417 0.25673 0.612375 0 2 10983 ++
rs8074657 T C 0.394159 0.006473 0.001441 0.00365 0.009296 4.493496 7.11e-06 5.148364 2.923239 0.087312 0.657914 2 12413 ++
rs12687284 G C 0.177906 -0.010211 0.002277 -0.014674 -0.005749 -4.48474 7.4e-06 5.130548 0.542517 0.461391 0 2 12531 --
rs1961210 G A 0.17816 -0.010267 0.002293 -0.014762 -0.005772 -4.47684 7.68e-06 5.1145 1.459565 0.226999 0.314864 2 12531 --
rs6623768 A C 0.177059 -0.010214 0.002283 -0.014688 -0.00574 -4.474821 7.76e-06 5.110403 0.847798 0.357176 0 2 12531 --
rs112033124 A C 0.178053 -0.010262 0.002295 -0.01476 -0.005765 -4.472494 7.84e-06 5.105684 1.565971 0.210793 0.361419 2 12531 --
rs139379602 G A 0.160896 -0.010554 0.002362 -0.015183 -0.005926 -4.469206 7.96e-06 5.099018 4.785804 0.028695 0.791049 2 12531 --
rs147134873 G A 0.161908 -0.010531 0.002358 -0.015153 -0.005909 -4.465933 8.08e-06 5.092388 5.968369 0.014565 0.83245 2 12531 --
rs143273504 T G 0.161195 -0.010537 0.002362 -0.015167 -0.005907 -4.4602 8.3e-06 5.080783 4.849428 0.027655 0.79379 2 12531 --
rs150833343 A G 0.160778 -0.010533 0.002362 -0.015162 -0.005904 -4.460141 8.3e-06 5.080664 5.315641 0.021135 0.811876 2 12531 --
rs138695197 C T 0.161872 -0.010513 0.002358 -0.015135 -0.005891 -4.458137 8.38e-06 5.076612 5.800991 0.016017 0.827616 2 12531 --
rs2092455 T C 0.168961 -0.01031 0.002313 -0.014844 -0.005776 -4.456936 8.43e-06 5.074184 2.886267 0.089338 0.653532 2 12531 --
rs12455173 C T 0.161511 0.00836 0.001877 0.004682 0.012039 4.455255 8.5e-06 5.070787 0.318799 0.57233 0 2 12770 ++
rs41300151 A C 0.160877 -0.010512 0.002361 -0.015139 -0.005885 -4.453015 8.58e-06 5.066262 5.324441 0.021028 0.812187 2 12531 --
rs1291763 T C 0.168663 -0.010285 0.002313 -0.014818 -0.005751 -4.446369 8.85e-06 5.052848 2.564485 0.109288 0.610058 2 12530 --
rs17325592 G C 0.160768 -0.010494 0.002361 -0.015122 -0.005866 -4.444271 8.94e-06 5.048616 4.608865 0.031807 0.783027 2 12531 --
rs12365709 A G 0.05777 0.012947 0.002914 0.007236 0.018659 4.443299 8.98e-06 5.046657 4.57906 0.032365 0.781615 2 12770 +-
rs2369242 A G 0.168665 -0.010264 0.002315 -0.014802 -0.005727 -4.434165 9.37e-06 5.028263 2.343128 0.125837 0.57322 2 12531 --
rs4297195 A G 0.168665 -0.010264 0.002315 -0.014802 -0.005727 -4.434165 9.37e-06 5.028263 2.343128 0.125837 0.57322 2 12531 --
rs2369243 A G 0.168524 -0.010242 0.002316 -0.014781 -0.005703 -4.422701 9.88e-06 5.005225 2.349413 0.12533 0.574362 2 12531 --
