rs_number reference_allele other_allele eaf beta se beta_95L beta_95U z p-value -log10_p-value q_statistic q_p-value i2 n_studies n_samples effects
rs10119 A G 0.419874 -0.023048 0.002471 -0.027892 -0.018203 -9.325408 1.18e-20 19.929717 5.386594 0.067658 0.628708 3 3053 ---
rs34095326 A G 0.197722 -0.02634 0.003046 -0.03231 -0.020371 -8.647925 5.54e-18 17.256424 1.89811 0.387107 0 3 3053 ---
rs75627662 T C 0.293063 -0.022412 0.002647 -0.027599 -0.017225 -8.468046 2.63e-17 16.579738 12.481422 0.001948 0.839762 3 3053 ---
rs429358 C T 0.241501 -0.045992 0.005947 -0.057649 -0.034335 -7.733099 1.1e-14 13.959032 6.588829 0.010262 0.848228 2 686 -?-
rs12721051 G C 0.271777 -0.040666 0.005678 -0.051794 -0.029537 -7.162181 8.27e-13 12.082718 7.943968 0.004825 0.874118 2 688 -?-
rs56131196 A G 0.269411 -0.040883 0.005709 -0.052072 -0.029694 -7.161455 8.31e-13 12.080421 8.401037 0.00375 0.880967 2 685 -?-
rs4420638 G A 0.271211 -0.040713 0.005686 -0.051858 -0.029568 -7.160004 8.4e-13 12.075829 7.773478 0.005302 0.871357 2 684 -?-
rs7412 T C 0.047666 0.038265 0.005423 0.027635 0.048895 7.055503 1.79e-12 11.747558 2.018534 0.364486 0.009182 3 3049 +++
rs6857 T C 0.260611 -0.040027 0.005725 -0.051248 -0.028805 -6.99116 2.83e-12 11.547751 5.7522 0.016468 0.826153 2 688 -?-
chr19:44909976:G:T T G 0.047913 0.037011 0.005419 0.026391 0.047631 6.830393 8.79e-12 11.056231 2.127898 0.34509 0.060105 3 3053 +++
rs769449 A G 0.198708 -0.0439 0.00651 -0.05666 -0.031139 -6.742989 1.61e-11 10.793627 7.690927 0.00555 0.869977 2 688 -?-
rs10414043 A G 0.202086 -0.043314 0.006481 -0.056016 -0.030612 -6.683677 2.41e-11 10.617276 8.015406 0.004638 0.87524 2 688 -?-
rs7256200 T G 0.202086 -0.043314 0.006481 -0.056016 -0.030612 -6.683677 2.41e-11 10.617276 8.015406 0.004638 0.87524 2 688 -?-
rs73052335 C A 0.211571 -0.041486 0.006332 -0.053896 -0.029075 -6.551628 5.89e-11 10.23004 5.582767 0.018138 0.820877 2 688 -?-
rs12721046 A G 0.228706 -0.038071 0.006113 -0.050052 -0.026089 -6.227817 4.88e-10 9.311834 8.050511 0.004549 0.875784 2 688 -?-
rs66626994 A G 0.227994 -0.038092 0.006146 -0.050138 -0.026045 -6.197665 5.91e-10 9.2286 8.229492 0.004122 0.878486 2 688 -?-
rs111789331 A T 0.228706 -0.037785 0.006135 -0.04981 -0.02576 -6.158721 7.56e-10 9.121668 7.80499 0.00521 0.871877 2 688 -?-
rs141622900 A G 0.032121 0.041307 0.006762 0.028054 0.05456 6.108893 1.03e-09 8.985788 0.905485 0.635882 0 3 3053 +++
rs1160985 T C 0.354078 0.014841 0.002517 0.009908 0.019774 5.897027 3.8e-09 8.419789 9.150189 0.010305 0.781425 3 3053 ++-
rs1038025 C T 0.354156 0.014798 0.002516 0.009867 0.01973 5.881391 4.18e-09 8.378769 9.101464 0.010559 0.780255 3 3053 ++-
rs760136 G A 0.354078 0.014802 0.002517 0.009868 0.019736 5.879905 4.22e-09 8.374875 9.107746 0.010526 0.780407 3 3053 ++-
rs741780 C T 0.354078 0.014802 0.002517 0.009868 0.019736 5.879905 4.22e-09 8.374875 9.107746 0.010526 0.780407 3 3053 ++-
rs3925681 A G 0.337303 0.016438 0.0028 0.010949 0.021927 5.869591 4.49e-09 8.347882 0.6754 0.411175 0 2 2671 ++?
rs1038026 G A 0.354543 0.014778 0.002518 0.009842 0.019713 5.868747 4.51e-09 8.345676 9.081962 0.010663 0.779783 3 3053 ++-
rs2075650 G A 0.219585 -0.035913 0.006162 -0.04799 -0.023836 -5.828258 5.75e-09 8.240158 6.577612 0.010327 0.847969 2 688 -?-
rs34404554 G C 0.219585 -0.035913 0.006162 -0.04799 -0.023836 -5.828258 5.75e-09 8.240158 6.577612 0.010327 0.847969 2 688 -?-
rs11556505 T C 0.219585 -0.035913 0.006162 -0.04799 -0.023836 -5.828258 5.75e-09 8.240158 6.577612 0.010327 0.847969 2 688 -?-
rs12972156 G C 0.223008 -0.035727 0.006135 -0.047752 -0.023702 -5.823266 5.93e-09 8.227195 5.123276 0.023607 0.804812 2 688 -?-
rs12972970 A G 0.223008 -0.035727 0.006135 -0.047752 -0.023702 -5.823266 5.93e-09 8.227195 5.123276 0.023607 0.804812 2 688 -?-
rs7259620 A G 0.351763 0.014669 0.00252 0.00973 0.019607 5.821964 5.97e-09 8.223817 9.554383 0.00842 0.790672 3 3053 ++-
rs184017 G T 0.292517 -0.032352 0.005567 -0.043263 -0.021441 -5.811572 6.36e-09 8.196873 9.366389 0.00221 0.893235 2 688 -?-
rs157581 C T 0.293229 -0.032309 0.005571 -0.043228 -0.021391 -5.799919 6.81e-09 8.166717 9.326205 0.002259 0.892775 2 688 -?-
rs157582 T C 0.293229 -0.032309 0.005571 -0.043228 -0.021391 -5.799919 6.81e-09 8.166717 9.326205 0.002259 0.892775 2 688 -?-
rs71352238 C T 0.222296 -0.035658 0.006156 -0.047724 -0.023592 -5.79229 7.13e-09 8.147002 6.634195 0.010004 0.849266 2 688 -?-
rs283815 G A 0.292127 -0.032236 0.005574 -0.043161 -0.02131 -5.78305 7.53e-09 8.123162 9.512504 0.002041 0.894875 2 685 -?-
chr19:44893408:G:T T G 0.283088 -0.032357 0.005608 -0.043348 -0.021366 -5.770122 8.13e-09 8.089861 10.726541 0.001056 0.906773 2 688 -?-
rs484195 A G 0.31691 0.016541 0.002895 0.010867 0.022215 5.713933 1.13e-08 7.94596 1.636672 0.200783 0.389004 2 2671 ++?
rs157594 T G 0.31665 0.016471 0.002899 0.010789 0.022153 5.681725 1.37e-08 7.864074 1.624721 0.202435 0.38451 2 2671 ++?
rs157595 A G 0.316207 0.01635 0.002896 0.010673 0.022027 5.644984 1.69e-08 7.771199 1.65643 0.198086 0.396292 2 2671 ++?
rs449647 T A 0.14218 0.019398 0.003464 0.012608 0.026188 5.599366 2.2e-08 7.65668 4.733874 0.093768 0.577513 3 3053 +++
rs190712692 A G 0.030613 0.042557 0.007695 0.027476 0.057639 5.530877 3.26e-08 7.486395 1.078196 0.299101 0.072525 2 2671 ++?
rs283811 G A 0.293941 -0.030644 0.005568 -0.041557 -0.01973 -5.503589 3.81e-08 7.419101 9.108205 0.002545 0.890209 2 688 -?-
rs34342646 A G 0.225774 -0.033707 0.006137 -0.045737 -0.021678 -5.492206 4.06e-08 7.391122 6.214333 0.012672 0.839082 2 688 -?-
rs584007 A G 0.301493 0.015918 0.002905 0.010224 0.021612 5.479014 4.38e-08 7.358764 0.470617 0.492703 0 2 2669 ++?
rs440446 C G 0.30299 0.014349 0.00262 0.009214 0.019483 5.477415 4.42e-08 7.354847 3.257013 0.196222 0.38594 3 3053 +++
rs2972559 G C 0.320008 -0.014059 0.002634 -0.019221 -0.008896 -5.337407 9.64e-08 7.016056 1.237916 0.538505 0 3 3053 ---
rs2927468 A G 0.41933 0.013033 0.002484 0.008164 0.017902 5.246699 1.58e-07 6.800971 0.080587 0.960508 0 3 3053 +++
rs73050205 A T 0.314831 -0.013824 0.002644 -0.019006 -0.008642 -5.228537 1.74e-07 6.758322 1.891777 0.388334 0 3 3053 ---
rs4803763 C G 0.319466 -0.013733 0.002636 -0.0189 -0.008566 -5.209054 1.94e-07 6.712723 1.073137 0.584751 0 3 3053 ---
rs10410835 T C 0.417779 0.012897 0.002485 0.008026 0.017769 5.189116 2.16e-07 6.666226 0.09965 0.951396 0 3 3053 +++
rs7254133 T C 0.357313 -0.014092 0.002723 -0.019428 -0.008755 -5.175438 2.32e-07 6.634424 1.398232 0.23702 0.284811 2 2671 --?
rs157580 G A 0.361985 0.025291 0.004895 0.015697 0.034886 5.166475 2.43e-07 6.613629 3.898349 0.048334 0.743481 2 687 +?+
rs12691088 A G 0.038034 -0.030623 0.005934 -0.042253 -0.018993 -5.160941 2.51e-07 6.600804 1.948708 0.377436 0 3 3053 ---
rs4803764 C T 0.315374 -0.013582 0.002648 -0.018772 -0.008393 -5.129615 2.96e-07 6.528459 1.449173 0.484525 0 3 3053 ---
rs28399637 A G 0.363945 -0.012904 0.002519 -0.017841 -0.007967 -5.122733 3.07e-07 6.512621 0.249479 0.882727 0 3 3050 ---
rs56317818 T C 0.316377 -0.013408 0.002647 -0.018597 -0.008219 -5.064392 4.18e-07 6.379153 1.346053 0.510162 0 3 3053 ---
rs12462573 A G 0.316144 -0.013351 0.00265 -0.018545 -0.008156 -5.03756 4.81e-07 6.318248 1.321335 0.516506 0 3 3053 ---
rs3826688 T C 0.30229 0.014605 0.002907 0.008907 0.020304 5.023306 5.18e-07 6.286017 0.818774 0.365539 0 2 2671 ++?
rs146275714 A G 0.036974 -0.030159 0.00603 -0.041978 -0.018341 -5.001651 5.79e-07 6.237214 1.905111 0.385754 0 3 3053 ---
rs78959900 A G 0.270682 0.014786 0.002997 0.008912 0.02066 4.933494 8.22e-07 6.084894 2.240681 0.134422 0.553707 2 2664 ++?
rs6733839 T C 0.404435 -0.011918 0.002467 -0.016754 -0.007082 -4.830517 1.39e-06 5.858452 0.122612 0.940535 0 3 3051 ---
rs12721056 T G 0.272175 0.014406 0.002998 0.00853 0.020282 4.805453 1.57e-06 5.804008 2.044369 0.15277 0.510851 2 2671 ++?
rs28399664 G C 0.03488 -0.02962 0.00617 -0.041715 -0.017526 -4.800352 1.61e-06 5.79296 0.739917 0.690763 0 3 3053 ---
rs41290120 A G 0.030367 0.032386 0.006792 0.019074 0.045698 4.768365 1.89e-06 5.723929 8.647214 0.013252 0.768712 3 3050 +++
rs2360677 T C 0.249899 -0.013145 0.00276 -0.018554 -0.007735 -4.762775 1.94e-06 5.71191 0.72463 0.696063 0 3 3053 ---
rs73037426 C G 0.171228 -0.015142 0.003179 -0.021374 -0.008911 -4.762776 1.94e-06 5.711912 0.792083 0.672979 0 3 3053 ---
rs73208478 C T 0.1538 0.015555 0.003278 0.009131 0.02198 4.745557 2.11e-06 5.674969 2.609998 0.271173 0.233716 3 3053 -++
rs157590 C A 0.419705 0.012718 0.002694 0.007437 0.017998 4.720524 2.39e-06 5.621484 0.04998 0.823097 0 2 2671 ++?
rs7595344 T C 0.239687 -0.013006 0.002788 -0.01847 -0.007543 -4.665778 3.12e-06 5.505425 0.354686 0.837492 0 3 3053 ---
rs74726806 T C 0.025682 0.034868 0.007475 0.020217 0.049519 4.664591 3.14e-06 5.502922 0.326057 0.849567 0 3 3053 +++
rs6732155 T C 0.242333 -0.012908 0.00278 -0.018356 -0.007459 -4.643444 3.48e-06 5.458438 0.281311 0.868788 0 3 3052 ---
rs365653 G A 0.098084 0.01844 0.003984 0.010631 0.026249 4.628208 3.75e-06 5.426505 6.565334 0.037528 0.69537 3 3053 +++
rs4803772 T C 0.267556 0.013931 0.003016 0.008021 0.019842 4.619794 3.9e-06 5.408911 1.94845 0.162754 0.486771 2 2671 ++?
rs12729516 T C 0.211907 0.013649 0.002955 0.007858 0.01944 4.619442 3.91e-06 5.408174 2.253959 0.32401 0.112673 3 3051 -++
rs4239533 A G 0.270294 0.012787 0.002771 0.007355 0.018219 4.614182 4.01e-06 5.397192 0.120175 0.941682 0 3 3053 +++
rs62120575 G C 0.223772 -0.013215 0.002865 -0.018831 -0.007599 -4.612281 4.04e-06 5.393225 3.504466 0.173386 0.4293 3 3053 +--
rs4369782 A G 0.266741 0.012775 0.002777 0.007332 0.018218 4.60013 4.29e-06 5.367908 0.057006 0.9719 0 3 3053 +++
rs116486865 G C 0.020742 0.038584 0.008393 0.022133 0.055035 4.596905 4.35e-06 5.361198 0.634496 0.72815 0 3 3053 +++
rs147711004 A G 0.058417 -0.022883 0.004991 -0.032664 -0.013101 -4.585137 4.61e-06 5.336751 0.840127 0.657005 0 3 3053 ---
rs56101614 A G 0.084917 0.019754 0.00431 0.011307 0.028201 4.583687 4.64e-06 5.333744 0.690801 0.707937 0 3 3053 +++
rs35396326 G C 0.32976 -0.012027 0.002624 -0.017171 -0.006883 -4.582476 4.66e-06 5.331232 1.3773 0.502254 0 3 3053 ---
rs11667253 C T 0.266981 0.012725 0.002778 0.007281 0.018169 4.581046 4.7e-06 5.328267 0.071272 0.964992 0 3 3053 +++
rs10407439 A G 0.266749 0.012732 0.00278 0.007283 0.018182 4.579357 4.73e-06 5.324766 0.071459 0.964901 0 3 3053 +++
rs118147862 A G 0.027485 0.032359 0.007071 0.018499 0.046219 4.57599 4.81e-06 5.317791 5.512074 0.063543 0.63716 3 3053 +++
rs12559296 C G 0.06823 0.022166 0.004847 0.012665 0.031667 4.572786 4.88e-06 5.311158 1.393809 0.498125 0 3 2941 +++
rs55730055 T C 0.155394 -0.015049 0.003298 -0.021514 -0.008585 -4.563084 5.12e-06 5.291097 0.219077 0.896248 0 3 3053 ---
rs55716488 A G 0.225099 0.012827 0.002813 0.007312 0.018341 4.559032 5.22e-06 5.28273 0.86503 0.648875 0 3 3053 +++
rs7953685 T C 0.225099 0.012827 0.002813 0.007312 0.018341 4.559032 5.22e-06 5.28273 0.86503 0.648875 0 3 3053 +++
rs79704202 T A 0.225099 0.012827 0.002813 0.007312 0.018341 4.559032 5.22e-06 5.28273 0.86503 0.648875 0 3 3053 +++
rs73160135 A G 0.225099 0.012827 0.002813 0.007312 0.018341 4.559032 5.22e-06 5.28273 0.86503 0.648875 0 3 3053 +++
rs73160138 A C 0.225099 0.012827 0.002813 0.007312 0.018341 4.559032 5.22e-06 5.28273 0.86503 0.648875 0 3 3053 +++
rs4605275 T C 0.266741 0.012654 0.002777 0.007211 0.018097 4.556466 5.28e-06 5.277437 0.056196 0.972293 0 3 3053 +++
rs146073519 C T 0.101301 0.019923 0.004388 0.011323 0.028524 4.540326 5.7e-06 5.244197 0.056211 0.812589 0 2 2668 ++?
rs2693677 G C 0.314957 -0.01161 0.002564 -0.016635 -0.006584 -4.528006 6.04e-06 5.218896 1.595274 0.450392 0 3 3053 ---
rs5117 C T 0.300881 -0.025339 0.005598 -0.036311 -0.014367 -4.526486 6.08e-06 5.215778 10.46668 0.001215 0.904459 2 688 -?-
rs78358160 C G 0.156092 -0.014917 0.003302 -0.02139 -0.008445 -4.517127 6.36e-06 5.196607 0.329087 0.848281 0 3 3053 ---
rs77751556 C T 0.156092 -0.014917 0.003302 -0.02139 -0.008445 -4.517127 6.36e-06 5.196607 0.329087 0.848281 0 3 3053 ---
rs55710026 T G 0.155391 -0.014939 0.00331 -0.021426 -0.008452 -4.513868 6.46e-06 5.189941 0.635038 0.727953 0 3 3053 ---
rs438811 T C 0.300926 -0.025267 0.005599 -0.036242 -0.014292 -4.51237 6.5e-06 5.186878 10.362446 0.001286 0.903498 2 688 -?-
rs57172082 T C 0.157017 -0.014836 0.003293 -0.021291 -0.008381 -4.504881 6.74e-06 5.171577 0.324671 0.850156 0 3 3053 ---
rs60248451 A T 0.157017 -0.014836 0.003293 -0.021291 -0.008381 -4.504881 6.74e-06 5.171577 0.324671 0.850156 0 3 3053 ---
rs74561933 G C 0.157017 -0.014836 0.003293 -0.021291 -0.008381 -4.504881 6.74e-06 5.171577 0.324671 0.850156 0 3 3053 ---
rs61744497 T C 0.155665 -0.014812 0.003293 -0.021266 -0.008357 -4.497901 6.96e-06 5.15734 0.206372 0.901959 0 3 3052 ---
rs11668327 C G 0.139975 0.015522 0.003456 0.008749 0.022296 4.491504 7.17e-06 5.144309 6.541384 0.03798 0.694254 3 3053 +++
rs2927482 G A 0.270314 0.012444 0.002773 0.007009 0.017879 4.4875 7.31e-06 5.13616 0.028134 0.986032 0 3 3053 +++
rs113670196 C G 0.156785 -0.014766 0.003295 -0.021224 -0.008308 -4.481757 7.51e-06 5.124485 0.323975 0.850452 0 3 3053 ---
rs77229005 G A 0.156324 -0.01477 0.003297 -0.021232 -0.008308 -4.479936 7.57e-06 5.120786 0.325801 0.849676 0 3 3053 ---
rs1137573 T A 0.156324 -0.01477 0.003297 -0.021232 -0.008308 -4.479936 7.57e-06 5.120786 0.325801 0.849676 0 3 3053 ---
rs1137572 A C 0.156324 -0.01477 0.003297 -0.021232 -0.008308 -4.479936 7.57e-06 5.120786 0.325801 0.849676 0 3 3053 ---
rs1137571 A G 0.156324 -0.01477 0.003297 -0.021232 -0.008308 -4.479936 7.57e-06 5.120786 0.325801 0.849676 0 3 3053 ---
rs3201345 T C 0.156324 -0.01477 0.003297 -0.021232 -0.008308 -4.479936 7.57e-06 5.120786 0.325801 0.849676 0 3 3053 ---
rs12559931 G T 0.06901 0.021603 0.004825 0.012147 0.03106 4.477632 7.65e-06 5.116108 1.260199 0.532539 0 3 2941 +++
rs483082 T G 0.302305 -0.025015 0.005595 -0.035982 -0.014049 -4.470752 7.9e-06 5.10215 9.933644 0.001623 0.899332 2 688 -?-
rs78749810 T C 0.021013 0.037294 0.008344 0.020941 0.053648 4.469707 7.94e-06 5.100033 1.089507 0.579985 0 3 3053 -++
rs74309085 A C 0.021013 0.037294 0.008344 0.020941 0.053648 4.469707 7.94e-06 5.100033 1.089507 0.579985 0 3 3053 -++
rs76535906 T A 0.021013 0.037294 0.008344 0.020941 0.053648 4.469707 7.94e-06 5.100033 1.089507 0.579985 0 3 3053 -++
rs75727433 T C 0.021013 0.037294 0.008344 0.020941 0.053648 4.469707 7.94e-06 5.100033 1.089507 0.579985 0 3 3053 -++
rs74524451 C G 0.021013 0.037294 0.008344 0.020941 0.053648 4.469707 7.94e-06 5.100033 1.089507 0.579985 0 3 3053 -++
rs78053926 C T 0.021013 0.037294 0.008344 0.020941 0.053648 4.469707 7.94e-06 5.100033 1.089507 0.579985 0 3 3053 -++
rs142418610 T C 0.021013 0.037294 0.008344 0.020941 0.053648 4.469707 7.94e-06 5.100033 1.089507 0.579985 0 3 3053 -++
chr8:121523571:C:T T C 0.021013 0.037294 0.008344 0.020941 0.053648 4.469707 7.94e-06 5.100033 1.089507 0.579985 0 3 3053 -++
rs76660254 T C 0.020897 0.037294 0.008344 0.020941 0.053648 4.469707 7.94e-06 5.100033 1.089507 0.579985 0 3 3053 -++
rs16895607 A G 0.021013 0.037294 0.008344 0.020941 0.053648 4.469707 7.94e-06 5.100033 1.089507 0.579985 0 3 3053 -++
rs12976241 T C 0.270469 0.012375 0.002773 0.00694 0.01781 4.462882 8.2e-06 5.086212 0.028391 0.985905 0 3 3053 +++
rs59325138 T C 0.321081 0.011595 0.002601 0.006498 0.016693 4.458563 8.37e-06 5.077474 9.203939 0.010032 0.782702 3 3053 ++-
rs337653 A G 0.448187 -0.010692 0.002399 -0.015393 -0.005991 -4.457684 8.4e-06 5.075696 0.413056 0.813403 0 3 3053 ---
rs79638902 T C 0.148607 -0.015003 0.003378 -0.021623 -0.008382 -4.4416 9.05e-06 5.043233 1.728438 0.421381 0 3 3053 ---
rs2034351 G C 0.401845 -0.010781 0.002428 -0.01554 -0.006021 -4.439322 9.15e-06 5.038644 7.144871 0.028087 0.720079 3 3053 --+
rs10415074 C G 0.282991 0.012134 0.002735 0.006773 0.017495 4.436298 9.28e-06 5.032557 0.406844 0.815934 0 3 3053 +++
rs28386783 A G 0.055992 -0.048719 0.010987 -0.070255 -0.027184 -4.434147 9.37e-06 5.028227 0.786154 0.375265 0 2 688 -?-
rs13142743 G T 0.485195 -0.010674 0.002409 -0.015395 -0.005953 -4.431558 9.48e-06 5.02302 3.647612 0.16141 0.451696 3 3053 ---
rs17336993 A G 0.032522 0.029368 0.00663 0.016373 0.042362 4.429578 9.57e-06 5.019038 1.370467 0.503973 0 3 3053 +++
rs116981602 C A 0.03855 0.027897 0.006306 0.015537 0.040257 4.423914 9.83e-06 5.007661 0.86235 0.649745 0 3 3053 +++
rs283808 C A 0.032621 0.029105 0.006579 0.01621 0.042 4.423883 9.83e-06 5.007599 1.217699 0.543976 0 3 3053 +++
rs283809 G A 0.032505 0.029105 0.006579 0.01621 0.042 4.423883 9.83e-06 5.007599 1.217699 0.543976 0 3 3053 +++
rs17445385 T C 0.062997 -0.021732 0.004914 -0.031363 -0.012101 -4.422622 9.88e-06 5.005067 0.887334 0.641679 0 3 3053 ---
