rs_number reference_allele other_allele eaf beta se beta_95L beta_95U z p-value -log10_p-value q_statistic q_p-value i2 n_studies n_samples effects
rs6971297 T A 0.379561 -0.08257 0.016469 -0.11485 -0.050291 -5.013691 5.44e-07 6.264323 0.085481 0.95816 0 3 1297 ---
rs6871209 C T 0.075781 0.149751 0.031044 0.088905 0.210597 4.823846 1.43e-06 5.843935 0.323009 0.850863 0 3 1297 +++
rs1445897 G A 0.27964 0.088488 0.018526 0.052177 0.124799 4.776389 1.81e-06 5.741205 1.231525 0.540229 0 3 1297 +++
rs7381111 T C 0.28032 0.087958 0.018542 0.051617 0.124299 4.743833 2.13e-06 5.671277 1.252841 0.534502 0 3 1297 +++
rs34442743 G A 0.279995 0.086721 0.018532 0.050399 0.123044 4.679579 2.92e-06 5.534564 0.907792 0.635149 0 3 1297 +++
rs3866450 G A 0.279995 0.086721 0.018532 0.050399 0.123044 4.679579 2.92e-06 5.534564 0.907792 0.635149 0 3 1297 +++
rs76035818 G C 0.019321 0.286386 0.061262 0.166312 0.40646 4.674763 2.99e-06 5.524388 0.642559 0.422786 0 2 1237 ?++
rs36028249 T C 0.015829 -0.330201 0.070827 -0.469021 -0.191381 -4.6621 3.18e-06 5.497674 0.031493 0.984377 0 3 1297 ---
rs12932818 A T 0.015829 -0.330201 0.070827 -0.469021 -0.191381 -4.6621 3.18e-06 5.497674 0.031493 0.984377 0 3 1297 ---
rs10077384 G A 0.27964 0.086404 0.018541 0.050064 0.122744 4.660183 3.21e-06 5.493635 0.927904 0.628794 0 3 1297 +++
rs10064755 T G 0.27964 0.086404 0.018541 0.050064 0.122744 4.660183 3.21e-06 5.493635 0.927904 0.628794 0 3 1297 +++
rs6907110 A G 0.479357 -0.095368 0.020529 -0.135605 -0.055131 -4.645548 3.44e-06 5.462856 0.007131 0.932703 0 2 980 --?
rs1445899 T C 0.284017 0.085576 0.018435 0.049442 0.121709 4.641921 3.51e-06 5.455243 1.046594 0.592564 0 3 1297 +++
rs773972103 A C 0.021083 0.27159 0.058542 0.156847 0.386332 4.639229 3.55e-06 5.449594 1.246325 0.536246 0 3 1297 +++
rs9509097 T G 0.443224 0.073931 0.01598 0.04261 0.105251 4.626467 3.78e-06 5.422862 6.016809 0.04937 0.667598 3 1297 +++
rs1796156 G T 0.280238 0.083003 0.018052 0.047621 0.118385 4.598002 4.33e-06 5.36348 5.225144 0.073346 0.617235 3 1297 +++
rs1617114 C T 0.280238 0.082542 0.018082 0.047101 0.117983 4.564815 5.07e-06 5.294673 5.189625 0.07466 0.614616 3 1297 +++
rs9903095 C T 0.100075 0.123468 0.02709 0.070373 0.176564 4.557775 5.25e-06 5.280137 1.338466 0.512101 0 3 1297 +++
rs1954326 G C 0.219345 -0.087222 0.019139 -0.124734 -0.049711 -4.55743 5.26e-06 5.279426 0.230252 0.891254 0 3 1297 ---
rs13181159 C T 0.080037 0.137643 0.030213 0.078426 0.19686 4.55582 5.3e-06 5.276103 3.047208 0.217925 0.343662 3 1297 -++
rs4504158 T G 0.131196 0.137679 0.030259 0.078372 0.196986 4.550046 5.44e-06 5.264201 2.687488 0.101139 0.627905 2 980 ++?
rs76652598 G A 0.027783 0.225195 0.049595 0.127988 0.322401 4.54067 5.69e-06 5.244903 2.391125 0.302534 0.163574 3 1297 +++
rs34373650 A G 0.077888 0.135414 0.029859 0.07689 0.193938 4.535077 5.84e-06 5.23341 1.87535 0.391537 0 3 1297 -++
rs12411923 G A 0.201814 -0.117215 0.02596 -0.168096 -0.066333 -4.515209 6.42e-06 5.192683 0.024505 0.875607 0 2 979 --?
rs35560845 G A 0.09972 0.122915 0.027222 0.069559 0.176271 4.515204 6.42e-06 5.192673 1.317523 0.517492 0 3 1297 +++
rs2708002 C T 0.278865 0.081439 0.018038 0.046084 0.116793 4.514875 6.43e-06 5.192 4.337833 0.114301 0.53894 3 1297 +++
rs13376179 C T 0.202055 -0.11523 0.02555 -0.165308 -0.065152 -4.510009 6.58e-06 5.182052 0.047786 0.826962 0 2 980 --?
rs16843112 A G 0.202055 -0.11523 0.02555 -0.165308 -0.065152 -4.510009 6.58e-06 5.182052 0.047786 0.826962 0 2 980 --?
rs13003389 T A 0.073146 0.138504 0.030758 0.078218 0.198789 4.503022 6.8e-06 5.167785 1.94622 0.377906 0 3 1297 -++
rs1429544 A G 0.099365 0.122295 0.027249 0.068887 0.175703 4.488064 7.29e-06 5.137309 1.291213 0.524344 0 3 1297 +++
rs28590259 C T 0.138818 0.130434 0.029155 0.073289 0.187578 4.473727 7.79e-06 5.108184 2.395762 0.121664 0.582596 2 980 ++?
rs12200733 T G 0.049514 -0.206743 0.046227 -0.297348 -0.116138 -4.472332 7.85e-06 5.105355 1.766693 0.183792 0.433971 2 980 --?
rs139621578 A G 0.215872 -0.0882 0.019723 -0.126857 -0.049543 -4.471957 7.86e-06 5.104595 0.589497 0.744719 0 3 1297 ---
rs73022052 T G 0.029325 0.217221 0.048763 0.121645 0.312797 4.454618 8.52e-06 5.069499 0.990091 0.609543 0 3 1297 -++
rs77356785 T C 0.03724 0.188958 0.042494 0.10567 0.272247 4.446692 8.84e-06 5.053499 1.049092 0.591824 0 3 1297 +++
rs113760175 A G 0.015482 0.299682 0.067409 0.167561 0.431803 4.445743 8.88e-06 5.051584 0.426469 0.807967 0 3 1297 +++
rs13081775 G A 0.130257 0.134363 0.030304 0.074968 0.193759 4.433886 9.38e-06 5.027703 2.785853 0.0951 0.641044 2 980 ++?
rs6439679 C T 0.222947 -0.083202 0.018771 -0.119992 -0.046411 -4.43251 9.44e-06 5.024934 4.143993 0.125934 0.517374 3 1297 ---
rs877098 A G 0.434973 0.07123 0.016112 0.039651 0.102809 4.421031 9.96e-06 5.001875 7.534906 0.023111 0.734569 3 1297 +++
