rs_number reference_allele other_allele eaf beta se beta_95L beta_95U z p-value -log10_p-value q_statistic q_p-value i2 n_studies n_samples effects
rs10119 A G 0.33724 -0.016695 0.001209 -0.019064 -0.014325 -13.808855 2.49e-43 42.604352 117.483404 0 0.974464 4 7085 ----
rs34095326 A G 0.146914 -0.021199 0.001702 -0.024535 -0.017863 -12.456194 1.41e-35 34.84969 69.349576 5.88e-15 0.956741 4 7085 ----
rs75627662 T C 0.230879 -0.016643 0.001396 -0.019378 -0.013908 -11.925698 9.46e-33 32.024165 85.641416 0 0.96497 4 7084 ----
rs429358 C T 0.160899 -0.019927 0.001833 -0.02352 -0.016335 -10.87189 1.69e-27 26.771584 67.17998 2.55e-15 0.970229 3 2656 --?-
rs4420638 G A 0.19343 -0.016224 0.001681 -0.01952 -0.012929 -9.649166 5.29e-22 21.276889 59.408552 1.26e-13 0.966335 3 2655 --?-
rs56131196 A G 0.193062 -0.015999 0.001682 -0.019296 -0.012703 -9.512165 1.99e-21 20.701319 57.094033 4e-13 0.96497 3 2655 --?-
rs12721051 G C 0.192812 -0.015718 0.001683 -0.019015 -0.01242 -9.341282 1.01e-20 19.994722 58.990977 1.55e-13 0.966097 3 2659 --?-
rs6857 T C 0.179846 -0.01652 0.001775 -0.02 -0.013041 -9.305571 1.42e-20 19.848643 47.967936 3.84e-11 0.958305 3 2659 --?-
rs112019714 C T 0.040631 -0.027949 0.003016 -0.03386 -0.022038 -9.267209 2.03e-20 19.692328 38.175535 2.59e-08 0.921416 4 7085 ----
rs10414043 A G 0.127921 -0.018803 0.002036 -0.022793 -0.014813 -9.235791 2.72e-20 19.56478 51.565919 6.35e-12 0.961215 3 2659 --?-
rs7256200 T G 0.127921 -0.018803 0.002036 -0.022793 -0.014813 -9.235791 2.72e-20 19.56478 51.565919 6.35e-12 0.961215 3 2659 --?-
rs769449 A G 0.125526 -0.018758 0.002058 -0.022792 -0.014724 -9.113592 8.46e-20 19.072726 51.798853 5.65e-12 0.961389 3 2659 --?-
rs1081105 C A 0.040366 -0.027171 0.003039 -0.033127 -0.021214 -8.940798 4.09e-19 18.387889 40.659904 7.72e-09 0.926217 4 7085 ----
rs115881343 T C 0.040331 -0.026683 0.003043 -0.032647 -0.02072 -8.77006 1.89e-18 17.723795 40.060516 1.03e-08 0.925113 4 7044 ----
rs66626994 A G 0.155849 -0.015495 0.001834 -0.019089 -0.0119 -8.448506 3.11e-17 16.507066 42.463581 6.01e-10 0.952901 3 2659 --?-
rs112849259 T C 0.037571 -0.026443 0.003152 -0.03262 -0.020266 -8.390353 5.11e-17 16.291755 37.444294 3.71e-08 0.919881 4 7084 ----
rs111789331 A T 0.155849 -0.015361 0.001834 -0.018956 -0.011766 -8.374957 5.82e-17 16.234994 42.549917 5.76e-10 0.952996 3 2659 --?-
rs75687619 T G 0.037634 -0.026367 0.003149 -0.032539 -0.020195 -8.372817 5.93e-17 16.227114 36.941033 4.74e-08 0.918789 4 7085 ----
rs77301115 A G 0.037457 -0.026304 0.003153 -0.032484 -0.020125 -8.343416 7.6e-17 16.11903 37.203902 4.17e-08 0.919363 4 7084 ----
rs79398853 T C 0.037606 -0.026238 0.003154 -0.032419 -0.020057 -8.319789 9.28e-17 16.032441 36.365679 6.27e-08 0.917505 4 7082 ----
rs114536010 T C 0.037555 -0.026231 0.003157 -0.032419 -0.020042 -8.307856 1.03e-16 15.988801 36.112684 7.09e-08 0.916927 4 7072 ----
rs73052335 C A 0.136533 -0.016143 0.001951 -0.019966 -0.012319 -8.275594 1.35e-16 15.871119 45.886478 1.09e-10 0.956414 3 2659 --?-
rs12721046 A G 0.154352 -0.015183 0.001841 -0.018792 -0.011574 -8.245469 1.73e-16 15.761635 45.1452 1.57e-10 0.955699 3 2659 --?-
rs116881820 C T 0.038021 -0.025856 0.003146 -0.032022 -0.019689 -8.218146 2.17e-16 15.662668 34.231094 1.77e-07 0.91236 4 7085 ----
chr19:44893408:G:T T G 0.214677 -0.013155 0.001622 -0.016333 -0.009977 -8.112606 5.21e-16 15.283404 37.935662 5.79e-09 0.947279 3 2659 --?-
rs150966173 T C 0.039187 -0.025186 0.003105 -0.031272 -0.0191 -8.111308 5.26e-16 15.278767 35.994007 7.51e-08 0.916653 4 7036 ----
rs157581 C T 0.22805 -0.01267 0.001583 -0.015773 -0.009568 -8.003797 1.27e-15 14.897386 35.572183 1.89e-08 0.943776 3 2659 --?-
rs2075650 G A 0.148992 -0.015344 0.001918 -0.019103 -0.011585 -8.000078 1.31e-15 14.884279 34.562245 3.13e-08 0.942133 3 2659 --?-
rs34404554 G C 0.148835 -0.015327 0.001918 -0.019086 -0.011567 -7.990801 1.41e-15 14.85162 34.276716 3.61e-08 0.941651 3 2659 --?-
rs11556505 T C 0.148835 -0.015327 0.001918 -0.019086 -0.011567 -7.990801 1.41e-15 14.85162 34.276716 3.61e-08 0.941651 3 2659 --?-
rs157582 T C 0.22483 -0.01275 0.001599 -0.015885 -0.009615 -7.9719 1.64e-15 14.785187 34.947207 2.58e-08 0.942771 3 2659 --?-
rs283815 G A 0.227289 -0.012612 0.001588 -0.015724 -0.0095 -7.943266 2.07e-15 14.684836 35.35083 2.11e-08 0.943424 3 2652 --?-
rs184017 G T 0.227026 -0.012534 0.001588 -0.015647 -0.009421 -7.891769 3.12e-15 14.505245 36.288865 1.32e-08 0.944887 3 2659 --?-
rs283811 G A 0.229794 -0.012415 0.001574 -0.015499 -0.00933 -7.888031 3.22e-15 14.492254 35.390755 2.07e-08 0.943488 3 2659 --?-
rs12972156 G C 0.150333 -0.015009 0.001904 -0.01874 -0.011277 -7.884056 3.32e-15 14.478444 33.667099 4.89e-08 0.940595 3 2659 --?-
rs12972970 A G 0.150333 -0.015009 0.001904 -0.01874 -0.011277 -7.884056 3.32e-15 14.478444 33.667099 4.89e-08 0.940595 3 2659 --?-
rs71352238 C T 0.150472 -0.015122 0.001919 -0.018883 -0.011361 -7.88095 3.41e-15 14.467657 30.762943 2.09e-07 0.934987 3 2659 --?-
rs34342646 A G 0.153204 -0.014856 0.00189 -0.01856 -0.011152 -7.861719 3.97e-15 14.400973 29.371724 4.19e-07 0.931907 3 2659 --?-
rs140480140 A G 0.040989 -0.023466 0.003012 -0.029369 -0.017562 -7.79062 6.99e-15 14.155798 36.046194 7.32e-08 0.916773 4 7085 ----
rs438811 T C 0.234119 -0.011831 0.001581 -0.01493 -0.008732 -7.483199 7.58e-14 13.120598 45.054456 1.65e-10 0.955609 3 2659 --?-
rs188535946 A G 0.038558 -0.023287 0.003114 -0.029391 -0.017184 -7.478454 7.85e-14 13.104938 32.357429 4.4e-07 0.907286 4 7085 ----
rs483082 T G 0.234109 -0.011693 0.001582 -0.014793 -0.008592 -7.391513 1.51e-13 12.81968 43.550798 3.49e-10 0.954077 3 2659 --?-
rs60049679 C G 0.085401 -0.015271 0.002073 -0.019335 -0.011207 -7.364918 1.85e-13 12.733067 28.986528 2.25e-06 0.896504 4 7085 ----
rs440446 C G 0.333743 0.00855 0.001171 0.006255 0.010845 7.300634 2.99e-13 12.524953 37.179459 4.22e-08 0.91931 4 7085 ++++
rs5117 C T 0.23344 -0.011429 0.001579 -0.014524 -0.008333 -7.236343 4.8e-13 12.318583 42.879497 4.88e-10 0.953358 3 2659 --?-
rs147711004 A G 0.043974 -0.020846 0.002916 -0.026562 -0.015131 -7.148529 9.13e-13 12.039555 31.038327 8.34e-07 0.903345 4 7085 ----
rs59325138 T C 0.37827 0.008068 0.001134 0.005846 0.010291 7.114502 1.17e-12 11.93232 40.156433 9.87e-09 0.925292 4 7085 ++++
rs4803770 G C 0.356626 0.008051 0.001148 0.0058 0.010301 7.010908 2.46e-12 11.608887 36.067653 7.25e-08 0.916823 4 7085 ++++
rs1038025 C T 0.414859 0.00774 0.001117 0.005552 0.009928 6.932055 4.31e-12 11.365766 63.322483 1.15e-13 0.952623 4 7085 ++++
rs1160985 T C 0.414923 0.007708 0.001116 0.00552 0.009896 6.905331 5.2e-12 11.283971 62.578707 1.65e-13 0.95206 4 7085 ++++
rs1038026 G A 0.415247 0.007689 0.001116 0.005502 0.009876 6.890959 5.75e-12 11.240106 63.578286 1.01e-13 0.952814 4 7085 ++++
rs118170342 C T 0.053393 -0.01929 0.002801 -0.024779 -0.013801 -6.887741 5.88e-12 11.230299 23.649879 7.32e-06 0.915433 3 6522 ---?
rs760136 G A 0.4148 0.007673 0.001117 0.005484 0.009862 6.869823 6.67e-12 11.175763 62.935543 1.39e-13 0.952332 4 7085 ++++
rs4803764 C T 0.284704 -0.008496 0.001237 -0.010921 -0.006071 -6.866042 6.85e-12 11.164272 25.730868 1.09e-05 0.883409 4 7085 ----
rs741780 C T 0.414981 0.007663 0.001117 0.005474 0.009852 6.860885 7.1e-12 11.148609 63.029731 1.32e-13 0.952403 4 7085 ++++
rs41289512 G C 0.052014 -0.018243 0.002668 -0.023471 -0.013014 -6.838298 8.31e-12 11.080142 30.065867 1.34e-06 0.900219 4 7085 ----
rs7259620 A G 0.412665 0.007612 0.001117 0.005422 0.009802 6.812582 9.94e-12 11.002451 60.907858 3.76e-13 0.950745 4 7085 ++++
rs12462573 A G 0.285442 -0.008377 0.001239 -0.010805 -0.005949 -6.761771 1.41e-11 10.849782 26.797193 6.49e-06 0.888048 4 7085 ----
rs56317818 T C 0.285883 -0.008368 0.001239 -0.010796 -0.005939 -6.753601 1.5e-11 10.825335 26.7483 6.65e-06 0.887843 4 7085 ----
rs484195 A G 0.35484 0.008026 0.001199 0.005675 0.010376 6.691499 2.29e-11 10.640448 49.424419 1.85e-11 0.959534 3 6522 +++?
rs4803763 C G 0.289338 -0.008171 0.001233 -0.010588 -0.005753 -6.624966 3.6e-11 10.444191 23.301764 3.49e-05 0.871254 4 7085 ----
rs73050205 A T 0.284517 -0.008163 0.001241 -0.010595 -0.005731 -6.578521 4.92e-11 10.308302 25.267593 1.36e-05 0.881271 4 7085 ----
rs157595 A G 0.354298 0.0078 0.001202 0.005445 0.010155 6.490948 8.82e-11 10.05458 46.248859 9.06e-11 0.956756 3 6522 +++?
rs157594 T G 0.354569 0.007763 0.001202 0.005408 0.010118 6.460601 1.08e-10 9.967419 45.591793 1.26e-10 0.956132 3 6522 +++?
rs3925681 A G 0.387572 0.007505 0.001177 0.005197 0.009812 6.374778 1.89e-10 9.723038 41.566839 9.42e-10 0.951885 3 6522 +++?
rs2972559 G C 0.289907 -0.007681 0.001235 -0.010103 -0.00526 -6.217734 5.2e-10 9.283958 22.511009 5.11e-05 0.866732 4 7085 ----
rs35396326 G C 0.303559 -0.007567 0.001219 -0.009956 -0.005179 -6.209111 5.49e-10 9.260151 22.844961 4.35e-05 0.86868 4 7085 ----
rs28399637 A G 0.334532 -0.007308 0.001184 -0.009628 -0.004988 -6.173383 6.89e-10 9.161852 39.648837 1.26e-08 0.924336 4 7077 ----
rs3826688 T C 0.334655 0.007291 0.00122 0.004899 0.009683 5.973964 2.38e-09 8.623125 32.996938 6.84e-08 0.939388 3 6522 +++?
rs4802238 T C 0.330465 -0.007037 0.001187 -0.009364 -0.00471 -5.927441 3.16e-09 8.499869 24.923875 1.6e-05 0.879633 4 7085 ----
chr19:44909976:G:T T G 0.063926 0.012624 0.002165 0.00838 0.016867 5.83069 5.67e-09 8.246475 48.64767 1.55e-10 0.938332 4 7085 ++++
rs12162222 T G 0.31667 -0.007019 0.001206 -0.009382 -0.004655 -5.820439 6.03e-09 8.219861 24.303978 2.16e-05 0.876563 4 7085 ----
rs7412 T C 0.063765 0.012582 0.002176 0.008316 0.016848 5.781365 7.61e-09 8.118816 47.537751 2.67e-10 0.936892 4 7080 ++++
rs2199575 A G 0.316483 -0.00694 0.001205 -0.009302 -0.004578 -5.759426 8.66e-09 8.062367 23.364704 3.39e-05 0.871601 4 7085 ----
rs584007 A G 0.333701 0.007015 0.001225 0.004614 0.009417 5.725531 1.06e-08 7.975554 34.79356 2.78e-08 0.942518 3 6521 +++?
rs10410835 T C 0.454737 0.006302 0.001114 0.004118 0.008486 5.654712 1.6e-08 7.795736 21.136767 9.86e-05 0.858067 4 7085 ++++
rs78959900 A G 0.320592 0.006888 0.00122 0.004497 0.009279 5.64693 1.67e-08 7.776104 32.084492 1.08e-07 0.937665 3 6499 +++?
rs73048288 C G 0.328567 -0.006749 0.001195 -0.009092 -0.004406 -5.645995 1.68e-08 7.773748 20.606582 0.000127 0.854415 4 7085 ----
rs2927480 C G 0.328692 -0.006729 0.001195 -0.009072 -0.004386 -5.628737 1.86e-08 7.730313 20.370939 0.000142 0.852731 4 7085 ----
rs73048293 A G 0.329346 -0.006716 0.001195 -0.009059 -0.004373 -5.61814 1.98e-08 7.703705 20.879832 0.000112 0.856321 4 7080 ----
rs3021439 A G 0.328758 -0.00666 0.001195 -0.009002 -0.004319 -5.574815 2.54e-08 7.595411 20.557883 0.00013 0.854071 4 7085 ----
rs12459575 A G 0.329131 -0.006661 0.001195 -0.009005 -0.004318 -5.572347 2.57e-08 7.589267 20.45538 0.000137 0.853339 4 7085 ----
rs74579864 C G 0.329569 -0.006655 0.001194 -0.008996 -0.004314 -5.571446 2.59e-08 7.587024 19.285196 0.000239 0.84444 4 7085 ----
rs12721056 T G 0.323621 0.006736 0.001214 0.004357 0.009114 5.55015 2.92e-08 7.534114 27.423142 1.11e-06 0.927069 3 6522 +++?
rs117310449 T C 0.014988 -0.027966 0.005041 -0.037847 -0.018084 -5.547162 2.97e-08 7.526704 23.171922 9.3e-06 0.913689 3 6522 ---?
rs2927468 A G 0.455801 0.006185 0.001116 0.003998 0.008372 5.543557 3.04e-08 7.517772 21.283601 9.19e-05 0.859046 4 7085 ++++
rs144261139 A C 0.014838 -0.028002 0.005083 -0.037965 -0.018038 -5.508516 3.7e-08 7.431227 19.299086 6.45e-05 0.896368 3 6516 ---?
rs10402271 G T 0.351214 -0.00646 0.001173 -0.008759 -0.004161 -5.506601 3.75e-08 7.426512 21.320157 9.03e-05 0.859288 4 7082 ----
rs10402524 C T 0.350936 -0.006451 0.001173 -0.00875 -0.004152 -5.499434 3.9e-08 7.408882 20.998979 0.000105 0.857136 4 7085 ----
rs4803762 A G 0.332151 -0.006536 0.001191 -0.00887 -0.004203 -5.490101 4.11e-08 7.385953 18.889035 0.000288 0.841178 4 7085 ----
rs7359852 C T 0.330318 -0.006545 0.001193 -0.008883 -0.004208 -5.488041 4.16e-08 7.380897 20.716242 0.000121 0.855186 4 7085 ----
rs10406338 C T 0.35451 -0.006415 0.001174 -0.008715 -0.004114 -5.464107 4.76e-08 7.32229 20.362568 0.000143 0.852671 4 7085 ----
rs4803772 T C 0.318308 0.006673 0.001221 0.004279 0.009067 5.464127 4.76e-08 7.322337 27.021658 1.36e-06 0.925985 3 6522 +++?
rs34878901 T C 0.377382 0.00621 0.001139 0.003978 0.008442 5.452744 5.08e-08 7.294549 35.479255 9.65e-08 0.915444 4 7085 ++++
rs12691088 A G 0.028237 -0.020303 0.003724 -0.027602 -0.013005 -5.452188 5.09e-08 7.293193 19.567885 0.000209 0.846688 4 7085 ----
rs58132661 T A 0.354318 -0.006383 0.001171 -0.008679 -0.004087 -5.448497 5.2e-08 7.284194 19.710367 0.000195 0.847796 4 7085 ----
rs58826447 A T 0.354318 -0.006383 0.001171 -0.008679 -0.004087 -5.448497 5.2e-08 7.284194 19.710367 0.000195 0.847796 4 7085 ----
rs58446550 A C 0.354318 -0.006383 0.001171 -0.008679 -0.004087 -5.448497 5.2e-08 7.284194 19.710367 0.000195 0.847796 4 7085 ----
rs10405693 T C 0.350869 -0.006395 0.001177 -0.008702 -0.004088 -5.433124 5.67e-08 7.246779 20.812437 0.000115 0.855855 4 7080 ----
rs4803758 T G 0.354817 -0.006342 0.001172 -0.008639 -0.004045 -5.411683 6.39e-08 7.194759 19.610944 0.000204 0.847024 4 7085 ----
rs1305062 C G 0.376941 0.006151 0.001138 0.00392 0.008381 5.404059 6.66e-08 7.176311 35.560959 9.27e-08 0.915638 4 7085 ++++
rs769450 A G 0.379958 0.006124 0.001134 0.003901 0.008346 5.400188 6.81e-08 7.166953 35.800261 8.25e-08 0.916202 4 7085 ++++
rs10412413 T C 0.354808 -0.006318 0.001172 -0.008614 -0.004021 -5.390975 7.17e-08 7.144706 19.603084 0.000205 0.846963 4 7085 ----
rs7254133 T C 0.322382 -0.006828 0.001267 -0.009311 -0.004345 -5.390137 7.2e-08 7.142683 40.755773 1.41e-09 0.950927 3 6522 ---?
rs4803761 G A 0.338113 -0.006369 0.001186 -0.008694 -0.004044 -5.369747 8.06e-08 7.09358 18.487475 0.000349 0.837728 4 7085 ----
rs146275714 A G 0.026699 -0.020009 0.003738 -0.027335 -0.012683 -5.353457 8.82e-08 7.054475 20.928898 0.000109 0.856658 4 7085 ----
rs8106922 G A 0.377774 0.006023 0.001138 0.003794 0.008253 5.295086 1.22e-07 6.915274 33.868077 2.11e-07 0.911421 4 7084 ++++
rs28399664 G C 0.026191 -0.019443 0.003727 -0.026748 -0.012138 -5.216834 1.86e-07 6.730913 19.917806 0.000177 0.849381 4 7085 ----
rs449647 T A 0.159255 0.007688 0.0015 0.004749 0.010628 5.126993 3e-07 6.522422 30.248352 1.22e-06 0.900821 4 7085 ++++
rs11667241 C G 0.345722 -0.00594 0.001176 -0.008245 -0.003635 -5.05069 4.49e-07 6.348014 16.328878 0.000971 0.816276 4 7085 ----
rs2238681 T C 0.37864 0.005731 0.001141 0.003495 0.007967 5.024202 5.15e-07 6.288041 29.482366 1.77e-06 0.898244 4 7085 ++++
rs62605985 T G 0.069922 -0.007981 0.001594 -0.011105 -0.004858 -5.008032 5.6e-07 6.251574 2.677074 0.444137 0 4 6956 ---+
rs157580 G A 0.37867 0.006532 0.001311 0.003962 0.009102 4.982052 6.41e-07 6.193214 16.662288 0.000241 0.879968 3 2658 ++?+
rs140038970 T C 0.049214 -0.010445 0.002108 -0.014577 -0.006313 -4.954224 7.4e-07 6.131015 2.935435 0.230451 0.31867 3 2533 --?-
rs5969000 A G 0.182613 -0.005038 0.00102 -0.007037 -0.003039 -4.939534 7.97e-07 6.098314 0.387932 0.823686 0 3 6262 -?--
rs1343261 T C 0.185961 -0.004996 0.001014 -0.006983 -0.00301 -4.929293 8.4e-07 6.075568 0.548469 0.760154 0 3 6262 -?--
rs5968999 T C 0.183042 -0.005001 0.001019 -0.006999 -0.003003 -4.906009 9.46e-07 6.02402 0.329809 0.847975 0 3 6262 -?--
rs62605967 T C 0.04886 -0.010384 0.002122 -0.014542 -0.006226 -4.894316 1e-06 5.998218 2.901386 0.234408 0.310674 3 2533 --?-
rs62605971 T G 0.04886 -0.010384 0.002122 -0.014542 -0.006226 -4.894316 1e-06 5.998218 2.901386 0.234408 0.310674 3 2533 --?-
rs62605974 T G 0.04886 -0.010384 0.002122 -0.014542 -0.006226 -4.894316 1e-06 5.998218 2.901386 0.234408 0.310674 3 2533 --?-
rs288948 A G 0.182107 0.006877 0.001406 0.004122 0.009632 4.892606 1.01e-06 5.99445 1.790018 0.61711 0 4 7085 +-++
rs141622900 A G 0.042832 0.012753 0.002608 0.007642 0.017863 4.890748 1.02e-06 5.990357 26.437954 7.72e-06 0.886527 4 7084 ++++
rs145324483 A G 0.069076 -0.008095 0.001661 -0.011352 -0.004839 -4.872232 1.12e-06 5.949646 0.884427 0.642612 0 3 6519 ---?
rs6623773 A G 0.184745 -0.004824 0.000997 -0.006778 -0.002869 -4.837392 1.34e-06 5.87343 2.461318 0.482322 0 4 6956 -+--
rs2927481 A C 0.351125 -0.005658 0.001172 -0.007955 -0.003361 -4.827573 1.41e-06 5.852041 15.769806 0.001264 0.809763 4 7085 ----
rs62603466 A G 0.085116 -0.00693 0.001436 -0.009743 -0.004116 -4.826759 1.41e-06 5.850271 0.802523 0.848863 0 4 6956 ----
rs288945 A G 0.180783 0.006779 0.001411 0.004013 0.009545 4.80319 1.59e-06 5.799105 1.85004 0.604107 0 4 7083 +-++
rs288946 G A 0.180541 0.006767 0.001412 0.004 0.009534 4.793889 1.66e-06 5.778977 1.746944 0.626548 0 4 7085 +-++
rs6716961 A G 0.033145 -0.014966 0.003123 -0.021087 -0.008846 -4.792836 1.67e-06 5.7767 5.588068 0.133465 0.463142 4 7085 ----
rs288947 T C 0.180295 0.006755 0.001412 0.003988 0.009522 4.784843 1.74e-06 5.759437 1.917163 0.589777 0 4 7085 +-++
rs147823584 C A 0.180452 -0.004786 0.001003 -0.006752 -0.00282 -4.771237 1.86e-06 5.73011 2.380693 0.497239 0 4 6956 -+--
rs9479322 A G 0.069494 -0.010362 0.002176 -0.014627 -0.006096 -4.761246 1.96e-06 5.708624 1.296584 0.729944 0 4 7085 ----
rs6623774 G A 0.185007 -0.00473 0.000995 -0.00668 -0.002779 -4.752659 2.04e-06 5.690192 2.466879 0.481307 0 4 6956 -+--
rs5967759 A G 0.181281 -0.00476 0.001002 -0.006723 -0.002796 -4.751479 2.05e-06 5.687661 2.746023 0.432463 0 4 6956 -+--
rs7878428 A G 0.181472 -0.00476 0.001002 -0.006723 -0.002796 -4.751479 2.05e-06 5.687661 2.746023 0.432463 0 4 6956 -+--
rs1936031 T A 0.181408 -0.00476 0.001002 -0.006723 -0.002796 -4.751479 2.05e-06 5.687661 2.746023 0.432463 0 4 6956 -+--
rs9479321 A T 0.071026 -0.010216 0.002152 -0.014433 -0.005999 -4.748273 2.09e-06 5.680789 1.343581 0.718811 0 4 7085 ----
rs288950 T G 0.184452 0.006618 0.001396 0.003881 0.009355 4.739847 2.17e-06 5.662746 2.648856 0.448989 0 4 7085 +-++
rs2596522 A G 0.345579 -0.005473 0.001157 -0.007741 -0.003204 -4.728042 2.3e-06 5.637519 2.998786 0.391812 0 4 7085 -+--
rs848218 C T 0.188582 -0.006522 0.001385 -0.009235 -0.003808 -4.710177 2.52e-06 5.599453 10.892902 0.012319 0.724591 4 7085 ---+
rs12687284 G C 0.185139 -0.004684 0.000995 -0.006633 -0.002734 -4.708237 2.54e-06 5.595326 2.373748 0.49854 0 4 6956 -+--
rs7062538 T C 0.232214 -0.00432 0.000918 -0.00612 -0.002521 -4.705894 2.57e-06 5.590345 2.18476 0.534956 0 4 6956 ----
rs6617260 A C 0.181352 -0.004704 0.001001 -0.006666 -0.002741 -4.697561 2.68e-06 5.57265 2.444596 0.485387 0 4 6956 -+--
rs2817462 A G 0.188044 0.006486 0.001383 0.003775 0.009197 4.689081 2.79e-06 5.554674 1.427236 0.699163 0 4 7085 ++++
rs2819077 C T 0.186704 0.006497 0.001387 0.003778 0.009216 4.683114 2.87e-06 5.542042 2.303058 0.511935 0 4 7085 +-++
rs6617261 T G 0.181861 -0.004684 0.001001 -0.006646 -0.002723 -4.680167 2.91e-06 5.535808 2.392289 0.495072 0 4 6956 -+--
rs2819079 A C 0.187785 0.006482 0.001386 0.003766 0.009198 4.677604 2.95e-06 5.530389 1.358197 0.715362 0 4 7085 ++++
rs190712692 A G 0.042826 0.01265 0.002705 0.007349 0.017951 4.676975 2.96e-06 5.529061 25.74792 2.56e-06 0.922324 3 6522 +++?
rs2767582 G T 0.208935 0.006221 0.001334 0.003606 0.008835 4.662925 3.17e-06 5.499413 3.737098 0.291288 0.197238 4 7085 ++++
rs7775178 G A 0.43801 -0.005224 0.001121 -0.007421 -0.003028 -4.662171 3.18e-06 5.497823 1.547781 0.671287 0 4 7085 ----
rs116354797 A G 0.357455 -0.005346 0.001148 -0.007597 -0.003095 -4.655002 3.29e-06 5.482729 1.693357 0.638412 0 4 7085 ----
rs247801 T G 0.461428 -0.005178 0.001112 -0.007358 -0.002998 -4.655007 3.29e-06 5.482739 3.28927 0.349139 0.087943 4 7085 ----
rs61229592 A T 0.187014 0.00644 0.001388 0.00372 0.00916 4.6403 3.53e-06 5.451842 2.558165 0.464871 0 4 7085 +-++
rs12756969 T C 0.021224 -0.01885 0.004064 -0.026815 -0.010885 -4.638678 3.56e-06 5.448438 0.372963 0.945769 0 4 7085 ----
rs288954 A G 0.18696 0.006438 0.001388 0.003717 0.009158 4.638485 3.56e-06 5.448034 2.650274 0.448744 0 4 7085 +-++
rs473559 T C 0.015257 -0.022414 0.004832 -0.031886 -0.012943 -4.638333 3.57e-06 5.447715 2.470089 0.290822 0.190313 3 6522 ---?
rs6904129 A G 0.437376 -0.005194 0.00112 -0.00739 -0.002998 -4.635776 3.61e-06 5.442355 1.653341 0.647356 0 4 7085 ----
rs9479323 C G 0.069777 -0.010065 0.002173 -0.014323 -0.005806 -4.63245 3.67e-06 5.435385 1.340576 0.719521 0 4 7085 ----
rs438655 A G 0.461943 -0.005147 0.001112 -0.007327 -0.002967 -4.627855 3.75e-06 5.425766 3.34108 0.341966 0.102087 4 7085 ----
rs6458569 T C 0.43775 -0.005181 0.001121 -0.007379 -0.002984 -4.622126 3.86e-06 5.413784 1.45832 0.691923 0 4 7085 ----
rs78222484 A G 0.061908 -0.010738 0.002328 -0.015301 -0.006175 -4.612758 4.03e-06 5.394219 4.467491 0.215208 0.328482 4 7085 -+--
rs4870174 T C 0.092988 -0.008646 0.001875 -0.012321 -0.004971 -4.610948 4.07e-06 5.390444 0.889194 0.828035 0 4 7080 ----
rs6902842 C T 0.437625 -0.005169 0.001121 -0.007367 -0.002972 -4.610636 4.08e-06 5.389794 1.475684 0.687894 0 4 7085 ----
rs9265247 T C 0.357404 -0.005293 0.001148 -0.007543 -0.003042 -4.609159 4.1e-06 5.386715 1.79713 0.61556 0 4 7085 ----
rs9265418 G A 0.357084 -0.005296 0.001149 -0.007548 -0.003044 -4.609626 4.1e-06 5.387689 1.70585 0.635634 0 4 7085 ----
rs9265156 T G 0.356947 -0.005281 0.001148 -0.007532 -0.003031 -4.599929 4.29e-06 5.367488 1.94475 0.583953 0 4 7085 ----
rs111306526 C T 0.357264 -0.005281 0.001148 -0.007532 -0.00303 -4.59881 4.31e-06 5.36516 1.826646 0.609154 0 4 7085 ----
rs6934735 T A 0.437766 -0.005156 0.001121 -0.007353 -0.002958 -4.59859 4.32e-06 5.364703 1.495429 0.683326 0 4 7085 ----
rs9265155 G A 0.357333 -0.005279 0.001148 -0.00753 -0.003029 -4.597698 4.34e-06 5.362848 1.789052 0.61732 0 4 7085 ----
rs9265163 A G 0.357333 -0.005279 0.001148 -0.00753 -0.003029 -4.597698 4.34e-06 5.362848 1.789052 0.61732 0 4 7085 ----
rs9265164 C G 0.357333 -0.005279 0.001148 -0.00753 -0.003029 -4.597698 4.34e-06 5.362848 1.789052 0.61732 0 4 7085 ----
rs9265167 A G 0.357333 -0.005279 0.001148 -0.00753 -0.003029 -4.597698 4.34e-06 5.362848 1.789052 0.61732 0 4 7085 ----
rs9265178 C T 0.357333 -0.005279 0.001148 -0.00753 -0.003029 -4.597698 4.34e-06 5.362848 1.789052 0.61732 0 4 7085 ----
rs9265181 G A 0.357333 -0.005279 0.001148 -0.00753 -0.003029 -4.597698 4.34e-06 5.362848 1.789052 0.61732 0 4 7085 ----
rs9265196 C G 0.357333 -0.005279 0.001148 -0.00753 -0.003029 -4.597698 4.34e-06 5.362848 1.789052 0.61732 0 4 7085 ----
rs9265200 T C 0.357333 -0.005279 0.001148 -0.00753 -0.003029 -4.597698 4.34e-06 5.362848 1.789052 0.61732 0 4 7085 ----
rs9265212 C T 0.357333 -0.005279 0.001148 -0.00753 -0.003029 -4.597698 4.34e-06 5.362848 1.789052 0.61732 0 4 7085 ----
rs9265225 A G 0.357333 -0.005279 0.001148 -0.00753 -0.003029 -4.597698 4.34e-06 5.362848 1.789052 0.61732 0 4 7085 ----
rs9265248 C A 0.357333 -0.005279 0.001148 -0.00753 -0.003029 -4.597698 4.34e-06 5.362848 1.789052 0.61732 0 4 7085 ----
rs9265249 T C 0.357333 -0.005279 0.001148 -0.00753 -0.003029 -4.597698 4.34e-06 5.362848 1.789052 0.61732 0 4 7085 ----
rs9265251 G A 0.357333 -0.005279 0.001148 -0.00753 -0.003029 -4.597698 4.34e-06 5.362848 1.789052 0.61732 0 4 7085 ----
rs9265252 T C 0.357333 -0.005279 0.001148 -0.00753 -0.003029 -4.597698 4.34e-06 5.362848 1.789052 0.61732 0 4 7085 ----
rs9265277 A T 0.357324 -0.005279 0.001148 -0.00753 -0.003029 -4.59741 4.34e-06 5.362248 1.751989 0.625438 0 4 7085 ----
rs6623768 A C 0.183667 -0.004593 0.000999 -0.006551 -0.002635 -4.597231 4.35e-06 5.361876 2.25604 0.520995 0 4 6956 -+--
rs9265202 A G 0.357333 -0.005278 0.001148 -0.007529 -0.003027 -4.596302 4.37e-06 5.359944 1.786088 0.617967 0 4 7085 ----
rs111792836 A G 0.357264 -0.005277 0.001148 -0.007527 -0.003026 -4.595477 4.38e-06 5.358228 1.808493 0.613088 0 4 7085 ----
rs9265187 T A 0.357392 -0.005275 0.001148 -0.007526 -0.003024 -4.593831 4.42e-06 5.354806 1.805899 0.613652 0 4 7085 ----
rs9265173 A G 0.357333 -0.005274 0.001148 -0.007524 -0.003023 -4.592749 4.44e-06 5.352558 1.767147 0.62211 0 4 7085 ----
rs9265255 T G 0.357327 -0.005272 0.001148 -0.007522 -0.003021 -4.591492 4.47e-06 5.349947 1.78757 0.617644 0 4 7085 ----
rs113777074 C T 0.356816 -0.005268 0.001148 -0.007519 -0.003018 -4.588355 4.53e-06 5.343431 1.924422 0.58824 0 4 7085 ----
rs9265472 G A 0.356816 -0.005268 0.001148 -0.007519 -0.003018 -4.588355 4.53e-06 5.343431 1.924422 0.58824 0 4 7085 ----
rs9265484 C T 0.356816 -0.005268 0.001148 -0.007519 -0.003018 -4.588355 4.53e-06 5.343431 1.924422 0.58824 0 4 7085 ----
rs9265265 C T 0.357264 -0.005269 0.001148 -0.007519 -0.003018 -4.587844 4.55e-06 5.34237 1.777875 0.619761 0 4 7085 ----
rs9265266 A G 0.357264 -0.005269 0.001148 -0.007519 -0.003018 -4.587844 4.55e-06 5.34237 1.777875 0.619761 0 4 7085 ----
rs9265267 C T 0.357264 -0.005269 0.001148 -0.007519 -0.003018 -4.587844 4.55e-06 5.34237 1.777875 0.619761 0 4 7085 ----
chr6:31323729:A:G A G 0.357264 -0.005269 0.001148 -0.007519 -0.003018 -4.587844 4.55e-06 5.34237 1.777875 0.619761 0 4 7085 ----
rs9265256 G A 0.357264 -0.005266 0.001148 -0.007517 -0.003015 -4.585908 4.59e-06 5.338353 1.769344 0.621629 0 4 7085 ----
rs9265261 G A 0.357264 -0.005266 0.001148 -0.007517 -0.003015 -4.585908 4.59e-06 5.338353 1.769344 0.621629 0 4 7085 ----
rs9265263 A G 0.357264 -0.005266 0.001148 -0.007517 -0.003015 -4.585908 4.59e-06 5.338353 1.769344 0.621629 0 4 7085 ----
rs9265264 G C 0.357264 -0.005266 0.001148 -0.007517 -0.003015 -4.585908 4.59e-06 5.338353 1.769344 0.621629 0 4 7085 ----
rs9265270 G A 0.357264 -0.005266 0.001148 -0.007517 -0.003015 -4.585908 4.59e-06 5.338353 1.769344 0.621629 0 4 7085 ----
rs9265271 T C 0.357264 -0.005266 0.001148 -0.007517 -0.003015 -4.585908 4.59e-06 5.338353 1.769344 0.621629 0 4 7085 ----
rs9265272 A T 0.357264 -0.005266 0.001148 -0.007517 -0.003015 -4.585908 4.59e-06 5.338353 1.769344 0.621629 0 4 7085 ----
rs9265273 C T 0.357264 -0.005266 0.001148 -0.007517 -0.003015 -4.585908 4.59e-06 5.338353 1.769344 0.621629 0 4 7085 ----
rs9265276 G T 0.357264 -0.005266 0.001148 -0.007517 -0.003015 -4.585908 4.59e-06 5.338353 1.769344 0.621629 0 4 7085 ----
rs9265333 A G 0.357264 -0.005266 0.001148 -0.007517 -0.003015 -4.585908 4.59e-06 5.338353 1.769344 0.621629 0 4 7085 ----
rs9265334 G A 0.357264 -0.005266 0.001148 -0.007517 -0.003015 -4.585908 4.59e-06 5.338353 1.769344 0.621629 0 4 7085 ----
rs9265335 T C 0.357264 -0.005266 0.001148 -0.007517 -0.003015 -4.585908 4.59e-06 5.338353 1.769344 0.621629 0 4 7085 ----
rs9265366 C T 0.357264 -0.005266 0.001148 -0.007517 -0.003015 -4.585908 4.59e-06 5.338353 1.769344 0.621629 0 4 7085 ----
rs9265367 T G 0.357264 -0.005266 0.001148 -0.007517 -0.003015 -4.585908 4.59e-06 5.338353 1.769344 0.621629 0 4 7085 ----
rs9265368 A G 0.357264 -0.005266 0.001148 -0.007517 -0.003015 -4.585908 4.59e-06 5.338353 1.769344 0.621629 0 4 7085 ----
rs113771032 C T 0.357264 -0.005266 0.001148 -0.007517 -0.003015 -4.585908 4.59e-06 5.338353 1.769344 0.621629 0 4 7085 ----
rs114581537 A T 0.357264 -0.005266 0.001148 -0.007517 -0.003015 -4.585908 4.59e-06 5.338353 1.769344 0.621629 0 4 7085 ----
rs144363644 G A 0.357264 -0.005266 0.001148 -0.007517 -0.003015 -4.585908 4.59e-06 5.338353 1.769344 0.621629 0 4 7085 ----
rs76519377 A G 0.357264 -0.005266 0.001148 -0.007517 -0.003015 -4.585908 4.59e-06 5.338353 1.769344 0.621629 0 4 7085 ----
rs76740594 A G 0.357395 -0.005265 0.001148 -0.007516 -0.003015 -4.585674 4.59e-06 5.337866 1.700837 0.636748 0 4 7085 ----
rs113628190 C T 0.357264 -0.005266 0.001148 -0.007517 -0.003015 -4.585908 4.59e-06 5.338353 1.769344 0.621629 0 4 7085 ----
rs112428013 G C 0.357264 -0.005266 0.001148 -0.007517 -0.003015 -4.585908 4.59e-06 5.338353 1.769344 0.621629 0 4 7085 ----
rs9265394 G A 0.357264 -0.005266 0.001148 -0.007517 -0.003015 -4.585908 4.59e-06 5.338353 1.769344 0.621629 0 4 7085 ----
rs9265395 C T 0.357264 -0.005266 0.001148 -0.007517 -0.003015 -4.585908 4.59e-06 5.338353 1.769344 0.621629 0 4 7085 ----
rs9265396 C G 0.357264 -0.005266 0.001148 -0.007517 -0.003015 -4.585908 4.59e-06 5.338353 1.769344 0.621629 0 4 7085 ----
rs9265397 A C 0.357264 -0.005266 0.001148 -0.007517 -0.003015 -4.585908 4.59e-06 5.338353 1.769344 0.621629 0 4 7085 ----
rs9265400 A G 0.357264 -0.005266 0.001148 -0.007517 -0.003015 -4.585908 4.59e-06 5.338353 1.769344 0.621629 0 4 7085 ----
rs9265401 T C 0.357264 -0.005266 0.001148 -0.007517 -0.003015 -4.585908 4.59e-06 5.338353 1.769344 0.621629 0 4 7085 ----
rs9265402 T C 0.357264 -0.005266 0.001148 -0.007517 -0.003015 -4.585908 4.59e-06 5.338353 1.769344 0.621629 0 4 7085 ----
rs9265403 T C 0.357264 -0.005266 0.001148 -0.007517 -0.003015 -4.585908 4.59e-06 5.338353 1.769344 0.621629 0 4 7085 ----
rs9265404 T C 0.357264 -0.005266 0.001148 -0.007517 -0.003015 -4.585908 4.59e-06 5.338353 1.769344 0.621629 0 4 7085 ----
rs9265405 T C 0.357264 -0.005266 0.001148 -0.007517 -0.003015 -4.585908 4.59e-06 5.338353 1.769344 0.621629 0 4 7085 ----
rs9265407 G A 0.357264 -0.005266 0.001148 -0.007517 -0.003015 -4.585908 4.59e-06 5.338353 1.769344 0.621629 0 4 7085 ----
rs9265410 A G 0.357264 -0.005266 0.001148 -0.007517 -0.003015 -4.585908 4.59e-06 5.338353 1.769344 0.621629 0 4 7085 ----
rs9265414 C A 0.357264 -0.005266 0.001148 -0.007517 -0.003015 -4.585908 4.59e-06 5.338353 1.769344 0.621629 0 4 7085 ----
rs9265415 A T 0.357264 -0.005266 0.001148 -0.007517 -0.003015 -4.585908 4.59e-06 5.338353 1.769344 0.621629 0 4 7085 ----
rs9265419 C A 0.357264 -0.005266 0.001148 -0.007517 -0.003015 -4.585908 4.59e-06 5.338353 1.769344 0.621629 0 4 7085 ----
rs9265423 G T 0.357264 -0.005266 0.001148 -0.007517 -0.003015 -4.585908 4.59e-06 5.338353 1.769344 0.621629 0 4 7085 ----
rs9265424 G A 0.357264 -0.005266 0.001148 -0.007517 -0.003015 -4.585908 4.59e-06 5.338353 1.769344 0.621629 0 4 7085 ----
rs9265425 T G 0.357264 -0.005266 0.001148 -0.007517 -0.003015 -4.585908 4.59e-06 5.338353 1.769344 0.621629 0 4 7085 ----
rs9265427 G C 0.357264 -0.005266 0.001148 -0.007517 -0.003015 -4.585908 4.59e-06 5.338353 1.769344 0.621629 0 4 7085 ----
rs9265428 C T 0.357264 -0.005266 0.001148 -0.007517 -0.003015 -4.585908 4.59e-06 5.338353 1.769344 0.621629 0 4 7085 ----
rs9265429 A G 0.357264 -0.005266 0.001148 -0.007517 -0.003015 -4.585908 4.59e-06 5.338353 1.769344 0.621629 0 4 7085 ----
rs9265430 T C 0.357264 -0.005266 0.001148 -0.007517 -0.003015 -4.585908 4.59e-06 5.338353 1.769344 0.621629 0 4 7085 ----
rs9265458 C G 0.357264 -0.005266 0.001148 -0.007517 -0.003015 -4.585908 4.59e-06 5.338353 1.769344 0.621629 0 4 7085 ----
rs9265462 G A 0.357264 -0.005266 0.001148 -0.007517 -0.003015 -4.585908 4.59e-06 5.338353 1.769344 0.621629 0 4 7085 ----
rs9265466 A T 0.357264 -0.005266 0.001148 -0.007517 -0.003015 -4.585908 4.59e-06 5.338353 1.769344 0.621629 0 4 7085 ----
rs9265467 C T 0.357264 -0.005266 0.001148 -0.007517 -0.003015 -4.585908 4.59e-06 5.338353 1.769344 0.621629 0 4 7085 ----
rs9265468 T G 0.357264 -0.005266 0.001148 -0.007517 -0.003015 -4.585908 4.59e-06 5.338353 1.769344 0.621629 0 4 7085 ----
rs9265469 G T 0.357264 -0.005266 0.001148 -0.007517 -0.003015 -4.585908 4.59e-06 5.338353 1.769344 0.621629 0 4 7085 ----
rs9265470 A G 0.357264 -0.005266 0.001148 -0.007517 -0.003015 -4.585908 4.59e-06 5.338353 1.769344 0.621629 0 4 7085 ----
rs9265471 G A 0.357264 -0.005266 0.001148 -0.007517 -0.003015 -4.585908 4.59e-06 5.338353 1.769344 0.621629 0 4 7085 ----
rs9265476 G A 0.357264 -0.005266 0.001148 -0.007517 -0.003015 -4.585908 4.59e-06 5.338353 1.769344 0.621629 0 4 7085 ----
rs9265477 C T 0.357264 -0.005266 0.001148 -0.007517 -0.003015 -4.585908 4.59e-06 5.338353 1.769344 0.621629 0 4 7085 ----
rs9265478 C G 0.357264 -0.005266 0.001148 -0.007517 -0.003015 -4.585908 4.59e-06 5.338353 1.769344 0.621629 0 4 7085 ----
rs9265479 A G 0.357264 -0.005266 0.001148 -0.007517 -0.003015 -4.585908 4.59e-06 5.338353 1.769344 0.621629 0 4 7085 ----
rs9265480 C A 0.357264 -0.005266 0.001148 -0.007517 -0.003015 -4.585908 4.59e-06 5.338353 1.769344 0.621629 0 4 7085 ----
rs9265482 G A 0.357264 -0.005266 0.001148 -0.007517 -0.003015 -4.585908 4.59e-06 5.338353 1.769344 0.621629 0 4 7085 ----
rs9265483 A G 0.357264 -0.005266 0.001148 -0.007517 -0.003015 -4.585908 4.59e-06 5.338353 1.769344 0.621629 0 4 7085 ----
rs9265485 G A 0.357264 -0.005266 0.001148 -0.007517 -0.003015 -4.585908 4.59e-06 5.338353 1.769344 0.621629 0 4 7085 ----
rs9265486 C T 0.357264 -0.005266 0.001148 -0.007517 -0.003015 -4.585908 4.59e-06 5.338353 1.769344 0.621629 0 4 7085 ----
rs9265488 A G 0.357264 -0.005266 0.001148 -0.007517 -0.003015 -4.585908 4.59e-06 5.338353 1.769344 0.621629 0 4 7085 ----
rs111895018 A T 0.357452 -0.005262 0.001148 -0.007513 -0.003012 -4.583524 4.64e-06 5.333407 1.752516 0.625322 0 4 7085 ----
rs9265262 C T 0.357264 -0.005263 0.001148 -0.007513 -0.003012 -4.583211 4.65e-06 5.332757 1.754318 0.624926 0 4 7085 ----
rs9265489 T A 0.35727 -0.005263 0.001148 -0.007514 -0.003012 -4.582752 4.66e-06 5.331806 1.783348 0.618565 0 4 7085 ----
rs9265412 G C 0.356879 -0.005261 0.001148 -0.007511 -0.003011 -4.582253 4.67e-06 5.330771 1.893007 0.594908 0 4 7085 ----
rs9265398 C T 0.357205 -0.005259 0.001148 -0.007508 -0.003009 -4.581213 4.69e-06 5.328614 1.779001 0.619515 0 4 7085 ----
rs9265411 A G 0.357264 -0.005259 0.001148 -0.007509 -0.003008 -4.579984 4.72e-06 5.326065 1.740214 0.628031 0 4 7085 ----
rs7754332 A G 0.440707 -0.005137 0.001122 -0.007335 -0.002938 -4.579801 4.72e-06 5.325688 1.461675 0.691144 0 4 7085 ----
rs325397 C T 0.262183 -0.005725 0.001251 -0.008177 -0.003273 -4.576479 4.8e-06 5.318803 2.058985 0.560255 0 4 7085 ----
rs28752844 G T 0.357452 -0.005252 0.001148 -0.007501 -0.003002 -4.575543 4.82e-06 5.316865 2.031002 0.565997 0 4 7085 ----
rs375274685 A G 0.357333 -0.005252 0.001148 -0.007502 -0.003001 -4.573 4.88e-06 5.311602 1.830968 0.608219 0 4 7085 ----
rs115999797 C T 0.357333 -0.005252 0.001148 -0.007502 -0.003001 -4.573 4.88e-06 5.311602 1.830968 0.608219 0 4 7085 ----
rs112084602 C T 0.357267 -0.005256 0.001149 -0.007508 -0.003003 -4.572652 4.89e-06 5.310881 1.862208 0.601492 0 4 7085 ----
rs9265413 C T 0.356816 -0.005249 0.001148 -0.0075 -0.002999 -4.572167 4.9e-06 5.309877 1.847177 0.604723 0 4 7085 ----
rs8182139 T A 0.462889 -0.005083 0.001113 -0.007265 -0.002901 -4.56591 5.05e-06 5.296936 3.329189 0.343601 0.09888 4 7085 ----
rs9265160 A C 0.357392 -0.005238 0.001148 -0.007488 -0.002987 -4.561554 5.15e-06 5.287937 1.845432 0.605099 0 4 7085 ----
rs9265161 T C 0.357392 -0.005238 0.001148 -0.007488 -0.002987 -4.561554 5.15e-06 5.287937 1.845432 0.605099 0 4 7085 ----
rs71352239 T C 0.306722 0.005688 0.001247 0.003244 0.008132 4.561187 5.16e-06 5.28718 23.244517 8.96e-06 0.913958 3 6522 +++?
rs9265587 C T 0.357317 -0.005235 0.001148 -0.007485 -0.002985 -4.559769 5.2e-06 5.284253 1.837874 0.606728 0 4 7085 ----
rs9265669 A G 0.357011 -0.005237 0.001149 -0.007488 -0.002986 -4.559302 5.21e-06 5.283287 1.847759 0.604598 0 4 7085 ----
rs9265681 G A 0.357199 -0.005232 0.001148 -0.007482 -0.002983 -4.559429 5.21e-06 5.283551 1.840971 0.60606 0 4 7085 ----
rs9265682 A G 0.357199 -0.005232 0.001148 -0.007482 -0.002983 -4.559429 5.21e-06 5.283551 1.840971 0.60606 0 4 7085 ----
rs9265610 A G 0.35764 -0.005221 0.001145 -0.007466 -0.002976 -4.557836 5.24e-06 5.280263 1.899815 0.593459 0 4 7085 ----
rs6564054 C T 0.4627 -0.005064 0.001112 -0.007244 -0.002885 -4.55476 5.32e-06 5.273917 3.75739 0.288882 0.201573 4 7085 ----
rs288952 T C 0.185385 0.006349 0.001395 0.003615 0.009083 4.552079 5.39e-06 5.268391 2.69117 0.44173 0 4 7085 +-++
rs6916662 A G 0.440063 -0.005104 0.001121 -0.007302 -0.002906 -4.55085 5.42e-06 5.265858 1.481699 0.686501 0 4 7085 ----
rs9265678 G A 0.357261 -0.005221 0.001148 -0.007471 -0.002972 -4.549776 5.45e-06 5.263646 1.797761 0.615422 0 4 7085 ----
rs2767580 T C 0.189854 0.006276 0.00138 0.003572 0.00898 4.549134 5.47e-06 5.262322 1.388054 0.708337 0 4 7085 ++++
rs9265608 G C 0.357258 -0.005218 0.001148 -0.007468 -0.002968 -4.545631 5.56e-06 5.255109 1.918203 0.589556 0 4 7085 ----
rs9265609 C G 0.357258 -0.005218 0.001148 -0.007468 -0.002968 -4.545631 5.56e-06 5.255109 1.918203 0.589556 0 4 7085 ----
rs9265511 A G 0.35732 -0.005217 0.001148 -0.007467 -0.002967 -4.544557 5.59e-06 5.252899 1.913265 0.590603 0 4 7085 ----
rs756381 G T 0.205659 -0.004325 0.000952 -0.006191 -0.002459 -4.543513 5.61e-06 5.250751 1.111 0.774419 0 4 6956 ----
rs288944 T C 0.200949 0.006194 0.001364 0.003522 0.008867 4.542556 5.64e-06 5.248781 2.394111 0.494732 0 4 7084 +-++
rs568398641 C A 0.021123 -0.01855 0.004084 -0.026555 -0.010545 -4.542003 5.65e-06 5.247645 0.695476 0.874268 0 4 7085 ----
rs28752845 C T 0.356961 -0.005212 0.001148 -0.007462 -0.002962 -4.540655 5.69e-06 5.244872 2.02522 0.567189 0 4 7085 ----
rs9265513 G A 0.356893 -0.005209 0.001148 -0.007459 -0.002959 -4.537937 5.76e-06 5.239285 2.036151 0.564937 0 4 7085 ----
rs9265564 C T 0.356893 -0.005209 0.001148 -0.007459 -0.002959 -4.537937 5.76e-06 5.239285 2.036151 0.564937 0 4 7085 ----
rs9265570 A G 0.356893 -0.005209 0.001148 -0.007459 -0.002959 -4.537937 5.76e-06 5.239285 2.036151 0.564937 0 4 7085 ----
rs9265592 T C 0.356893 -0.005209 0.001148 -0.007459 -0.002959 -4.537937 5.76e-06 5.239285 2.036151 0.564937 0 4 7085 ----
rs9265512 A C 0.357258 -0.005207 0.001148 -0.007458 -0.002957 -4.535642 5.83e-06 5.234571 1.875837 0.598573 0 4 7085 ----
rs9265514 C T 0.357258 -0.005207 0.001148 -0.007458 -0.002957 -4.535642 5.83e-06 5.234571 1.875837 0.598573 0 4 7085 ----
rs9265519 A G 0.357258 -0.005207 0.001148 -0.007458 -0.002957 -4.535642 5.83e-06 5.234571 1.875837 0.598573 0 4 7085 ----
rs9265520 C G 0.35732 -0.005207 0.001148 -0.007458 -0.002957 -4.535642 5.83e-06 5.234571 1.875837 0.598573 0 4 7085 ----
rs9265521 G A 0.35732 -0.005207 0.001148 -0.007458 -0.002957 -4.535642 5.83e-06 5.234571 1.875837 0.598573 0 4 7085 ----
rs9265532 C A 0.357258 -0.005207 0.001148 -0.007458 -0.002957 -4.535642 5.83e-06 5.234571 1.875837 0.598573 0 4 7085 ----
rs9265533 A G 0.357258 -0.005207 0.001148 -0.007458 -0.002957 -4.535642 5.83e-06 5.234571 1.875837 0.598573 0 4 7085 ----
rs9265534 C G 0.357258 -0.005207 0.001148 -0.007458 -0.002957 -4.535642 5.83e-06 5.234571 1.875837 0.598573 0 4 7085 ----
rs9265535 C A 0.357258 -0.005207 0.001148 -0.007458 -0.002957 -4.535642 5.83e-06 5.234571 1.875837 0.598573 0 4 7085 ----
rs9265536 C T 0.357258 -0.005207 0.001148 -0.007458 -0.002957 -4.535642 5.83e-06 5.234571 1.875837 0.598573 0 4 7085 ----
rs9265537 A G 0.357258 -0.005207 0.001148 -0.007458 -0.002957 -4.535642 5.83e-06 5.234571 1.875837 0.598573 0 4 7085 ----
rs9265538 G C 0.357258 -0.005207 0.001148 -0.007458 -0.002957 -4.535642 5.83e-06 5.234571 1.875837 0.598573 0 4 7085 ----
rs9265539 A G 0.357258 -0.005207 0.001148 -0.007458 -0.002957 -4.535642 5.83e-06 5.234571 1.875837 0.598573 0 4 7085 ----
rs9265565 A G 0.357258 -0.005207 0.001148 -0.007458 -0.002957 -4.535642 5.83e-06 5.234571 1.875837 0.598573 0 4 7085 ----
rs9265574 T G 0.357258 -0.005207 0.001148 -0.007458 -0.002957 -4.535642 5.83e-06 5.234571 1.875837 0.598573 0 4 7085 ----
rs9265576 A G 0.357258 -0.005207 0.001148 -0.007458 -0.002957 -4.535642 5.83e-06 5.234571 1.875837 0.598573 0 4 7085 ----
rs9265577 A G 0.357258 -0.005207 0.001148 -0.007458 -0.002957 -4.535642 5.83e-06 5.234571 1.875837 0.598573 0 4 7085 ----
rs9265578 C T 0.357258 -0.005207 0.001148 -0.007458 -0.002957 -4.535642 5.83e-06 5.234571 1.875837 0.598573 0 4 7085 ----
rs9265579 C T 0.357258 -0.005207 0.001148 -0.007458 -0.002957 -4.535642 5.83e-06 5.234571 1.875837 0.598573 0 4 7085 ----
rs9265580 C G 0.357258 -0.005207 0.001148 -0.007458 -0.002957 -4.535642 5.83e-06 5.234571 1.875837 0.598573 0 4 7085 ----
rs9265582 A T 0.357258 -0.005207 0.001148 -0.007458 -0.002957 -4.535642 5.83e-06 5.234571 1.875837 0.598573 0 4 7085 ----
rs9265583 A C 0.357258 -0.005207 0.001148 -0.007458 -0.002957 -4.535642 5.83e-06 5.234571 1.875837 0.598573 0 4 7085 ----
rs9265585 C G 0.357258 -0.005207 0.001148 -0.007458 -0.002957 -4.535642 5.83e-06 5.234571 1.875837 0.598573 0 4 7085 ----
rs9265588 C T 0.357258 -0.005207 0.001148 -0.007458 -0.002957 -4.535642 5.83e-06 5.234571 1.875837 0.598573 0 4 7085 ----
rs9265590 T C 0.357258 -0.005207 0.001148 -0.007458 -0.002957 -4.535642 5.83e-06 5.234571 1.875837 0.598573 0 4 7085 ----
rs9265591 T A 0.357258 -0.005207 0.001148 -0.007458 -0.002957 -4.535642 5.83e-06 5.234571 1.875837 0.598573 0 4 7085 ----
rs9265593 A G 0.357258 -0.005207 0.001148 -0.007458 -0.002957 -4.535642 5.83e-06 5.234571 1.875837 0.598573 0 4 7085 ----
rs9265594 T C 0.357258 -0.005207 0.001148 -0.007458 -0.002957 -4.535642 5.83e-06 5.234571 1.875837 0.598573 0 4 7085 ----
rs9265596 G A 0.357258 -0.005207 0.001148 -0.007458 -0.002957 -4.535642 5.83e-06 5.234571 1.875837 0.598573 0 4 7085 ----
rs9265598 A C 0.357258 -0.005207 0.001148 -0.007458 -0.002957 -4.535642 5.83e-06 5.234571 1.875837 0.598573 0 4 7085 ----
rs9265600 A G 0.357258 -0.005207 0.001148 -0.007458 -0.002957 -4.535642 5.83e-06 5.234571 1.875837 0.598573 0 4 7085 ----
rs9265601 G C 0.357258 -0.005207 0.001148 -0.007458 -0.002957 -4.535642 5.83e-06 5.234571 1.875837 0.598573 0 4 7085 ----
rs9265602 G C 0.357258 -0.005207 0.001148 -0.007458 -0.002957 -4.535642 5.83e-06 5.234571 1.875837 0.598573 0 4 7085 ----
rs9265604 C T 0.357258 -0.005207 0.001148 -0.007458 -0.002957 -4.535642 5.83e-06 5.234571 1.875837 0.598573 0 4 7085 ----
rs9265605 G A 0.357258 -0.005207 0.001148 -0.007458 -0.002957 -4.535642 5.83e-06 5.234571 1.875837 0.598573 0 4 7085 ----
rs9265606 G A 0.357258 -0.005207 0.001148 -0.007458 -0.002957 -4.535642 5.83e-06 5.234571 1.875837 0.598573 0 4 7085 ----
rs9265607 A G 0.357258 -0.005207 0.001148 -0.007458 -0.002957 -4.535642 5.83e-06 5.234571 1.875837 0.598573 0 4 7085 ----
rs9265653 C T 0.357258 -0.005207 0.001148 -0.007458 -0.002957 -4.535642 5.83e-06 5.234571 1.875837 0.598573 0 4 7085 ----
rs9265654 A G 0.357258 -0.005207 0.001148 -0.007458 -0.002957 -4.535642 5.83e-06 5.234571 1.875837 0.598573 0 4 7085 ----
rs9265655 C T 0.35732 -0.005207 0.001148 -0.007458 -0.002957 -4.535642 5.83e-06 5.234571 1.875837 0.598573 0 4 7085 ----
rs9265657 C G 0.357258 -0.005207 0.001148 -0.007458 -0.002957 -4.535642 5.83e-06 5.234571 1.875837 0.598573 0 4 7085 ----
rs9265659 C G 0.35732 -0.005207 0.001148 -0.007458 -0.002957 -4.535642 5.83e-06 5.234571 1.875837 0.598573 0 4 7085 ----
rs9265660 A G 0.357258 -0.005207 0.001148 -0.007458 -0.002957 -4.535642 5.83e-06 5.234571 1.875837 0.598573 0 4 7085 ----
rs9265662 A C 0.357258 -0.005207 0.001148 -0.007458 -0.002957 -4.535642 5.83e-06 5.234571 1.875837 0.598573 0 4 7085 ----
rs9265663 A G 0.357258 -0.005207 0.001148 -0.007458 -0.002957 -4.535642 5.83e-06 5.234571 1.875837 0.598573 0 4 7085 ----
rs9265665 C A 0.357258 -0.005207 0.001148 -0.007458 -0.002957 -4.535642 5.83e-06 5.234571 1.875837 0.598573 0 4 7085 ----
rs9265670 G A 0.357258 -0.005207 0.001148 -0.007458 -0.002957 -4.535642 5.83e-06 5.234571 1.875837 0.598573 0 4 7085 ----
rs9265672 G A 0.357258 -0.005207 0.001148 -0.007458 -0.002957 -4.535642 5.83e-06 5.234571 1.875837 0.598573 0 4 7085 ----
rs9265674 G T 0.357258 -0.005207 0.001148 -0.007458 -0.002957 -4.535642 5.83e-06 5.234571 1.875837 0.598573 0 4 7085 ----
rs9265675 C T 0.357258 -0.005207 0.001148 -0.007458 -0.002957 -4.535642 5.83e-06 5.234571 1.875837 0.598573 0 4 7085 ----
rs9265684 G T 0.357258 -0.005207 0.001148 -0.007458 -0.002957 -4.535642 5.83e-06 5.234571 1.875837 0.598573 0 4 7085 ----
rs9265595 T C 0.364363 -0.005182 0.001143 -0.007423 -0.002942 -4.533776 5.88e-06 5.230737 1.364644 0.713843 0 4 7085 ----
rs9265275 T C 0.357126 -0.005203 0.001148 -0.007452 -0.002953 -4.532422 5.92e-06 5.227956 1.85467 0.603111 0 4 7085 ----
rs11798975 C G 0.2056 -0.004312 0.000952 -0.006177 -0.002446 -4.530515 5.97e-06 5.224043 1.15967 0.762692 0 4 6956 ----
rs2767583 G C 0.227277 0.005865 0.001295 0.003327 0.008404 4.528949 6.01e-06 5.22083 2.537084 0.468626 0 4 7085 ++++
rs9265611 G A 0.357456 -0.005188 0.001146 -0.007433 -0.002942 -4.528312 6.03e-06 5.219524 1.900512 0.59331 0 4 7085 ----
rs9265615 A G 0.357456 -0.005188 0.001146 -0.007433 -0.002942 -4.528312 6.03e-06 5.219524 1.900512 0.59331 0 4 7085 ----
rs9265616 T C 0.357456 -0.005188 0.001146 -0.007433 -0.002942 -4.528312 6.03e-06 5.219524 1.900512 0.59331 0 4 7085 ----
rs9265617 G T 0.357456 -0.005188 0.001146 -0.007433 -0.002942 -4.528312 6.03e-06 5.219524 1.900512 0.59331 0 4 7085 ----
rs9265621 A G 0.357456 -0.005188 0.001146 -0.007433 -0.002942 -4.528312 6.03e-06 5.219524 1.900512 0.59331 0 4 7085 ----
rs9265623 G A 0.357456 -0.005188 0.001146 -0.007433 -0.002942 -4.528312 6.03e-06 5.219524 1.900512 0.59331 0 4 7085 ----
rs9265625 A G 0.357456 -0.005188 0.001146 -0.007433 -0.002942 -4.528312 6.03e-06 5.219524 1.900512 0.59331 0 4 7085 ----
rs9265626 T C 0.357456 -0.005188 0.001146 -0.007433 -0.002942 -4.528312 6.03e-06 5.219524 1.900512 0.59331 0 4 7085 ----
rs9265642 C T 0.357456 -0.005188 0.001146 -0.007433 -0.002942 -4.528312 6.03e-06 5.219524 1.900512 0.59331 0 4 7085 ----
rs9265646 A G 0.357456 -0.005188 0.001146 -0.007433 -0.002942 -4.528312 6.03e-06 5.219524 1.900512 0.59331 0 4 7085 ----
rs9265650 G A 0.357456 -0.005188 0.001146 -0.007433 -0.002942 -4.528312 6.03e-06 5.219524 1.900512 0.59331 0 4 7085 ----
rs9265527 C T 0.357196 -0.005199 0.001148 -0.007449 -0.002948 -4.527599 6.05e-06 5.218061 1.842705 0.605686 0 4 7085 ----
rs9265528 A G 0.357196 -0.005199 0.001148 -0.007449 -0.002948 -4.527599 6.05e-06 5.218061 1.842705 0.605686 0 4 7085 ----
rs9265529 G C 0.357196 -0.005199 0.001148 -0.007449 -0.002948 -4.527599 6.05e-06 5.218061 1.842705 0.605686 0 4 7085 ----
rs9265531 T C 0.357196 -0.005199 0.001148 -0.007449 -0.002948 -4.527599 6.05e-06 5.218061 1.842705 0.605686 0 4 7085 ----
rs9265641 T C 0.357774 -0.005186 0.001146 -0.007432 -0.002941 -4.527431 6.06e-06 5.217718 2.060775 0.559889 0 4 7085 ----
rs9265666 A G 0.35732 -0.005196 0.001148 -0.007447 -0.002946 -4.525985 6.1e-06 5.214753 1.832205 0.607952 0 4 7085 ----
rs9265667 A T 0.35732 -0.005196 0.001148 -0.007447 -0.002946 -4.525985 6.1e-06 5.214753 1.832205 0.607952 0 4 7085 ----
rs9265677 G C 0.35732 -0.005196 0.001148 -0.007447 -0.002946 -4.525985 6.1e-06 5.214753 1.832205 0.607952 0 4 7085 ----
rs35300875 G C 0.021058 -0.018545 0.004098 -0.026576 -0.010513 -4.525651 6.11e-06 5.214066 0.527956 0.912708 0 4 7085 ----
rs35000832 G C 0.021058 -0.018545 0.004098 -0.026576 -0.010513 -4.525651 6.11e-06 5.214066 0.527956 0.912708 0 4 7085 ----
rs12722809 T C 0.021058 -0.018545 0.004098 -0.026576 -0.010513 -4.525651 6.11e-06 5.214066 0.527956 0.912708 0 4 7085 ----
rs113426032 G C 0.021058 -0.018545 0.004098 -0.026576 -0.010513 -4.525651 6.11e-06 5.214066 0.527956 0.912708 0 4 7085 ----
rs61005537 C T 0.021058 -0.018545 0.004098 -0.026576 -0.010513 -4.525651 6.11e-06 5.214066 0.527956 0.912708 0 4 7085 ----
rs12731683 A C 0.021058 -0.018545 0.004098 -0.026576 -0.010513 -4.525651 6.11e-06 5.214066 0.527956 0.912708 0 4 7085 ----
rs9265571 T C 0.357258 -0.005195 0.001148 -0.007445 -0.002945 -4.525228 6.12e-06 5.2132 1.825577 0.609385 0 4 7085 ----
rs9265725 G A 0.357334 -0.005194 0.001148 -0.007444 -0.002944 -4.524947 6.13e-06 5.212625 1.846774 0.60481 0 4 7085 ----
rs9265705 G T 0.357393 -0.005194 0.001148 -0.007444 -0.002944 -4.524514 6.14e-06 5.211738 1.88816 0.595941 0 4 7085 ----
rs9265643 C T 0.357456 -0.00518 0.001146 -0.007426 -0.002935 -4.521354 6.23e-06 5.205262 1.87199 0.599396 0 4 7085 ----
rs5922267 G A 0.206689 -0.004297 0.00095 -0.00616 -0.002434 -4.521522 6.23e-06 5.205606 1.11348 0.773821 0 4 6956 ----
rs4140569 G T 0.206689 -0.004297 0.00095 -0.00616 -0.002434 -4.521522 6.23e-06 5.205606 1.11348 0.773821 0 4 6956 ----
rs4140568 G A 0.206689 -0.004297 0.00095 -0.00616 -0.002434 -4.521522 6.23e-06 5.205606 1.11348 0.773821 0 4 6956 ----
rs9265526 C T 0.357317 -0.005191 0.001148 -0.007441 -0.00294 -4.52105 6.24e-06 5.204639 1.810125 0.612734 0 4 7085 ----
rs9265558 T G 0.357649 -0.005182 0.001146 -0.007428 -0.002935 -4.521138 6.24e-06 5.204819 1.771195 0.621223 0 4 7085 ----
rs9265685 A G 0.357393 -0.005188 0.001148 -0.007438 -0.002939 -4.520009 6.27e-06 5.202507 1.867455 0.600367 0 4 7085 ----
rs9265688 G A 0.357393 -0.005188 0.001148 -0.007438 -0.002939 -4.520009 6.27e-06 5.202507 1.867455 0.600367 0 4 7085 ----
rs9265690 T C 0.357393 -0.005188 0.001148 -0.007438 -0.002939 -4.520009 6.27e-06 5.202507 1.867455 0.600367 0 4 7085 ----
rs9265693 T C 0.357393 -0.005188 0.001148 -0.007438 -0.002939 -4.520009 6.27e-06 5.202507 1.867455 0.600367 0 4 7085 ----
rs9265694 G C 0.357393 -0.005188 0.001148 -0.007438 -0.002939 -4.520009 6.27e-06 5.202507 1.867455 0.600367 0 4 7085 ----
rs9265698 T C 0.357393 -0.005188 0.001148 -0.007438 -0.002939 -4.520009 6.27e-06 5.202507 1.867455 0.600367 0 4 7085 ----
rs9265700 C T 0.357393 -0.005188 0.001148 -0.007438 -0.002939 -4.520009 6.27e-06 5.202507 1.867455 0.600367 0 4 7085 ----
rs9265704 T A 0.357393 -0.005188 0.001148 -0.007438 -0.002939 -4.520009 6.27e-06 5.202507 1.867455 0.600367 0 4 7085 ----
rs9265706 T C 0.357393 -0.005188 0.001148 -0.007438 -0.002939 -4.520009 6.27e-06 5.202507 1.867455 0.600367 0 4 7085 ----
rs9265707 A T 0.357393 -0.005188 0.001148 -0.007438 -0.002939 -4.520009 6.27e-06 5.202507 1.867455 0.600367 0 4 7085 ----
rs9265708 A G 0.357393 -0.005188 0.001148 -0.007438 -0.002939 -4.520009 6.27e-06 5.202507 1.867455 0.600367 0 4 7085 ----
rs9265709 G A 0.357393 -0.005188 0.001148 -0.007438 -0.002939 -4.520009 6.27e-06 5.202507 1.867455 0.600367 0 4 7085 ----
rs9265710 C T 0.357393 -0.005188 0.001148 -0.007438 -0.002939 -4.520009 6.27e-06 5.202507 1.867455 0.600367 0 4 7085 ----
rs9265711 G A 0.357393 -0.005188 0.001148 -0.007438 -0.002939 -4.520009 6.27e-06 5.202507 1.867455 0.600367 0 4 7085 ----
rs9265713 T C 0.357393 -0.005188 0.001148 -0.007438 -0.002939 -4.520009 6.27e-06 5.202507 1.867455 0.600367 0 4 7085 ----
rs9265714 G A 0.357393 -0.005188 0.001148 -0.007438 -0.002939 -4.520009 6.27e-06 5.202507 1.867455 0.600367 0 4 7085 ----
rs9265719 A T 0.357393 -0.005188 0.001148 -0.007438 -0.002939 -4.520009 6.27e-06 5.202507 1.867455 0.600367 0 4 7085 ----
rs9265720 C G 0.357393 -0.005188 0.001148 -0.007438 -0.002939 -4.520009 6.27e-06 5.202507 1.867455 0.600367 0 4 7085 ----
rs9265721 C G 0.357393 -0.005188 0.001148 -0.007438 -0.002939 -4.520009 6.27e-06 5.202507 1.867455 0.600367 0 4 7085 ----
rs9265734 G T 0.357393 -0.005188 0.001148 -0.007438 -0.002939 -4.520009 6.27e-06 5.202507 1.867455 0.600367 0 4 7085 ----
rs6914258 T C 0.357331 -0.005188 0.001148 -0.007438 -0.002939 -4.520009 6.27e-06 5.202507 1.867455 0.600367 0 4 7085 ----
rs9265633 T C 0.357518 -0.005175 0.001146 -0.00742 -0.00293 -4.517177 6.36e-06 5.19671 1.849761 0.604167 0 4 7085 ----
rs9265635 T G 0.357518 -0.005175 0.001146 -0.00742 -0.00293 -4.517177 6.36e-06 5.19671 1.849761 0.604167 0 4 7085 ----
rs9265630 T C 0.357456 -0.005174 0.001146 -0.007419 -0.002928 -4.515791 6.4e-06 5.193874 1.846741 0.604817 0 4 7085 ----
rs9265631 T C 0.357456 -0.005174 0.001146 -0.007419 -0.002928 -4.515791 6.4e-06 5.193874 1.846741 0.604817 0 4 7085 ----
rs9265632 A G 0.357456 -0.005174 0.001146 -0.007419 -0.002928 -4.515791 6.4e-06 5.193874 1.846741 0.604817 0 4 7085 ----
rs9265696 T C 0.357393 -0.005184 0.001148 -0.007434 -0.002934 -4.515395 6.41e-06 5.193065 1.849678 0.604185 0 4 7085 ----
rs12731692 C T 0.021095 -0.018452 0.004095 -0.026478 -0.010426 -4.505896 6.7e-06 5.17365 0.492483 0.92054 0 4 7085 ----
rs34124569 C T 0.021095 -0.018452 0.004095 -0.026478 -0.010426 -4.505896 6.7e-06 5.17365 0.492483 0.92054 0 4 7085 ----
rs9349404 G A 0.429605 -0.005032 0.001118 -0.007222 -0.002842 -4.502754 6.8e-06 5.167236 1.734427 0.629307 0 4 7085 ----
rs9265544 A T 0.35738 -0.005171 0.001149 -0.007422 -0.00292 -4.5019 6.83e-06 5.165495 2.037619 0.564636 0 4 7085 ----
rs325398 A G 0.261985 -0.005627 0.00125 -0.008077 -0.003177 -4.501885 6.83e-06 5.165463 1.857968 0.602403 0 4 7085 ----
rs9265722 C T 0.357334 -0.005161 0.001148 -0.00741 -0.002911 -4.495877 7.03e-06 5.153215 1.986582 0.575196 0 4 7085 ----
rs60563516 G T 0.269878 0.005543 0.001233 0.003126 0.007959 4.495742 7.03e-06 5.152941 0.865286 0.833796 0 4 7085 ++++
rs724620 G A 0.21332 -0.004237 0.000943 -0.006085 -0.002388 -4.493085 7.12e-06 5.147527 0.25665 0.967964 0 4 6954 ----
rs724619 T G 0.213256 -0.004235 0.000943 -0.006083 -0.002387 -4.491972 7.16e-06 5.14526 0.258324 0.967666 0 4 6956 ----
rs11797734 C A 0.213256 -0.004235 0.000943 -0.006083 -0.002387 -4.491972 7.16e-06 5.14526 0.258324 0.967666 0 4 6956 ----
rs9265639 G C 0.357453 -0.005144 0.001146 -0.00739 -0.002899 -4.490337 7.21e-06 5.141933 1.85958 0.602056 0 4 7085 ----
rs1896607 A G 0.027129 0.015222 0.003392 0.008573 0.021871 4.487256 7.32e-06 5.135663 1.690797 0.638982 0 4 7085 ++++
rs5923591 C T 0.213447 -0.004228 0.000943 -0.006076 -0.00238 -4.485135 7.39e-06 5.131352 0.266092 0.966274 0 4 6956 ----
rs2064337 G A 0.213447 -0.004228 0.000943 -0.006076 -0.00238 -4.485135 7.39e-06 5.131352 0.266092 0.966274 0 4 6956 ----
rs6653109 C T 0.213447 -0.004228 0.000943 -0.006076 -0.00238 -4.485135 7.39e-06 5.131352 0.266092 0.966274 0 4 6956 ----
rs10948359 A T 0.372791 -0.005127 0.001143 -0.007368 -0.002886 -4.483887 7.43e-06 5.128813 1.772139 0.621016 0 4 7085 ----
rs7049947 G A 0.205791 -0.004266 0.000952 -0.006132 -0.002401 -4.48331 7.45e-06 5.127641 1.151004 0.764778 0 4 6956 ----
rs2819080 G A 0.190093 0.00618 0.001379 0.003478 0.008882 4.482547 7.48e-06 5.12609 1.612655 0.656524 0 4 7082 +-++
rs1022983 T C 0.26924 0.005523 0.001233 0.003106 0.007941 4.478141 7.64e-06 5.117141 0.806911 0.847813 0 4 7085 ++++
rs6904406 A G 0.463902 -0.00498 0.001114 -0.007163 -0.002798 -4.471865 7.86e-06 5.104407 2.093615 0.553206 0 4 7083 ----
rs72574026 C G 0.316257 0.00528 0.001181 0.002966 0.007595 4.471732 7.87e-06 5.104138 5.977913 0.11269 0.498153 4 7085 +-++
rs9265573 G A 0.357196 -0.005137 0.001149 -0.007388 -0.002885 -4.471103 7.89e-06 5.102862 2.117825 0.548315 0 4 7085 ----
rs6906157 A G 0.442459 -0.005002 0.001119 -0.007196 -0.002808 -4.46802 8.01e-06 5.096614 1.201017 0.75276 0 4 7085 ----
rs9265695 T C 0.357843 -0.005131 0.001149 -0.007382 -0.00288 -4.467443 8.03e-06 5.095445 1.868523 0.600138 0 4 7058 ----
rs6917071 C G 0.451282 -0.004998 0.001119 -0.007192 -0.002804 -4.465551 8.1e-06 5.091614 1.154942 0.76383 0 4 7085 ----
rs12216975 C A 0.205517 -0.004254 0.000953 -0.006122 -0.002386 -4.462563 8.21e-06 5.085566 0.912018 0.822527 0 4 6933 ----
rs2767579 A G 0.219519 0.005851 0.001313 0.003277 0.008425 4.454951 8.51e-06 5.070172 1.257554 0.739236 0 4 7085 ++++
rs12197650 G A 0.163541 -0.00652 0.001465 -0.009391 -0.003649 -4.450585 8.68e-06 5.061356 6.392983 0.09398 0.530735 4 7085 -+--
rs10830947 A G 0.34607 0.005163 0.001161 0.002889 0.007438 4.448652 8.76e-06 5.057454 1.7628 0.623063 0 4 7085 +-++
rs9265260 G C 0.348579 -0.005113 0.00115 -0.007367 -0.00286 -4.447312 8.82e-06 5.054751 2.199554 0.532036 0 4 7085 ----
rs9265162 T C 0.351605 -0.005107 0.00115 -0.007361 -0.002853 -4.440717 9.09e-06 5.041453 1.732299 0.629777 0 4 7085 ----
rs761202 G A 0.205863 -0.004229 0.000952 -0.006096 -0.002362 -4.44 9.12e-06 5.04001 0.922617 0.819967 0 4 6948 ----
rs118139453 A G 0.028394 0.014446 0.00326 0.008056 0.020837 4.430905 9.51e-06 5.021707 2.586862 0.459798 0 4 7084 ++++
rs11797332 T C 0.206166 -0.004215 0.000952 -0.00608 -0.002349 -4.42846 9.62e-06 5.016793 0.935727 0.816799 0 4 6956 ----
rs446519 C T 0.353216 0.005072 0.001147 0.002824 0.00732 4.421579 9.93e-06 5.002974 0.613398 0.893358 0 4 7072 ++++
rs5968962 A G 0.206357 -0.004207 0.000951 -0.006072 -0.002342 -4.421064 9.96e-06 5.001942 0.954307 0.812306 0 4 6956 ----
