rs_number reference_allele other_allele eaf beta se beta_95L beta_95U z p-value -log10_p-value q_statistic q_p-value i2 n_studies n_samples effects
rs41307409 T C 0.157616 -0.030085 0.005875 -0.0416 -0.018569 -5.120612 3.11e-07 6.507744 0.03728 0.846895 0 2 5901 --
rs376802957 G A 0.160674 -0.02971 0.00583 -0.041136 -0.018283 -5.09609 3.54e-07 6.451492 0.0864 0.768805 0 2 5901 --
rs6616627 A G 0.162716 -0.030738 0.006091 -0.042677 -0.018799 -5.046286 4.59e-07 6.338021 0.551791 0.457587 0 2 5096 --
rs6616629 G A 0.16492 -0.03013 0.006055 -0.041998 -0.018261 -4.975791 6.62e-07 6.179192 0.901595 0.342354 0 2 5096 --
rs6622141 C T 0.162881 -0.028651 0.00578 -0.03998 -0.017322 -4.956883 7.3e-07 6.136944 0.435977 0.509071 0 2 5892 --
rs6616626 G A 0.162673 -0.028575 0.005782 -0.039907 -0.017243 -4.942355 7.86e-07 6.104586 0.430718 0.511637 0 2 5901 --
rs6622177 A G 0.164548 -0.028384 0.005758 -0.03967 -0.017098 -4.92942 8.4e-07 6.075851 0.467883 0.493963 0 2 5901 --
rs113820112 C T 0.027568 0.051746 0.010623 0.030925 0.072567 4.871144 1.13e-06 5.947257 5.453224 0.019532 0.816622 2 6083 +-
rs60631151 A G 0.02583 -0.051312 0.010549 -0.071988 -0.030635 -4.863898 1.17e-06 5.931368 1.870709 0.171394 0.465443 2 6083 --
rs58610349 T C 0.02583 -0.051312 0.010549 -0.071988 -0.030635 -4.863898 1.17e-06 5.931368 1.870709 0.171394 0.465443 2 6083 --
rs12625494 T C 0.02559 -0.051282 0.010574 -0.072007 -0.030558 -4.850032 1.26e-06 5.901022 3.094903 0.078538 0.676888 2 6083 --
rs2189242 C G 0.193489 -0.026008 0.005401 -0.036595 -0.015422 -4.815337 1.49e-06 5.825446 2.530061 0.111696 0.604753 2 5901 -+
rs35721281 G A 0.191543 0.02044 0.004292 0.012028 0.028851 4.762738 1.94e-06 5.711831 0.554485 0.456491 0 2 6083 ++
rs10890917 G C 0.02204 -0.053241 0.011222 -0.075236 -0.031246 -4.744381 2.13e-06 5.672452 3.180715 0.074512 0.685605 2 6083 --
rs34816485 T C 0.189142 0.02032 0.004314 0.011866 0.028775 4.710802 2.51e-06 5.600783 0.471195 0.492438 0 2 6083 ++
rs3901085 G C 0.056144 -0.034878 0.007422 -0.049424 -0.020331 -4.69944 2.65e-06 5.57664 0.00297 0.956541 0 2 6083 --
rs7758541 G C 0.190527 0.020181 0.004301 0.011752 0.02861 4.692565 2.74e-06 5.562056 0.439623 0.507305 0 2 6083 ++
rs35528016 A T 0.19015 0.020153 0.004303 0.01172 0.028586 4.683761 2.86e-06 5.543411 0.441649 0.506328 0 2 6083 ++
rs2064207 C T 0.190754 0.020147 0.004302 0.011715 0.028579 4.682954 2.87e-06 5.541703 0.435277 0.509411 0 2 6081 ++
rs58597163 G A 0.19063 0.019984 0.004301 0.011554 0.028415 4.646108 3.44e-06 5.464032 0.374431 0.540599 0 2 6083 ++
rs34044829 G A 0.190673 0.019942 0.004301 0.011512 0.028373 4.636478 3.6e-06 5.443826 0.414638 0.519625 0 2 6083 ++
rs9467446 A T 0.191582 0.019779 0.004301 0.011348 0.028209 4.598457 4.32e-06 5.364427 0.784835 0.375666 0 2 6083 ++
rs11752587 A G 0.212652 0.018946 0.004152 0.010809 0.027083 4.563541 5.1e-06 5.292041 0.315804 0.57414 0 2 6083 ++
rs61852644 A G 0.079396 -0.028992 0.00636 -0.041457 -0.016527 -4.558764 5.22e-06 5.282177 1.752596 0.185551 0.429418 2 6083 --
rs35133360 A T 0.196053 0.019394 0.004257 0.011051 0.027738 4.555811 5.3e-06 5.276084 0.708828 0.399833 0 2 6083 ++
rs2064208 A C 0.196053 0.019394 0.004257 0.011051 0.027738 4.555811 5.3e-06 5.276084 0.708828 0.399833 0 2 6083 ++
rs11760097 C A 0.196008 0.019388 0.004258 0.011043 0.027734 4.553495 5.35e-06 5.27131 0.716182 0.397399 0 2 6083 ++
rs5962390 G C 0.18046 -0.025112 0.005535 -0.03596 -0.014263 -4.536879 5.79e-06 5.23711 2.837262 0.092101 0.647548 2 5901 -+
rs16988109 G A 0.043388 0.046996 0.010414 0.026585 0.067408 4.512797 6.49e-06 5.18775 0.388949 0.532852 0 2 5892 ++
rs35618329 A C 0.196091 0.019196 0.004258 0.010851 0.027542 4.508482 6.62e-06 5.178932 0.623628 0.429702 0 2 6083 ++
rs78533789 A G 0.025187 -0.048144 0.01068 -0.069077 -0.027211 -4.507726 6.65e-06 5.177388 2.199105 0.138091 0.54527 2 6082 --
rs35997400 A C 0.195929 0.019178 0.004258 0.010833 0.027524 4.504309 6.75e-06 5.170411 0.639538 0.423878 0 2 6083 ++
rs11755567 A G 0.195905 0.019147 0.004261 0.010795 0.027498 4.493391 7.11e-06 5.148151 0.676971 0.410632 0 2 6081 ++
rs59060048 T A 0.195929 0.018973 0.004258 0.010627 0.027319 4.455757 8.48e-06 5.071802 0.838704 0.359768 0 2 6083 ++
rs117756740 A G 0.042634 0.037981 0.008547 0.021228 0.054734 4.443517 8.97e-06 5.047097 0.989997 0.319743 0 2 6083 +-
rs133942 T C 0.295331 0.029121 0.006555 0.016272 0.041969 4.442246 9.03e-06 5.044535 0.508848 0.475638 0 2 2037 ++
rs2275789 G A 0.181073 -0.024519 0.005523 -0.035344 -0.013694 -4.4394 9.15e-06 5.038802 3.383228 0.065863 0.704424 2 5901 -+
rs11185218 G C 0.425358 0.026738 0.006024 0.014931 0.038545 4.438644 9.18e-06 5.037278 0.219853 0.639152 0 2 2037 ++
rs77203011 C T 0.036891 -0.039862 0.008983 -0.05747 -0.022255 -4.43729 9.24e-06 5.034552 0.294035 0.587646 0 2 6083 --
rs2298179 T G 0.181799 -0.024413 0.005508 -0.035208 -0.013617 -4.43218 9.46e-06 5.02427 3.756699 0.052596 0.733809 2 5901 -+
rs12353960 T C 0.078019 -0.027998 0.006329 -0.040404 -0.015593 -4.423551 9.84e-06 5.006932 0.003198 0.954905 0 2 6083 --
