rs_number reference_allele other_allele eaf beta se beta_95L beta_95U z p-value -log10_p-value q_statistic q_p-value i2 n_studies n_samples effects
rs12625494 T C 0.026094 -0.047243 0.009216 -0.065307 -0.029178 -5.125937 3.02e-07 6.519991 5.391756 0.020232 0.814532 2 7554 --
rs60631151 A G 0.026365 -0.046561 0.009187 -0.064567 -0.028554 -5.068035 4.1e-07 6.387445 3.746967 0.052903 0.733117 2 7554 --
rs58610349 T C 0.026365 -0.046561 0.009187 -0.064567 -0.028554 -5.068035 4.1e-07 6.387445 3.746967 0.052903 0.733117 2 7554 --
rs78533789 A G 0.025667 -0.044723 0.009291 -0.062934 -0.026512 -4.813384 1.51e-06 5.821207 4.332157 0.037399 0.769168 2 7553 --
rs41307409 T C 0.157496 -0.024957 0.005286 -0.035318 -0.014596 -4.720977 2.39e-06 5.62245 0.200977 0.653933 0 2 7365 --
rs34816485 T C 0.189755 0.018083 0.003868 0.010502 0.025664 4.675324 2.98e-06 5.525572 0.267177 0.605232 0 2 7554 ++
rs35721281 G A 0.19215 0.017881 0.00385 0.010335 0.025428 4.644266 3.47e-06 5.460165 0.503897 0.477793 0 2 7554 ++
rs376802957 G A 0.160537 -0.024248 0.00524 -0.034519 -0.013978 -4.627434 3.76e-06 5.424884 0.103799 0.747317 0 2 7365 --
rs10890917 G C 0.021743 -0.047265 0.010222 -0.0673 -0.027229 -4.623762 3.83e-06 5.417204 1.320358 0.250528 0.24263 2 7554 --
rs35528016 A T 0.190785 0.017706 0.00386 0.010141 0.025271 4.587374 4.56e-06 5.341394 0.412944 0.520479 0 2 7554 ++
rs11969842 C A 0.221372 0.016729 0.003664 0.009547 0.023911 4.565564 5.06e-06 5.296222 0.329915 0.565709 0 2 7554 ++
rs13101388 T C 0.138538 0.019944 0.004376 0.011368 0.028521 4.557965 5.24e-06 5.28053 0.889681 0.345564 0 2 7554 ++
rs11752587 A G 0.212562 0.017025 0.003737 0.0097 0.024349 4.555975 5.29e-06 5.276423 0.016033 0.89924 0 2 7554 ++
rs58597163 G A 0.191317 0.017575 0.003858 0.010013 0.025137 4.555475 5.3e-06 5.275391 0.348737 0.554829 0 2 7554 ++
rs7758541 G C 0.191185 0.017576 0.003859 0.010013 0.02514 4.554798 5.32e-06 5.273996 0.390743 0.531909 0 2 7554 ++
rs13287003 C T 0.115945 -0.021837 0.0048 -0.031244 -0.01243 -4.549685 5.45e-06 5.263458 0.871066 0.35066 0 2 7554 --
rs34044829 G A 0.191319 0.017525 0.003857 0.009966 0.025084 4.544125 5.6e-06 5.252011 0.386705 0.534036 0 2 7554 ++
rs12501200 C A 0.277999 0.015408 0.003401 0.008742 0.022075 4.530154 5.98e-06 5.223302 0.134359 0.713954 0 2 7552 ++
rs2064207 C T 0.19137 0.017459 0.00386 0.009893 0.025026 4.522641 6.2e-06 5.207898 0.374227 0.540709 0 2 7550 ++
rs61852644 A G 0.079498 -0.025587 0.005659 -0.036679 -0.014495 -4.521382 6.23e-06 5.205319 0.792739 0.373273 0 2 7554 --
rs73308676 C G 0.029031 -0.039467 0.008737 -0.056591 -0.022343 -4.517435 6.35e-06 5.197239 7.158897 0.007459 0.860314 2 7554 --
rs2189242 C G 0.194172 -0.021815 0.00483 -0.031281 -0.012348 -4.516816 6.37e-06 5.195971 2.144526 0.143079 0.533697 2 7365 --
rs11760097 C A 0.196815 0.017252 0.003823 0.00976 0.024745 4.513266 6.48e-06 5.18871 0.84595 0.357701 0 2 7554 ++
rs195860 T G 0.145918 0.01978 0.004383 0.011189 0.028372 4.512456 6.5e-06 5.187054 3.040221 0.081225 0.671077 2 7554 +-
rs35618329 A C 0.196927 0.017204 0.003821 0.009714 0.024694 4.501966 6.83e-06 5.16563 0.76752 0.380985 0 2 7554 ++
rs35997400 A C 0.196746 0.017197 0.003821 0.009707 0.024687 4.500163 6.89e-06 5.161952 0.774769 0.378746 0 2 7554 ++
rs35133360 A T 0.196865 0.017169 0.003822 0.009677 0.02466 4.491888 7.16e-06 5.145091 0.821448 0.364757 0 2 7554 ++
rs2064208 A C 0.196865 0.017169 0.003822 0.009677 0.02466 4.491888 7.16e-06 5.145091 0.821448 0.364757 0 2 7554 ++
rs11648787 A C 0.081699 0.025669 0.005738 0.014423 0.036915 4.47378 7.79e-06 5.108291 0.083584 0.772498 0 2 7554 ++
rs6616627 A G 0.162897 -0.02415 0.00541 -0.034755 -0.013546 -4.463856 8.16e-06 5.088182 1.522558 0.217233 0.343211 2 6560 -+
rs11755567 A G 0.196716 0.017039 0.003824 0.009543 0.024534 4.455539 8.48e-06 5.071361 0.801817 0.370551 0 2 7551 ++
rs59060048 T A 0.196746 0.017006 0.003821 0.009516 0.024496 4.450187 8.7e-06 5.060552 0.989284 0.319917 0 2 7554 ++
rs9467446 A T 0.192241 0.017149 0.003859 0.009584 0.024714 4.443359 8.98e-06 5.046779 0.827449 0.363011 0 2 7554 ++
rs6616629 G A 0.16512 -0.023862 0.00538 -0.034408 -0.013316 -4.434884 9.34e-06 5.02971 1.916876 0.166201 0.478318 2 6560 -+
rs6622177 A G 0.164735 -0.022918 0.005168 -0.033046 -0.012789 -4.434713 9.35e-06 5.029366 1.450476 0.228452 0.310571 2 7365 -+
rs73308697 T C 0.024752 -0.042285 0.009554 -0.061012 -0.023559 -4.42572 9.74e-06 5.011288 4.671009 0.030676 0.785914 2 7554 --
