rs_number reference_allele other_allele eaf beta se beta_95L beta_95U z p-value -log10_p-value q_statistic q_p-value i2 n_studies n_samples effects
rs719070 A G 0.164463 -0.067725 0.012427 -0.092082 -0.043368 -5.449765 5.16e-08 7.287286 2.940751 0.400851 0 4 4574 ----
rs117016887 T C 0.03293 -0.133016 0.026135 -0.184241 -0.08179 -5.089472 3.66e-07 6.436353 1.485383 0.685648 0 4 4575 ----
rs76505145 A G 0.033638 -0.1306 0.025891 -0.181347 -0.079853 -5.04418 4.64e-07 6.333246 1.622325 0.654338 0 4 4575 ----
rs141594243 A C 0.033528 -0.130194 0.025935 -0.181027 -0.079361 -5.019947 5.27e-07 6.278435 1.600027 0.659384 0 4 4575 ----
rs78724345 C T 0.033321 -0.127607 0.025979 -0.178526 -0.076688 -4.911937 9.18e-07 6.037123 1.461906 0.69109 0 4 4575 ----
rs74378940 A C 0.018581 0.178962 0.037418 0.105622 0.252302 4.782732 1.76e-06 5.754881 0.77727 0.677982 0 3 4167 +++?
rs62406163 T C 0.018153 0.166026 0.034731 0.097953 0.234099 4.780334 1.78e-06 5.74971 7.238485 0.064673 0.585549 4 4575 ++++
rs56071429 C A 0.058089 0.093977 0.019771 0.055225 0.132729 4.753221 2.04e-06 5.691397 1.278555 0.734232 0 4 4575 ++++
rs7680118 C T 0.205799 0.054691 0.011513 0.032126 0.077256 4.750505 2.06e-06 5.685572 7.598473 0.055082 0.605184 4 4575 ++++
rs6843995 A T 0.205799 0.054691 0.011513 0.032126 0.077256 4.750505 2.06e-06 5.685572 7.598473 0.055082 0.605184 4 4575 ++++
rs1395327 T C 0.205799 0.054658 0.011513 0.032093 0.077223 4.747656 2.09e-06 5.679466 7.608284 0.05484 0.605693 4 4575 ++++
rs1395325 A G 0.205696 0.054658 0.011513 0.032093 0.077223 4.747656 2.09e-06 5.679466 7.608284 0.05484 0.605693 4 4575 ++++
rs62404311 G A 0.019057 0.160828 0.033958 0.094271 0.227385 4.73615 2.21e-06 5.654839 5.6927 0.127557 0.473009 4 4575 ++++
rs77093985 C G 0.018182 0.176212 0.037588 0.102539 0.249885 4.687983 2.8e-06 5.552348 0.963066 0.617835 0 3 4167 +++?
rs148384555 T C 0.030924 -0.125568 0.026908 -0.178307 -0.072828 -4.6666 3.11e-06 5.507159 0.147647 0.985562 0 4 4575 ----
rs4477101 T C 0.188317 0.055371 0.011883 0.03208 0.078661 4.659734 3.22e-06 5.492689 4.974765 0.173654 0.396956 4 4575 +-++
rs3734266 C T 0.123035 0.086983 0.018688 0.050355 0.123611 4.654553 3.3e-06 5.481784 0.682238 0.710974 0 3 2227 ++?+
rs34808837 A G 0.208216 -0.057419 0.012363 -0.08165 -0.033189 -4.644635 3.46e-06 5.460938 0.256893 0.879461 0 3 4167 ---?
rs4151013 T C 0.018423 0.172944 0.037309 0.099818 0.24607 4.635436 3.62e-06 5.441642 0.906159 0.635668 0 3 4167 +++?
rs4151024 G T 0.018423 0.172944 0.037309 0.099818 0.24607 4.635436 3.62e-06 5.441642 0.906159 0.635668 0 3 4167 +++?
rs4151044 T C 0.018423 0.172944 0.037309 0.099818 0.24607 4.635436 3.62e-06 5.441642 0.906159 0.635668 0 3 4167 +++?
rs141180078 A G 0.018423 0.172944 0.037309 0.099818 0.24607 4.635436 3.62e-06 5.441642 0.906159 0.635668 0 3 4167 +++?
rs76511022 C T 0.018423 0.172944 0.037309 0.099818 0.24607 4.635436 3.62e-06 5.441642 0.906159 0.635668 0 3 4167 +++?
rs2214042 A T 0.247924 -0.035229 0.007607 -0.050139 -0.020319 -4.631072 3.69e-06 5.432501 0.643585 0.886386 0 4 4502 ----
rs143050150 A T 0.025634 -0.13179 0.028497 -0.187644 -0.075936 -4.624691 3.81e-06 5.419146 1.518569 0.677991 0 4 4575 ----
rs74885560 G T 0.018066 0.174345 0.037727 0.1004 0.24829 4.621243 3.87e-06 5.411938 0.928712 0.62854 0 3 4166 +++?
rs16929106 A G 0.018062 0.17434 0.037729 0.100391 0.248289 4.620862 3.88e-06 5.411143 0.928933 0.62847 0 3 4167 +++?
rs75533805 A C 0.018062 0.17434 0.037729 0.100391 0.248289 4.620862 3.88e-06 5.411143 0.928933 0.62847 0 3 4167 +++?
rs77906361 C T 0.018062 0.17434 0.037729 0.100391 0.248289 4.620862 3.88e-06 5.411143 0.928933 0.62847 0 3 4167 +++?
rs76761232 G C 0.018062 0.17434 0.037729 0.100391 0.248289 4.620862 3.88e-06 5.411143 0.928933 0.62847 0 3 4167 +++?
rs74335220 A T 0.018062 0.17434 0.037729 0.100391 0.248289 4.620862 3.88e-06 5.411143 0.928933 0.62847 0 3 4167 +++?
rs16929150 T C 0.018062 0.17434 0.037729 0.100391 0.248289 4.620862 3.88e-06 5.411143 0.928933 0.62847 0 3 4167 +++?
rs141617086 G A 0.018062 0.17434 0.037729 0.100391 0.248289 4.620862 3.88e-06 5.411143 0.928933 0.62847 0 3 4167 +++?
rs16929190 G T 0.018062 0.17434 0.037729 0.100391 0.248289 4.620862 3.88e-06 5.411143 0.928933 0.62847 0 3 4167 +++?
rs78910390 T G 0.018062 0.17434 0.037729 0.100391 0.248289 4.620862 3.88e-06 5.411143 0.928933 0.62847 0 3 4167 +++?
rs150573478 C T 0.018062 0.17434 0.037729 0.100391 0.248289 4.620862 3.88e-06 5.411143 0.928933 0.62847 0 3 4167 +++?
rs76982025 A C 0.018062 0.17434 0.037729 0.100391 0.248289 4.620862 3.88e-06 5.411143 0.928933 0.62847 0 3 4167 +++?
rs16929212 G C 0.018062 0.17434 0.037729 0.100391 0.248289 4.620862 3.88e-06 5.411143 0.928933 0.62847 0 3 4167 +++?
rs76089575 C T 0.018062 0.17434 0.037729 0.100391 0.248289 4.620862 3.88e-06 5.411143 0.928933 0.62847 0 3 4167 +++?
rs75724682 A G 0.018062 0.17434 0.037729 0.100391 0.248289 4.620862 3.88e-06 5.411143 0.928933 0.62847 0 3 4167 +++?
rs117243401 A G 0.018062 0.17434 0.037729 0.100391 0.248289 4.620862 3.88e-06 5.411143 0.928933 0.62847 0 3 4167 +++?
rs117764555 C T 0.018062 0.17434 0.037729 0.100391 0.248289 4.620862 3.88e-06 5.411143 0.928933 0.62847 0 3 4167 +++?
rs117488824 A G 0.018062 0.17434 0.037729 0.100391 0.248289 4.620862 3.88e-06 5.411143 0.928933 0.62847 0 3 4167 +++?
rs200686786 A T 0.018062 0.17434 0.037729 0.100391 0.248289 4.620862 3.88e-06 5.411143 0.928933 0.62847 0 3 4167 +++?
rs201849393 T G 0.018062 0.17434 0.037729 0.100391 0.248289 4.620862 3.88e-06 5.411143 0.928933 0.62847 0 3 4167 +++?
rs200191254 A T 0.018062 0.17434 0.037729 0.100391 0.248289 4.620862 3.88e-06 5.411143 0.928933 0.62847 0 3 4167 +++?
rs77166463 C T 0.018062 0.17434 0.037729 0.100391 0.248289 4.620862 3.88e-06 5.411143 0.928933 0.62847 0 3 4167 +++?
rs78100671 G C 0.018062 0.17434 0.037729 0.100391 0.248289 4.620862 3.88e-06 5.411143 0.928933 0.62847 0 3 4167 +++?
rs200926748 G A 0.018062 0.17434 0.037729 0.100391 0.248289 4.620862 3.88e-06 5.411143 0.928933 0.62847 0 3 4167 +++?
rs75930076 C A 0.018062 0.17434 0.037729 0.100391 0.248289 4.620862 3.88e-06 5.411143 0.928933 0.62847 0 3 4167 +++?
rs148817685 T C 0.018062 0.17434 0.037729 0.100391 0.248289 4.620862 3.88e-06 5.411143 0.928933 0.62847 0 3 4167 +++?
rs146966102 T A 0.018062 0.17434 0.037729 0.100391 0.248289 4.620862 3.88e-06 5.411143 0.928933 0.62847 0 3 4167 +++?
rs142034082 G A 0.018062 0.17434 0.037729 0.100391 0.248289 4.620862 3.88e-06 5.411143 0.928933 0.62847 0 3 4167 +++?
rs565065842 G A 0.018062 0.17434 0.037729 0.100391 0.248289 4.620862 3.88e-06 5.411143 0.928933 0.62847 0 3 4167 +++?
rs571886291 A G 0.018062 0.17434 0.037729 0.100391 0.248289 4.620862 3.88e-06 5.411143 0.928933 0.62847 0 3 4167 +++?
rs16929256 C T 0.018062 0.17434 0.037729 0.100391 0.248289 4.620862 3.88e-06 5.411143 0.928933 0.62847 0 3 4167 +++?
rs149407832 C T 0.018062 0.17434 0.037729 0.100391 0.248289 4.620862 3.88e-06 5.411143 0.928933 0.62847 0 3 4167 +++?
rs184500664 T A 0.018062 0.17434 0.037729 0.100391 0.248289 4.620862 3.88e-06 5.411143 0.928933 0.62847 0 3 4167 +++?
rs16929265 A G 0.018062 0.17434 0.037729 0.100391 0.248289 4.620862 3.88e-06 5.411143 0.928933 0.62847 0 3 4167 +++?
rs183803794 C T 0.018062 0.17434 0.037729 0.100391 0.248289 4.620862 3.88e-06 5.411143 0.928933 0.62847 0 3 4167 +++?
rs188765338 T A 0.018062 0.17434 0.037729 0.100391 0.248289 4.620862 3.88e-06 5.411143 0.928933 0.62847 0 3 4167 +++?
rs116704394 T C 0.018062 0.17434 0.037729 0.100391 0.248289 4.620862 3.88e-06 5.411143 0.928933 0.62847 0 3 4167 +++?
rs16929271 C T 0.018062 0.17434 0.037729 0.100391 0.248289 4.620862 3.88e-06 5.411143 0.928933 0.62847 0 3 4167 +++?
rs148965748 C T 0.018062 0.17434 0.037729 0.100391 0.248289 4.620862 3.88e-06 5.411143 0.928933 0.62847 0 3 4167 +++?
rs78021342 G C 0.018062 0.17434 0.037729 0.100391 0.248289 4.620862 3.88e-06 5.411143 0.928933 0.62847 0 3 4167 +++?
rs78745470 A G 0.018062 0.17434 0.037729 0.100391 0.248289 4.620862 3.88e-06 5.411143 0.928933 0.62847 0 3 4167 +++?
rs143807888 G A 0.018062 0.17434 0.037729 0.100391 0.248289 4.620862 3.88e-06 5.411143 0.928933 0.62847 0 3 4167 +++?
rs16929274 G A 0.018062 0.17434 0.037729 0.100391 0.248289 4.620862 3.88e-06 5.411143 0.928933 0.62847 0 3 4167 +++?
rs77244022 G C 0.018062 0.17434 0.037729 0.100391 0.248289 4.620862 3.88e-06 5.411143 0.928933 0.62847 0 3 4167 +++?
rs74341239 A G 0.018062 0.17434 0.037729 0.100391 0.248289 4.620862 3.88e-06 5.411143 0.928933 0.62847 0 3 4167 +++?
rs115716894 A G 0.018062 0.17434 0.037729 0.100391 0.248289 4.620862 3.88e-06 5.411143 0.928933 0.62847 0 3 4167 +++?
rs80092138 G A 0.018062 0.17434 0.037729 0.100391 0.248289 4.620862 3.88e-06 5.411143 0.928933 0.62847 0 3 4167 +++?
rs78297210 T C 0.018062 0.17434 0.037729 0.100391 0.248289 4.620862 3.88e-06 5.411143 0.928933 0.62847 0 3 4167 +++?
rs116651124 C T 0.018062 0.17434 0.037729 0.100391 0.248289 4.620862 3.88e-06 5.411143 0.928933 0.62847 0 3 4167 +++?
rs78218519 G A 0.018062 0.17434 0.037729 0.100391 0.248289 4.620862 3.88e-06 5.411143 0.928933 0.62847 0 3 4167 +++?
rs151079340 A C 0.018062 0.17434 0.037729 0.100391 0.248289 4.620862 3.88e-06 5.411143 0.928933 0.62847 0 3 4167 +++?
rs75740928 T C 0.018303 0.172711 0.037455 0.0993 0.246123 4.611195 4.06e-06 5.390961 0.903575 0.636489 0 3 4167 +++?
rs79132431 A C 0.018303 0.172711 0.037455 0.0993 0.246123 4.611195 4.06e-06 5.390961 0.903575 0.636489 0 3 4167 +++?
rs74789384 C G 0.018303 0.172711 0.037455 0.0993 0.246123 4.611195 4.06e-06 5.390961 0.903575 0.636489 0 3 4167 +++?
rs117748237 A G 0.018303 0.172711 0.037455 0.0993 0.246123 4.611195 4.06e-06 5.390961 0.903575 0.636489 0 3 4167 +++?
rs142899515 G T 0.018303 0.172711 0.037455 0.0993 0.246123 4.611195 4.06e-06 5.390961 0.903575 0.636489 0 3 4167 +++?
rs146084584 A G 0.018303 0.172711 0.037455 0.0993 0.246123 4.611195 4.06e-06 5.390961 0.903575 0.636489 0 3 4167 +++?
rs16929104 T C 0.018404 0.172711 0.037455 0.0993 0.246123 4.611195 4.06e-06 5.390961 0.903575 0.636489 0 3 4167 +++?
rs3905486 T G 0.032582 -0.11854 0.025777 -0.169062 -0.068017 -4.598708 4.32e-06 5.364948 2.369398 0.499357 0 4 4575 -+--
rs80294720 G A 0.034749 -0.117439 0.025562 -0.16754 -0.067339 -4.594362 4.41e-06 5.35591 0.601954 0.895985 0 4 4575 ----
rs146331248 A C 0.018321 0.171727 0.037414 0.098396 0.245059 4.589923 4.5e-06 5.346687 0.950183 0.621828 0 3 4167 +++?
rs1547932 A C 0.248931 -0.034835 0.007592 -0.049716 -0.019954 -4.588239 4.54e-06 5.343189 0.796712 0.850253 0 4 4502 ----
rs77886826 A C 0.053733 -0.092418 0.020226 -0.13206 -0.052775 -4.569295 4.97e-06 5.303935 1.357112 0.715618 0 4 4575 ----
rs78228406 A T 0.062734 -0.085047 0.01864 -0.121582 -0.048513 -4.562599 5.13e-06 5.290096 5.068001 0.166885 0.408051 4 4575 ----
rs76355119 C G 0.031006 -0.123981 0.027201 -0.177295 -0.070667 -4.557982 5.24e-06 5.280565 1.807883 0.613221 0 4 4575 ----
rs2277808 G A 0.362315 0.043187 0.009481 0.024605 0.06177 4.555189 5.31e-06 5.274803 1.242548 0.742819 0 4 4575 ++++
rs145160960 G T 0.01772 0.173601 0.038127 0.098872 0.248331 4.553219 5.36e-06 5.27074 0.889256 0.641063 0 3 4167 +++?
rs117031854 G A 0.01772 0.173601 0.038127 0.098872 0.248331 4.553219 5.36e-06 5.27074 0.889256 0.641063 0 3 4167 +++?
rs76453296 T C 0.01772 0.173601 0.038127 0.098872 0.248331 4.553219 5.36e-06 5.27074 0.889256 0.641063 0 3 4167 +++?
rs149473038 T C 0.01772 0.173601 0.038127 0.098872 0.248331 4.553219 5.36e-06 5.27074 0.889256 0.641063 0 3 4167 +++?
rs76726740 C A 0.01772 0.173601 0.038127 0.098872 0.248331 4.553219 5.36e-06 5.27074 0.889256 0.641063 0 3 4167 +++?
rs139312059 T C 0.017822 0.173601 0.038127 0.098872 0.248331 4.553219 5.36e-06 5.27074 0.889256 0.641063 0 3 4167 +++?
rs143764321 C T 0.017822 0.173601 0.038127 0.098872 0.248331 4.553219 5.36e-06 5.27074 0.889256 0.641063 0 3 4167 +++?
rs114656361 A G 0.017822 0.173601 0.038127 0.098872 0.248331 4.553219 5.36e-06 5.27074 0.889256 0.641063 0 3 4167 +++?
rs150107830 G T 0.017822 0.173601 0.038127 0.098872 0.248331 4.553219 5.36e-06 5.27074 0.889256 0.641063 0 3 4167 +++?
rs2101987 A G 0.017822 0.173601 0.038127 0.098872 0.248331 4.553219 5.36e-06 5.27074 0.889256 0.641063 0 3 4167 +++?
rs2088511 G A 0.017822 0.173601 0.038127 0.098872 0.248331 4.553219 5.36e-06 5.27074 0.889256 0.641063 0 3 4167 +++?
rs187060924 G A 0.017822 0.173601 0.038127 0.098872 0.248331 4.553219 5.36e-06 5.27074 0.889256 0.641063 0 3 4167 +++?
rs149028270 A C 0.017822 0.173601 0.038127 0.098872 0.248331 4.553219 5.36e-06 5.27074 0.889256 0.641063 0 3 4167 +++?
rs147804354 T G 0.017822 0.173601 0.038127 0.098872 0.248331 4.553219 5.36e-06 5.27074 0.889256 0.641063 0 3 4167 +++?
rs118181813 A T 0.017822 0.173601 0.038127 0.098872 0.248331 4.553219 5.36e-06 5.27074 0.889256 0.641063 0 3 4167 +++?
rs199632481 C T 0.017822 0.173601 0.038127 0.098872 0.248331 4.553219 5.36e-06 5.27074 0.889256 0.641063 0 3 4167 +++?
rs201886844 C A 0.017822 0.173601 0.038127 0.098872 0.248331 4.553219 5.36e-06 5.27074 0.889256 0.641063 0 3 4167 +++?
rs150161296 G T 0.017822 0.173601 0.038127 0.098872 0.248331 4.553219 5.36e-06 5.27074 0.889256 0.641063 0 3 4167 +++?
rs77336848 G A 0.017822 0.173601 0.038127 0.098872 0.248331 4.553219 5.36e-06 5.27074 0.889256 0.641063 0 3 4167 +++?
rs140360086 C T 0.017822 0.173601 0.038127 0.098872 0.248331 4.553219 5.36e-06 5.27074 0.889256 0.641063 0 3 4167 +++?
rs77524928 G A 0.017822 0.173601 0.038127 0.098872 0.248331 4.553219 5.36e-06 5.27074 0.889256 0.641063 0 3 4167 +++?
rs58327863 T C 0.017822 0.173601 0.038127 0.098872 0.248331 4.553219 5.36e-06 5.27074 0.889256 0.641063 0 3 4167 +++?
rs148800624 C A 0.017822 0.173601 0.038127 0.098872 0.248331 4.553219 5.36e-06 5.27074 0.889256 0.641063 0 3 4167 +++?
rs61541121 G A 0.017822 0.173601 0.038127 0.098872 0.248331 4.553219 5.36e-06 5.27074 0.889256 0.641063 0 3 4167 +++?
rs115578267 T G 0.017822 0.173601 0.038127 0.098872 0.248331 4.553219 5.36e-06 5.27074 0.889256 0.641063 0 3 4167 +++?
rs140751113 A G 0.017822 0.173601 0.038127 0.098872 0.248331 4.553219 5.36e-06 5.27074 0.889256 0.641063 0 3 4167 +++?
rs75836780 G T 0.017822 0.173601 0.038127 0.098872 0.248331 4.553219 5.36e-06 5.27074 0.889256 0.641063 0 3 4167 +++?
rs75709481 C A 0.017822 0.173601 0.038127 0.098872 0.248331 4.553219 5.36e-06 5.27074 0.889256 0.641063 0 3 4167 +++?
rs76247449 G C 0.017822 0.173601 0.038127 0.098872 0.248331 4.553219 5.36e-06 5.27074 0.889256 0.641063 0 3 4167 +++?
rs79698762 A G 0.018423 0.169407 0.037313 0.096273 0.24254 4.540168 5.7e-06 5.243871 1.032662 0.596706 0 3 4167 +++?
rs10500944 T G 0.05478 0.120559 0.026597 0.068429 0.17269 4.532791 5.91e-06 5.228714 0.466994 0.79176 0 3 2227 ++?+
rs77052223 G A 0.018637 0.152341 0.033637 0.086413 0.218269 4.529002 6.01e-06 5.22094 5.157922 0.160592 0.41837 4 4575 ++++
rs12277943 G T 0.017923 0.172066 0.03802 0.097547 0.246586 4.525665 6.11e-06 5.214095 0.936762 0.626015 0 3 4167 +++?
rs189055310 T C 0.017085 0.174514 0.038573 0.098911 0.250117 4.524275 6.15e-06 5.211247 1.615771 0.4458 0 3 4167 +++?
rs138752030 T C 0.017085 0.174514 0.038573 0.098911 0.250117 4.524275 6.15e-06 5.211247 1.615771 0.4458 0 3 4167 +++?
rs117328403 T G 0.017085 0.174514 0.038573 0.098911 0.250117 4.524275 6.15e-06 5.211247 1.615771 0.4458 0 3 4167 +++?
rs117457148 T C 0.017085 0.174514 0.038573 0.098911 0.250117 4.524275 6.15e-06 5.211247 1.615771 0.4458 0 3 4167 +++?
rs118093033 A T 0.017085 0.174514 0.038573 0.098911 0.250117 4.524275 6.15e-06 5.211247 1.615771 0.4458 0 3 4167 +++?
rs74915746 A G 0.017085 0.174514 0.038573 0.098911 0.250117 4.524275 6.15e-06 5.211247 1.615771 0.4458 0 3 4167 +++?
rs76109654 A C 0.017085 0.174514 0.038573 0.098911 0.250117 4.524275 6.15e-06 5.211247 1.615771 0.4458 0 3 4167 +++?
rs191142802 A C 0.017085 0.174514 0.038573 0.098911 0.250117 4.524275 6.15e-06 5.211247 1.615771 0.4458 0 3 4167 +++?
rs183959828 G A 0.017085 0.174514 0.038573 0.098911 0.250117 4.524275 6.15e-06 5.211247 1.615771 0.4458 0 3 4167 +++?
rs117782796 G A 0.017085 0.174514 0.038573 0.098911 0.250117 4.524275 6.15e-06 5.211247 1.615771 0.4458 0 3 4167 +++?
rs16929018 G A 0.017085 0.174514 0.038573 0.098911 0.250117 4.524275 6.15e-06 5.211247 1.615771 0.4458 0 3 4167 +++?
rs148321457 A G 0.017085 0.174514 0.038573 0.098911 0.250117 4.524275 6.15e-06 5.211247 1.615771 0.4458 0 3 4167 +++?
rs117850958 T C 0.034547 -0.11588 0.025632 -0.166119 -0.06564 -4.520842 6.25e-06 5.204214 0.555833 0.906465 0 4 4575 ----
rs79116538 A G 0.018765 0.166837 0.036942 0.094431 0.239243 4.516218 6.39e-06 5.194749 1.53531 0.4641 0 3 4167 +++?
rs146014504 G A 0.017807 0.171901 0.038168 0.097093 0.24671 4.503856 6.77e-06 5.169485 0.867077 0.648211 0 3 4167 +++?
rs80050563 G A 0.017807 0.171901 0.038168 0.097093 0.24671 4.503856 6.77e-06 5.169485 0.867077 0.648211 0 3 4167 +++?
rs150237214 A G 0.017807 0.171901 0.038168 0.097093 0.24671 4.503856 6.77e-06 5.169485 0.867077 0.648211 0 3 4167 +++?
rs139854969 C T 0.017807 0.171901 0.038168 0.097093 0.24671 4.503856 6.77e-06 5.169485 0.867077 0.648211 0 3 4167 +++?
rs74884515 A G 0.017807 0.171901 0.038168 0.097093 0.24671 4.503856 6.77e-06 5.169485 0.867077 0.648211 0 3 4167 +++?
rs17632113 G A 0.017807 0.171901 0.038168 0.097093 0.24671 4.503856 6.77e-06 5.169485 0.867077 0.648211 0 3 4167 +++?
rs79281708 A G 0.017807 0.171901 0.038168 0.097093 0.24671 4.503856 6.77e-06 5.169485 0.867077 0.648211 0 3 4167 +++?
rs78304249 A G 0.017807 0.171901 0.038168 0.097093 0.24671 4.503856 6.77e-06 5.169485 0.867077 0.648211 0 3 4167 +++?
rs17637763 C T 0.017807 0.171901 0.038168 0.097093 0.24671 4.503856 6.77e-06 5.169485 0.867077 0.648211 0 3 4167 +++?
rs79921256 C T 0.017807 0.171901 0.038168 0.097093 0.24671 4.503856 6.77e-06 5.169485 0.867077 0.648211 0 3 4167 +++?
rs78895154 C G 0.017807 0.171901 0.038168 0.097093 0.24671 4.503856 6.77e-06 5.169485 0.867077 0.648211 0 3 4167 +++?
rs4581654 A C 0.217611 0.050208 0.011162 0.02833 0.072086 4.498048 6.96e-06 5.15764 2.305735 0.511423 0 4 4575 ++++
rs13125625 T C 0.201164 0.052143 0.011608 0.029392 0.074894 4.4921 7.15e-06 5.145521 5.367037 0.146811 0.441032 4 4575 ++++
rs115002747 A T 0.017822 0.171752 0.038237 0.096806 0.246697 4.49172 7.17e-06 5.144749 0.951955 0.621277 0 3 4167 +++?
rs79963244 C T 0.017705 0.171857 0.038276 0.096836 0.246878 4.489961 7.22e-06 5.141168 0.870059 0.647245 0 3 4167 +++?
rs77492485 C T 0.017705 0.171857 0.038276 0.096836 0.246878 4.489961 7.22e-06 5.141168 0.870059 0.647245 0 3 4167 +++?
rs77408585 G A 0.017705 0.171857 0.038276 0.096836 0.246878 4.489961 7.22e-06 5.141168 0.870059 0.647245 0 3 4167 +++?
rs113616650 T G 0.017807 0.171857 0.038276 0.096836 0.246878 4.489961 7.22e-06 5.141168 0.870059 0.647245 0 3 4167 +++?
rs78705992 A G 0.017705 0.171857 0.038276 0.096836 0.246878 4.489961 7.22e-06 5.141168 0.870059 0.647245 0 3 4167 +++?
rs78483319 A C 0.017705 0.171857 0.038276 0.096836 0.246878 4.489961 7.22e-06 5.141168 0.870059 0.647245 0 3 4167 +++?
rs147098482 G A 0.017705 0.171857 0.038276 0.096836 0.246878 4.489961 7.22e-06 5.141168 0.870059 0.647245 0 3 4167 +++?
rs116919233 T C 0.016852 0.157833 0.035168 0.088904 0.226761 4.487995 7.29e-06 5.137167 0.944982 0.814561 0 4 4575 ++++
rs5030490 C T 0.018131 0.16883 0.037628 0.095079 0.242581 4.48679 7.33e-06 5.134715 1.879223 0.39078 0 3 4167 +++?
rs1518743 T C 0.017926 0.170416 0.038025 0.095887 0.244946 4.481666 7.51e-06 5.124301 0.608938 0.737515 0 3 4167 +++?
rs10034686 A G 0.202349 0.067647 0.015116 0.038019 0.097275 4.475096 7.75e-06 5.110961 3.811958 0.148677 0.475335 3 2226 ++?+
rs6534452 G T 0.200771 0.051929 0.011617 0.02916 0.074698 4.470157 7.93e-06 5.100945 5.401718 0.144637 0.444621 4 4575 ++++
rs10222899 T C 0.200236 0.051958 0.011628 0.029167 0.074749 4.468328 7.99e-06 5.097239 5.402765 0.144571 0.444729 4 4575 ++++
rs1483597 A G 0.200668 0.051852 0.011617 0.029084 0.074621 4.463572 8.17e-06 5.087607 5.647755 0.130064 0.468815 4 4575 ++++
rs9642840 T C 0.254769 -0.04725 0.010587 -0.068 -0.0265 -4.463218 8.19e-06 5.086892 0.803933 0.848526 0 4 4575 ----
rs34247947 C G 0.022451 -0.182866 0.040985 -0.263197 -0.102536 -4.461779 8.24e-06 5.083978 3.146653 0.207354 0.364404 3 2227 --?-
rs80246805 C T 0.184678 0.053342 0.011958 0.029904 0.07678 4.460715 8.28e-06 5.081825 2.968507 0.396506 0 4 4575 +-++
rs17818371 A T 0.037513 0.108135 0.024322 0.060464 0.155805 4.445979 8.87e-06 5.052062 1.718011 0.632937 0 4 4575 ++++
rs4076502 C G 0.074048 -0.077627 0.017474 -0.111877 -0.043378 -4.442358 9.02e-06 5.044761 1.807162 0.613378 0 4 4575 ----
rs66908664 A G 0.457231 0.041089 0.009266 0.022928 0.05925 4.434495 9.36e-06 5.028926 0.829058 0.842505 0 4 4573 ++++
rs142017941 T C 0.019713 0.158076 0.035698 0.088109 0.228044 4.428188 9.63e-06 5.016245 1.061477 0.588171 0 3 4167 +++?
rs4518263 G A 0.200771 0.051426 0.011617 0.028657 0.074195 4.426849 9.69e-06 5.013555 5.548361 0.135775 0.4593 4 4575 ++++
rs10010676 G A 0.199879 0.05136 0.011617 0.02859 0.074129 4.42109 9.95e-06 5.001992 6.360199 0.095342 0.528317 4 4575 ++++
rs4000840 T A 0.199879 0.05136 0.011617 0.02859 0.074129 4.42109 9.95e-06 5.001992 6.360199 0.095342 0.528317 4 4575 ++++
