rs_number reference_allele other_allele eaf beta se beta_95L beta_95U z p-value -log10_p-value q_statistic q_p-value i2 n_studies n_samples effects
rs35392733 T C 0.03882 -0.33158 0.068443 -0.465728 -0.197433 -4.844643 1.29e-06 5.88925 2.219759 0.136254 0.549501 2 6780 -+
rs72891313 C T 0.313457 -0.123138 0.025818 -0.173741 -0.072535 -4.769487 1.88e-06 5.726344 0.137286 0.710994 0 2 7619 --
rs192554938 G A 0.083976 0.202418 0.043581 0.117 0.287837 4.644657 3.46e-06 5.460985 0.624043 0.429549 0 2 7619 ++
rs113822701 A G 0.061753 -0.227788 0.049432 -0.324674 -0.130902 -4.608123 4.13e-06 5.384554 0.431363 0.511321 0 2 7619 --
rs111306684 T C 0.059839 -0.23484 0.050984 -0.334767 -0.134912 -4.606184 4.16e-06 5.380513 0.906797 0.340966 0 2 7619 --
rs73878520 G A 0.061804 -0.227241 0.049432 -0.324127 -0.130354 -4.597054 4.35e-06 5.361507 0.452405 0.501195 0 2 7619 --
rs56259982 G A 0.308931 -0.118418 0.025875 -0.169133 -0.067702 -4.576488 4.8e-06 5.318823 0.272103 0.601925 0 2 7619 --
rs765237 C T 0.284546 0.121411 0.026582 0.069309 0.173512 4.567352 5.01e-06 5.299917 0.686076 0.407502 0 2 7608 ++
rs189291004 G A 0.083518 0.199622 0.043729 0.113913 0.28533 4.56497 5.07e-06 5.294993 0.643269 0.42253 0 2 7619 ++
rs79421717 C T 0.062009 -0.224972 0.049314 -0.321627 -0.128317 -4.56204 5.14e-06 5.288942 0.53974 0.462541 0 2 7619 --
rs999233 C A 0.060206 -0.231696 0.050853 -0.331368 -0.132023 -4.556168 5.29e-06 5.276821 1.166119 0.2802 0.142455 2 7619 --
rs6796571 C G 0.062643 -0.221177 0.048688 -0.316605 -0.125748 -4.54273 5.63e-06 5.249139 0.623654 0.429693 0 2 7619 --
rs55969403 A G 0.320619 -0.115776 0.02573 -0.166207 -0.065345 -4.499596 6.91e-06 5.160796 0.129667 0.718778 0 2 7619 --
rs11845054 G A 0.060259 -0.228793 0.050937 -0.328629 -0.128957 -4.491692 7.17e-06 5.144692 1.487852 0.22255 0.32789 2 7619 --
rs3811051 T G 0.380001 -0.111134 0.024788 -0.159719 -0.062548 -4.483284 7.45e-06 5.127588 0.030718 0.860871 0 2 7619 --
rs62118122 A G 0.1504 -0.148638 0.033156 -0.213623 -0.083652 -4.48301 7.46e-06 5.127031 0.598747 0.439056 0 2 7619 --
rs370889778 A G 0.08621 0.191874 0.042901 0.107787 0.275961 4.472425 7.84e-06 5.105543 0.883345 0.347287 0 2 7619 ++
rs35689937 T C 0.031363 0.310671 0.069491 0.174469 0.446873 4.470682 7.91e-06 5.10201 0.299194 0.584388 0 2 7619 ++
rs148717946 A G 0.031363 0.310671 0.069491 0.174469 0.446873 4.470682 7.91e-06 5.10201 0.299194 0.584388 0 2 7619 ++
rs115813687 C G 0.031297 0.31068 0.069501 0.174459 0.446902 4.470166 7.93e-06 5.100964 0.299908 0.58394 0 2 7619 ++
rs150580790 A G 0.031297 0.31068 0.069501 0.174459 0.446902 4.470166 7.93e-06 5.100964 0.299908 0.58394 0 2 7619 ++
rs73878535 G C 0.062779 -0.217274 0.04868 -0.312686 -0.121861 -4.463326 8.18e-06 5.087109 0.669518 0.41322 0 2 7619 --
rs79906786 A G 0.062779 -0.217274 0.04868 -0.312686 -0.121861 -4.463326 8.18e-06 5.087109 0.669518 0.41322 0 2 7619 --
rs72891327 G A 0.310143 -0.115307 0.025854 -0.165981 -0.064633 -4.459915 8.31e-06 5.080208 0.365698 0.545358 0 2 7619 --
rs12981357 T A 0.031234 0.309557 0.069545 0.173249 0.445866 4.451166 8.66e-06 5.062527 0.295334 0.586823 0 2 7619 ++
rs529073728 T G 0.047183 0.255792 0.057532 0.143029 0.368554 4.446084 8.87e-06 5.052272 0.432849 0.510594 0 2 7619 ++
rs16858142 G A 0.31284 -0.115026 0.025913 -0.165815 -0.064237 -4.438987 9.16e-06 5.03797 0.091059 0.762835 0 2 7614 --
rs10209680 A G 0.32087 -0.113828 0.025658 -0.164118 -0.063539 -4.436376 9.27e-06 5.032713 0.02561 0.872857 0 2 7619 --
rs10225730 T G 0.057125 0.236142 0.053356 0.131564 0.340719 4.42577 9.74e-06 5.011389 0.060049 0.806419 0 2 7613 ++
rs71355994 T C 0.03141 0.306924 0.069405 0.17089 0.442957 4.422225 9.9e-06 5.004271 0.284605 0.593698 0 2 7619 ++
