rs_number reference_allele other_allele eaf beta se beta_95L beta_95U z p-value -log10_p-value q_statistic q_p-value i2 n_studies n_samples effects
rs10119 A G 0.404077 -0.144931 0.016808 -0.177876 -0.111986 -8.622503 6.92e-18 17.159947 0.817347 0.664531 0 3 3447 ---
rs34095326 A G 0.190747 -0.14878 0.020768 -0.189485 -0.108075 -7.163935 8.16e-13 12.088268 3.054641 0.217117 0.345259 3 3447 ---
rs75627662 T C 0.281187 -0.131537 0.01844 -0.16768 -0.095394 -7.133094 1.02e-12 11.990851 2.028013 0.362763 0.013813 3 3446 ---
rs429358 C T 0.272644 -0.211256 0.031247 -0.2725 -0.150013 -6.760952 1.42e-11 10.847331 0.182642 0.669112 0 2 712 -?-
rs1160985 T C 0.375058 0.106447 0.017151 0.072832 0.140062 6.206633 5.58e-10 9.253317 2.696517 0.259692 0.258302 3 3447 +++
rs760136 G A 0.375216 0.105856 0.017156 0.072231 0.139481 6.170275 7.03e-10 9.153326 2.725696 0.255931 0.266242 3 3447 +++
rs741780 C T 0.375216 0.105856 0.017156 0.072231 0.139481 6.170275 7.03e-10 9.153326 2.725696 0.255931 0.266242 3 3447 +++
rs1038026 G A 0.37566 0.105705 0.017153 0.072085 0.139325 6.162486 7.38e-10 9.13198 3.012639 0.221725 0.33613 3 3447 +++
rs1038025 C T 0.375216 0.104865 0.017156 0.07124 0.13849 6.112528 1.01e-09 8.995666 2.7773 0.249412 0.279876 3 3447 +++
rs56131196 A G 0.294467 -0.186625 0.030909 -0.247208 -0.126043 -6.037816 1.61e-09 8.793787 0.130661 0.717748 0 2 711 -?-
rs4420638 G A 0.29688 -0.185149 0.030682 -0.245285 -0.125013 -6.034539 1.64e-09 8.784985 0.147362 0.701069 0 2 712 -?-
rs6857 T C 0.282012 -0.189701 0.031908 -0.252241 -0.127161 -5.945224 2.84e-09 8.546874 0.06674 0.796144 0 2 714 -?-
rs12721051 G C 0.293916 -0.183052 0.030909 -0.243634 -0.12247 -5.922217 3.27e-09 8.486087 0.09355 0.759712 0 2 714 -?-
chr19:44909976:G:T T G 0.050828 0.234685 0.039653 0.156965 0.312406 5.918424 3.34e-09 8.476086 0.258199 0.878887 0 3 3447 +++
rs7259620 A G 0.371609 0.100522 0.017203 0.066804 0.13424 5.843222 5.26e-09 8.279075 2.742697 0.253765 0.270791 3 3447 +++
rs112019714 C T 0.055948 -0.205578 0.035429 -0.275019 -0.136137 -5.802531 6.71e-09 8.17347 3.298236 0.192219 0.393615 3 3447 ---
rs1081105 C A 0.055845 -0.204976 0.035429 -0.274417 -0.135535 -5.785516 7.42e-09 8.12952 3.341196 0.188135 0.401412 3 3447 ---
rs115881343 T C 0.055331 -0.206353 0.035766 -0.276454 -0.136252 -5.769571 8.16e-09 8.088444 3.441104 0.178967 0.418791 3 3432 ---
rs114536010 T C 0.051264 -0.207422 0.03696 -0.279864 -0.13498 -5.612022 2.05e-08 7.688365 3.068656 0.2156 0.348249 3 3443 ---
rs7412 T C 0.05059 0.223921 0.039915 0.145688 0.302154 5.609999 2.07e-08 7.683294 0.197724 0.905868 0 3 3443 +++
rs79398853 T C 0.051407 -0.204491 0.036889 -0.276792 -0.132189 -5.543461 3.04e-08 7.517533 3.256823 0.196241 0.385905 3 3445 ---
rs112849259 T C 0.051331 -0.202827 0.036711 -0.27478 -0.130873 -5.524941 3.37e-08 7.471729 2.806343 0.245816 0.287329 3 3446 ---
rs75687619 T G 0.051426 -0.20141 0.036673 -0.27329 -0.12953 -5.492011 4.07e-08 7.390641 2.895416 0.235109 0.309253 3 3447 ---
rs116881820 C T 0.052025 -0.200718 0.036756 -0.27276 -0.128677 -5.460866 4.85e-08 7.31437 3.50333 0.173485 0.429115 3 3447 ---
rs4803770 G C 0.324453 0.097536 0.017863 0.062525 0.132546 5.460363 4.86e-08 7.313144 0.28698 0.866329 0 3 3447 +++
rs59325138 T C 0.342277 0.095741 0.01765 0.061148 0.130334 5.42454 5.94e-08 7.225931 1.243192 0.537086 0 3 3447 +++
rs77301115 A G 0.051177 -0.199454 0.036784 -0.271551 -0.127357 -5.422268 6.02e-08 7.220416 2.410131 0.299672 0.17017 3 3447 ---
rs438811 T C 0.321763 -0.164914 0.030941 -0.225559 -0.10427 -5.329931 1e-07 6.9982 0.187895 0.664674 0 2 714 -?-
rs5117 C T 0.320384 -0.164252 0.030985 -0.224981 -0.103522 -5.301085 1.18e-07 6.929514 0.179011 0.672225 0 2 714 -?-
rs3925681 A G 0.349822 0.097232 0.018422 0.061125 0.133339 5.278068 1.33e-07 6.87496 0.165728 0.683936 0 2 3251 ++?
rs150966173 T C 0.054033 -0.192777 0.036727 -0.264762 -0.120793 -5.248942 1.56e-07 6.806248 2.447222 0.294166 0.182747 3 3416 ---
rs283811 G A 0.317365 -0.1609 0.030797 -0.221261 -0.100539 -5.22461 1.78e-07 6.749117 0.131204 0.717187 0 2 714 -?-
rs140480140 A G 0.055942 -0.186599 0.035714 -0.256598 -0.116599 -5.224787 1.78e-07 6.749531 3.250595 0.196853 0.384728 3 3447 ---
rs157582 T C 0.314647 -0.162313 0.03107 -0.22321 -0.101416 -5.22412 1.79e-07 6.74797 0.269202 0.603867 0 2 714 -?-
rs184017 G T 0.316757 -0.160966 0.030997 -0.22172 -0.100212 -5.192942 2.11e-07 6.675136 0.353407 0.552191 0 2 714 -?-
rs157581 C T 0.316757 -0.160966 0.030997 -0.22172 -0.100212 -5.192942 2.11e-07 6.675136 0.353407 0.552191 0 2 714 -?-
rs440446 C G 0.304307 0.093865 0.018144 0.058302 0.129428 5.173225 2.35e-07 6.629286 3.574762 0.167398 0.440522 3 3447 +++
rs283815 G A 0.317601 -0.159402 0.030967 -0.220097 -0.098706 -5.14744 2.69e-07 6.569574 0.271965 0.602017 0 2 712 -?-
rs483082 T G 0.320345 -0.160123 0.031121 -0.221119 -0.099127 -5.145253 2.73e-07 6.564523 0.125111 0.723556 0 2 714 -?-
rs190712692 A G 0.035285 0.258006 0.051054 0.15794 0.358072 5.053581 4.42e-07 6.354576 0.228847 0.63238 0 2 3251 ++?
rs188535946 A G 0.052231 -0.18538 0.036696 -0.257305 -0.113455 -5.051711 4.46e-07 6.350331 2.322612 0.313077 0.1389 3 3447 ---
chr19:44893408:G:T T G 0.306996 -0.155672 0.030831 -0.2161 -0.095244 -5.04924 4.52e-07 6.344722 0.236664 0.626626 0 2 714 -?-
rs484195 A G 0.318499 0.095156 0.019006 0.057905 0.132407 5.006711 5.64e-07 6.2486 1.862069 0.172386 0.462963 2 3251 ++?
rs141622900 A G 0.035323 0.237541 0.048366 0.142744 0.332337 4.911347 9.21e-07 6.035818 1.998965 0.36807 0 3 3447 +++
rs13380060 T C 0.196044 0.100995 0.020665 0.060492 0.141498 4.887304 1.04e-06 5.982774 4.551443 0.102723 0.560579 3 3447 +++
rs111784051 G T 0.022214 0.31626 0.06471 0.189429 0.443091 4.887359 1.04e-06 5.982896 2e-06 0.999011 0 2 3251 ++?
rs10514585 A G 0.214529 0.162523 0.033393 0.097074 0.227973 4.867048 1.15e-06 5.938272 2.543583 0.110743 0.606854 2 714 +?+
rs8106922 G A 0.343709 0.085838 0.017675 0.051196 0.12048 4.856587 1.22e-06 5.915359 1.370385 0.503993 0 3 3447 +++
rs61679753 A T 0.022105 0.312831 0.064938 0.185553 0.44011 4.817401 1.48e-06 5.829928 0.000644 0.979747 0 2 3251 ++?
rs449647 T A 0.147214 0.113014 0.023509 0.066936 0.159093 4.807185 1.56e-06 5.807762 1.138149 0.566049 0 3 3447 +++
rs1305062 C G 0.342537 0.084669 0.017685 0.050006 0.119332 4.787505 1.72e-06 5.765184 1.863337 0.393896 0 3 3447 +++
rs34878901 T C 0.342831 0.084204 0.017674 0.049563 0.118845 4.764315 1.93e-06 5.71522 2.094356 0.350927 0.045052 3 3447 +++
rs17581281 T C 0.19457 0.09856 0.020723 0.057944 0.139177 4.756148 2.01e-06 5.697678 5.08278 0.078757 0.606515 3 3444 +++
rs157594 T G 0.318776 0.089838 0.019009 0.052581 0.127096 4.726089 2.33e-06 5.633351 2.410468 0.120526 0.585143 2 3251 ++?
rs157595 A G 0.318439 0.089838 0.019009 0.052581 0.127096 4.726089 2.33e-06 5.633351 2.410468 0.120526 0.585143 2 3251 ++?
rs114688036 A G 0.012833 -0.403391 0.085716 -0.571395 -0.235388 -4.70613 2.57e-06 5.590848 4.120392 0.042369 0.757305 2 2929 ?--
rs28568521 G C 0.193798 0.096944 0.020727 0.05632 0.137568 4.677279 2.95e-06 5.529702 4.831244 0.089312 0.586028 3 3447 +++
rs11668327 C G 0.14566 0.10968 0.023466 0.063686 0.155673 4.673952 3e-06 5.522675 3.354289 0.186907 0.403748 3 3447 +++
rs12041781 A G 0.081481 -0.141614 0.030351 -0.201102 -0.082127 -4.665923 3.12e-06 5.505731 3.094686 0.212813 0.353731 3 3447 ---
rs73232783 A C 0.082539 -0.142285 0.030553 -0.202169 -0.082402 -4.657047 3.26e-06 5.487031 0.805467 0.66849 0 3 3447 ---
rs7214232 A G 0.316486 -0.083895 0.018083 -0.119337 -0.048453 -4.639556 3.55e-06 5.45028 0.948694 0.622291 0 3 3436 ---
rs1108412 A G 0.425745 0.078133 0.016851 0.045104 0.111161 4.636562 3.6e-06 5.444002 1.550308 0.460633 0 3 3447 +++
rs146361965 T C 0.016663 0.508309 0.109709 0.29328 0.723338 4.633266 3.66e-06 5.437096 7.970656 0.004754 0.87454 2 714 +?+
rs111510017 C T 0.166668 -0.102481 0.022191 -0.145975 -0.058987 -4.618148 3.93e-06 5.405473 2.560452 0.277974 0.218888 3 3447 ---
rs28399653 A G 0.025027 0.248106 0.053878 0.142504 0.353707 4.604916 4.19e-06 5.377872 5.442219 0.065802 0.632503 3 3446 +++
rs140041410 A G 0.018464 -0.275179 0.059848 -0.39248 -0.157878 -4.597992 4.33e-06 5.363458 3.506187 0.173237 0.42958 3 3447 ---
rs2238681 T C 0.345612 0.080966 0.017654 0.046364 0.115567 4.586276 4.58e-06 5.339115 1.551691 0.460314 0 3 3447 +++
rs76814826 A G 0.022317 -0.269618 0.058964 -0.385187 -0.15405 -4.572622 4.89e-06 5.310818 2.229385 0.328016 0.102892 3 3447 ---
rs78959900 A G 0.29122 0.089052 0.019489 0.050853 0.127252 4.569258 4.97e-06 5.303859 0.068531 0.793488 0 2 3240 ++?
rs28399657 G A 0.025114 0.244975 0.053652 0.139817 0.350134 4.565983 5.05e-06 5.297088 5.489667 0.064259 0.635679 3 3447 +++
rs72839826 G C 0.318562 -0.082137 0.018001 -0.117419 -0.046855 -4.562893 5.12e-06 5.290703 1.141259 0.565169 0 3 3447 ---
rs9662941 A G 0.191517 -0.096383 0.021178 -0.137892 -0.054874 -4.551059 5.42e-06 5.266289 3.846899 0.146102 0.480101 3 3440 ---
rs28399596 A G 0.025679 0.241778 0.05326 0.137388 0.346168 4.539567 5.72e-06 5.242635 6.189203 0.045293 0.676857 3 3447 +++
rs2995970 A G 0.084117 -0.137717 0.030345 -0.197193 -0.07824 -4.538351 5.75e-06 5.240137 0.812949 0.665994 0 3 3447 ---
rs28399654 A G 0.025065 0.244058 0.053777 0.138655 0.34946 4.538342 5.75e-06 5.240118 5.50548 0.063753 0.636726 3 3440 +++
rs12721056 T G 0.293889 0.088382 0.019483 0.050196 0.126567 4.536456 5.8e-06 5.236241 0.015802 0.899964 0 2 3251 ++?
rs7451011 C T 0.217797 0.092551 0.020435 0.052499 0.132603 4.529128 6.01e-06 5.221197 3.181623 0.20376 0.37139 3 3447 ++-
rs664684 G A 0.18998 -0.094636 0.020959 -0.135716 -0.053555 -4.515195 6.42e-06 5.192655 0.519262 0.771336 0 3 3445 ---
rs4803772 T C 0.28998 0.088037 0.019534 0.049751 0.126324 4.506884 6.67e-06 5.175669 0.046529 0.829217 0 2 3251 ++?
rs60798442 A G 0.192532 -0.095162 0.021142 -0.1366 -0.053724 -4.501086 6.86e-06 5.163834 3.298383 0.192205 0.393642 3 3447 ---
rs2008185 T A 0.319092 -0.080903 0.017996 -0.116174 -0.045631 -4.495644 7.03e-06 5.152739 0.797247 0.671243 0 3 3447 ---
rs6674724 T A 0.19269 -0.094917 0.021137 -0.136345 -0.053489 -4.490632 7.2e-06 5.142534 3.325771 0.189591 0.398636 3 3447 ---
rs72850306 G C 0.038906 -0.198832 0.044294 -0.285648 -0.112016 -4.488938 7.26e-06 5.139086 5.842855 0.053857 0.657702 3 3447 ---
rs74445788 C T 0.016373 0.297507 0.066301 0.167558 0.427456 4.487243 7.32e-06 5.135637 2.448574 0.293967 0.183198 3 3447 +++
rs112619823 A G 0.025534 0.239014 0.053521 0.134114 0.343914 4.465842 8.09e-06 5.092204 5.915152 0.051945 0.661885 3 3447 +++
rs28451630 T G 0.431089 0.073232 0.0164 0.041089 0.105376 4.465455 8.1e-06 5.09142 1.016829 0.601448 0 3 3447 +++
rs55700815 T C 0.039513 -0.203345 0.045556 -0.292635 -0.114054 -4.463577 8.17e-06 5.087618 0.868722 0.351309 0 2 3251 --?
rs6569301 A G 0.219834 0.090647 0.020309 0.050842 0.130452 4.463498 8.18e-06 5.087457 1.703409 0.426687 0 3 3447 +++
rs9928921 G A 0.029395 -0.225374 0.050541 -0.324433 -0.126314 -4.459265 8.34e-06 5.078893 3.237843 0.198112 0.382305 3 3447 ---
rs9388154 T C 0.220786 0.090233 0.020283 0.050478 0.129987 4.448694 8.76e-06 5.057538 1.697465 0.427957 0 3 3447 +++
rs6569302 C T 0.220786 0.090233 0.020283 0.050478 0.129987 4.448694 8.76e-06 5.057538 1.697465 0.427957 0 3 3447 +++
rs6569303 C T 0.220786 0.090233 0.020283 0.050478 0.129987 4.448694 8.76e-06 5.057538 1.697465 0.427957 0 3 3447 +++
rs760198 G A 0.020615 0.250584 0.056408 0.140024 0.361144 4.442333 9.02e-06 5.04471 2.511133 0.284914 0.203547 3 3447 +++
rs4099475 C G 0.088722 -0.130373 0.02938 -0.187958 -0.072787 -4.437401 9.23e-06 5.034777 0.619665 0.73357 0 3 3447 ---
rs769449 A G 0.212645 -0.152144 0.034295 -0.219362 -0.084927 -4.43639 9.27e-06 5.032741 0.210403 0.646451 0 2 714 -?-
rs10744725 A G 0.413908 -0.123106 0.027773 -0.177541 -0.068671 -4.432599 9.44e-06 5.025113 1.578717 0.208946 0.366574 2 714 -?-
rs769450 A G 0.343941 0.077972 0.017602 0.043473 0.112471 4.429792 9.56e-06 5.019469 2.020676 0.364096 0.010232 3 3447 +++
rs1485650 C T 0.219993 0.089854 0.020314 0.05004 0.129669 4.423351 9.85e-06 5.006531 1.692545 0.429011 0 3 3447 +++
rs6569304 C G 0.219993 0.089854 0.020314 0.05004 0.129669 4.423351 9.85e-06 5.006531 1.692545 0.429011 0 3 3447 +++
rs7254892 A G 0.024517 0.253496 0.057316 0.141157 0.365835 4.422781 9.88e-06 5.005386 1.00907 0.603786 0 3 3447 +++
rs1030288764 G C 0.02532 0.237683 0.05376 0.132314 0.343052 4.421196 9.95e-06 5.002207 5.616565 0.060308 0.64391 3 3447 +++
rs560898656 G T 0.02532 0.237683 0.05376 0.132314 0.343052 4.421196 9.95e-06 5.002207 5.616565 0.060308 0.64391 3 3447 +++
