rs_number reference_allele other_allele eaf beta se beta_95L beta_95U z p-value -log10_p-value q_statistic q_p-value i2 n_studies n_samples effects
rs10119 A G 0.344904 -0.137804 0.009909 -0.157226 -0.118382 -13.906772 6.36e-44 43.196388 74.005517 5.55e-16 0.959462 4 11062 ----
rs75627662 T C 0.237017 -0.137584 0.011247 -0.159629 -0.115539 -12.232448 2.27e-34 33.643161 39.974394 1.08e-08 0.924952 4 11061 ----
rs34095326 A G 0.151832 -0.161793 0.01359 -0.188429 -0.135156 -11.90528 1.21e-32 31.917843 48.86766 1.39e-10 0.93861 4 11062 ----
rs1081105 C A 0.041497 -0.244678 0.024387 -0.292477 -0.19688 -10.033079 1.17e-23 22.932796 35.179775 1.12e-07 0.914724 4 11062 ----
rs112019714 C T 0.041721 -0.234575 0.024247 -0.282099 -0.187051 -9.674508 4.13e-22 21.38424 34.994404 1.22e-07 0.914272 4 11062 ----
rs115881343 T C 0.041413 -0.233949 0.024471 -0.281912 -0.185986 -9.560213 1.25e-21 20.902263 34.067437 1.92e-07 0.911939 4 10987 ----
rs79398853 T C 0.038549 -0.23607 0.025311 -0.28568 -0.186461 -9.326774 1.16e-20 19.93531 28.676898 2.62e-06 0.895386 4 11051 ----
rs112849259 T C 0.038479 -0.235151 0.025274 -0.284687 -0.185614 -9.304204 1.44e-20 19.84306 28.331459 3.09e-06 0.894111 4 11058 ----
rs150966173 T C 0.040228 -0.233723 0.025144 -0.283005 -0.184442 -9.295455 1.56e-20 19.807361 33.261205 2.84e-07 0.909805 4 10963 ----
rs75687619 T G 0.038553 -0.234716 0.025254 -0.284214 -0.185217 -9.294052 1.58e-20 19.80164 28.178487 3.33e-06 0.893536 4 11062 ----
rs116881820 C T 0.039007 -0.233828 0.025211 -0.283242 -0.184415 -9.274852 1.89e-20 19.723422 27.880314 3.85e-06 0.892397 4 11062 ----
rs77301115 A G 0.038375 -0.234444 0.025301 -0.284033 -0.184855 -9.266357 2.05e-20 19.688864 28.153746 3.37e-06 0.893442 4 11061 ----
rs140480140 A G 0.042258 -0.223432 0.024243 -0.270947 -0.175916 -9.216496 3.26e-20 19.486659 32.009411 5.21e-07 0.906278 4 11062 ----
rs114536010 T C 0.03848 -0.23369 0.025369 -0.283413 -0.183968 -9.211748 3.41e-20 19.467461 27.857289 3.89e-06 0.892308 4 11032 ----
rs1038026 G A 0.411104 0.084006 0.009361 0.065659 0.102353 8.974105 3.03e-19 18.518901 26.446994 7.69e-06 0.886566 4 11062 ++++
rs1160985 T C 0.410843 0.083809 0.009366 0.065451 0.102166 8.948015 3.83e-19 18.416237 27.021923 5.83e-06 0.888979 4 11062 ++++
rs1038025 C T 0.410798 0.083824 0.009371 0.065457 0.102191 8.945269 3.93e-19 18.405447 26.979108 5.95e-06 0.888803 4 11062 ++++
rs741780 C T 0.410914 0.083769 0.00937 0.065404 0.102135 8.940125 4.12e-19 18.385249 26.634493 7.02e-06 0.887364 4 11062 ++++
rs760136 G A 0.410756 0.083737 0.009373 0.065366 0.102108 8.933852 4.36e-19 18.36063 26.724994 6.72e-06 0.887746 4 11062 ++++
rs7259620 A G 0.408399 0.083171 0.009375 0.064795 0.101547 8.871196 7.66e-19 18.115658 25.443931 1.25e-05 0.882094 4 11062 ++++
rs188535946 A G 0.039638 -0.221708 0.02504 -0.270785 -0.17263 -8.854279 8.92e-19 18.049807 27.993548 3.64e-06 0.892832 4 11062 ----
rs28399637 A G 0.338262 -0.079408 0.009782 -0.098582 -0.060235 -8.117545 5e-16 15.301046 27.449281 4.74e-06 0.890708 4 11054 ----
rs59325138 T C 0.374346 0.076615 0.00953 0.057936 0.095295 8.039186 9.5e-16 15.022378 16.525335 0.000885 0.818461 4 11062 ++++
rs4803770 G C 0.352657 0.077501 0.009657 0.058573 0.096429 8.025433 1.06e-15 14.973737 10.946738 0.012017 0.725946 4 11062 ++++
rs118170342 C T 0.054693 -0.173875 0.022391 -0.217761 -0.129989 -7.765502 8.52e-15 14.069702 18.431251 9.95e-05 0.891489 3 10449 ---?
rs3925681 A G 0.384315 0.076686 0.009927 0.057229 0.096144 7.724725 1.17e-14 13.930504 26.677356 1.61e-06 0.92503 3 10449 +++?
rs60049679 C G 0.087006 -0.130333 0.017013 -0.163679 -0.096987 -7.660595 1.94e-14 13.713026 29.335965 1.9e-06 0.897736 4 11062 ----
rs429358 C T 0.160913 -0.131 0.017453 -0.165207 -0.096792 -7.505959 6.37e-14 13.195856 49.137489 2.14e-11 0.959298 3 2945 --?-
rs147711004 A G 0.0452 -0.174617 0.02349 -0.220658 -0.128576 -7.433547 1.1e-13 12.957191 13.891478 0.003057 0.78404 4 11062 ----
rs8106922 G A 0.373901 0.070891 0.009553 0.052166 0.089615 7.420623 1.22e-13 12.91483 13.242317 0.004141 0.773454 4 11061 ++++
rs484195 A G 0.352223 0.073769 0.010108 0.053958 0.093579 7.298374 3.04e-13 12.517669 51.892468 5.39e-12 0.961459 3 10449 -++?
rs34878901 T C 0.373564 0.069414 0.009562 0.050672 0.088156 7.259224 4.06e-13 12.391827 13.659687 0.003407 0.780376 4 11062 ++++
rs1305062 C G 0.373106 0.06934 0.009565 0.050593 0.088086 7.249599 4.36e-13 12.360989 13.764692 0.003244 0.782051 4 11062 ++++
rs144261139 A C 0.014993 -0.300047 0.04148 -0.381348 -0.218747 -7.233548 4.9e-13 12.309649 4.624083 0.099059 0.567482 3 10438 ---?
rs769450 A G 0.376039 0.068813 0.009529 0.050136 0.087491 7.221193 5.37e-13 12.270209 14.58352 0.002209 0.794288 4 11062 ++++
rs157594 T G 0.352005 0.072429 0.01012 0.052595 0.092264 7.157367 8.56e-13 12.06749 50.898518 8.86e-12 0.960706 3 10449 -++?
rs157595 A G 0.351694 0.072235 0.01012 0.052401 0.09207 7.138168 9.84e-13 12.00685 50.632645 1.01e-11 0.9605 3 10449 -++?
rs41289512 G C 0.053517 -0.152492 0.021608 -0.194843 -0.110141 -7.057276 1.77e-12 11.753087 14.844267 0.001955 0.797902 4 11062 ----
rs56131196 A G 0.193149 -0.114458 0.016219 -0.146248 -0.082668 -7.056854 1.77e-12 11.751772 35.330562 2.13e-08 0.943392 3 2946 --?-
rs2238681 T C 0.375037 0.067167 0.009568 0.048415 0.08592 7.020307 2.3e-12 11.638043 11.386083 0.009811 0.73652 4 11062 ++++
rs12721051 G C 0.192887 -0.113842 0.016218 -0.145629 -0.082054 -7.019379 2.32e-12 11.635162 33.967746 4.21e-08 0.941121 3 2950 --?-
rs4420638 G A 0.193508 -0.113382 0.016189 -0.145113 -0.08165 -7.003434 2.6e-12 11.58573 36.526923 1.17e-08 0.945246 3 2946 --?-
rs440446 C G 0.330692 0.067307 0.009762 0.048174 0.086441 6.894793 5.6e-12 11.2518 45.956756 5.79e-10 0.934721 4 11062 -+++
rs12721056 T G 0.320621 0.071195 0.01035 0.050908 0.091481 6.878494 6.28e-12 11.202135 11.351931 0.003427 0.823819 3 10449 +++?
rs584007 A G 0.33152 0.070687 0.010293 0.050513 0.090861 6.867511 6.78e-12 11.168734 40.516621 1.59e-09 0.950638 3 10448 -++?
rs4802238 T C 0.332139 -0.067513 0.00991 -0.086936 -0.048089 -6.812479 9.95e-12 11.002142 9.653109 0.021757 0.689219 4 11062 ----
rs3826688 T C 0.332458 0.069752 0.010267 0.049628 0.089876 6.793621 1.13e-11 10.945353 40.334777 1.74e-09 0.950415 3 10449 -++?
rs117310449 T C 0.015077 -0.27805 0.041096 -0.358598 -0.197502 -6.765878 1.37e-11 10.862081 6.803278 0.033319 0.706024 3 10449 ---?
rs78959900 A G 0.317787 0.069537 0.010398 0.049157 0.089917 6.687537 2.35e-11 10.628709 10.729772 0.004678 0.813603 3 10410 +++?
rs4803764 C T 0.287294 -0.067972 0.010306 -0.088171 -0.047774 -6.595741 4.38e-11 10.358578 13.244882 0.004136 0.773497 4 11062 ----
rs4803772 T C 0.315402 0.068121 0.010407 0.047724 0.088518 6.54586 6.12e-11 10.213295 10.841532 0.004424 0.815524 3 10449 +++?
rs12462573 A G 0.288108 -0.067134 0.010322 -0.087365 -0.046902 -6.503868 8.09e-11 10.091809 13.859785 0.003102 0.783546 4 11062 ----
rs56317818 T C 0.288536 -0.066962 0.010323 -0.087195 -0.04673 -6.486903 9.06e-11 10.04294 13.721297 0.00331 0.781362 4 11062 ----
rs12162222 T G 0.319091 -0.064653 0.010018 -0.084289 -0.045017 -6.453418 1.13e-10 9.946846 9.93323 0.019142 0.697983 4 11062 ----
rs5117 C T 0.233541 -0.097722 0.015156 -0.127429 -0.068016 -6.447595 1.17e-10 9.930183 27.751952 9.41e-07 0.927933 3 2950 --?-
rs483082 T G 0.234208 -0.097767 0.015191 -0.127542 -0.067992 -6.435712 1.27e-10 9.896225 25.15517 3.45e-06 0.920493 3 2950 --?-
rs2199575 A G 0.318871 -0.064272 0.010017 -0.083906 -0.044638 -6.416125 1.44e-10 9.840383 10.247648 0.016574 0.70725 4 11062 ----
rs438811 T C 0.23422 -0.097001 0.015175 -0.126744 -0.067259 -6.392197 1.69e-10 9.772385 27.870122 8.87e-07 0.928239 3 2950 --?-
rs73050205 A T 0.286958 -0.06485 0.010319 -0.085076 -0.044625 -6.284499 3.39e-10 9.469348 13.064473 0.004499 0.77037 4 11062 ----
rs4803763 C G 0.292066 -0.064426 0.010263 -0.084541 -0.044311 -6.277641 3.55e-10 9.450218 13.164405 0.004294 0.772113 4 11062 ----
rs10402271 G T 0.35317 -0.06068 0.009759 -0.079807 -0.041552 -6.217736 5.2e-10 9.283962 6.768482 0.079655 0.556769 4 11058 ----
rs10402524 C T 0.352944 -0.060265 0.009752 -0.079379 -0.04115 -6.179463 6.63e-10 9.178543 6.982305 0.072464 0.570342 4 11062 ----
rs10406338 C T 0.356729 -0.06014 0.009749 -0.079249 -0.041031 -6.168525 7.1e-10 9.148528 6.765412 0.079763 0.556568 4 11062 ----
rs10405693 T C 0.352693 -0.059759 0.009775 -0.078918 -0.040601 -6.113623 1e-09 8.998641 6.801415 0.078504 0.558915 4 11055 ----
rs10412413 T C 0.357146 -0.059329 0.009749 -0.078438 -0.040221 -6.085505 1.2e-09 8.922375 6.404911 0.093489 0.531609 4 11062 ----
rs4803758 T G 0.357122 -0.059236 0.009747 -0.07834 -0.040133 -6.077558 1.26e-09 8.90088 6.377531 0.09462 0.529599 4 11062 ----
rs35396326 G C 0.306083 -0.061567 0.010132 -0.081425 -0.041709 -6.076635 1.26e-09 8.898384 10.055805 0.018098 0.701665 4 11062 ----
rs7254133 T C 0.323587 -0.064088 0.010557 -0.08478 -0.043397 -6.070767 1.31e-09 8.882531 14.888554 0.000585 0.865669 3 10449 ---?
rs3745150 C G 0.377513 0.058082 0.009573 0.039318 0.076846 6.06702 1.34e-09 8.872417 8.336597 0.039544 0.640141 4 11062 ++++
rs58132661 T A 0.356652 -0.058961 0.009749 -0.078069 -0.039854 -6.048066 1.51e-09 8.821344 6.644011 0.084153 0.548466 4 11062 ----
rs58826447 A T 0.356652 -0.058961 0.009749 -0.078069 -0.039854 -6.048066 1.51e-09 8.821344 6.644011 0.084153 0.548466 4 11062 ----
rs58446550 A C 0.356652 -0.058961 0.009749 -0.078069 -0.039854 -6.048066 1.51e-09 8.821344 6.644011 0.084153 0.548466 4 11062 ----
rs71352239 T C 0.304389 0.063219 0.010522 0.042595 0.083842 6.008073 1.93e-09 8.714075 4.861339 0.087978 0.588591 3 10449 +++?
rs10414043 A G 0.127977 -0.115171 0.019288 -0.152975 -0.077367 -5.971144 2.42e-09 8.615628 27.648584 9.91e-07 0.927664 3 2950 --?-
rs7256200 T G 0.127977 -0.115171 0.019288 -0.152975 -0.077367 -5.971144 2.42e-09 8.615628 27.648584 9.91e-07 0.927664 3 2950 --?-
rs6857 T C 0.179845 -0.101707 0.017051 -0.135128 -0.068287 -5.964786 2.52e-09 8.598736 34.661421 2.97e-08 0.942299 3 2950 --?-
rs66626994 A G 0.155921 -0.104806 0.017587 -0.139276 -0.070336 -5.9594 2.6e-09 8.584443 19.611878 5.51e-05 0.898021 3 2950 --?-
rs2972559 G C 0.2925 -0.061155 0.010268 -0.081281 -0.041029 -5.955611 2.66e-09 8.574393 13.118305 0.004388 0.771312 4 11062 ----
rs111789331 A T 0.155921 -0.104239 0.017588 -0.138711 -0.069767 -5.926806 3.18e-09 8.498194 19.656558 5.39e-05 0.898253 3 2950 --?-
rs12691088 A G 0.029199 -0.171398 0.029182 -0.228595 -0.114202 -5.87341 4.39e-09 8.357873 14.1047 0.002766 0.787305 4 11061 ----
rs769449 A G 0.125588 -0.114049 0.019467 -0.152204 -0.075894 -5.858684 4.79e-09 8.319386 26.190443 2.06e-06 0.923636 3 2950 --?-
rs2075649 G A 0.371041 0.05585 0.009592 0.03705 0.074651 5.82245 5.96e-09 8.225078 8.231886 0.041455 0.635563 4 11062 ++++
rs12721046 A G 0.154416 -0.10244 0.017649 -0.137033 -0.067847 -5.804145 6.64e-09 8.177647 19.787902 5.05e-05 0.898928 3 2950 --?-
rs3021439 A G 0.330581 -0.056894 0.009943 -0.076381 -0.037406 -5.722267 1.08e-08 7.967218 8.934772 0.030171 0.664233 4 11062 ----
rs73048288 C G 0.33033 -0.056515 0.009941 -0.076001 -0.03703 -5.684856 1.34e-08 7.872015 8.760899 0.032645 0.657569 4 11062 ----
rs2927480 C G 0.330477 -0.056456 0.009941 -0.075941 -0.036971 -5.678867 1.39e-08 7.85683 8.727911 0.033136 0.656275 4 11062 ----
rs73052335 C A 0.136598 -0.105553 0.018587 -0.141983 -0.069122 -5.678859 1.39e-08 7.856809 19.841074 4.92e-05 0.899199 3 2950 --?-
rs73048293 A G 0.331 -0.056376 0.009942 -0.075863 -0.036888 -5.670194 1.46e-08 7.834865 8.560623 0.035741 0.649558 4 11057 ----
rs28399664 G C 0.026852 -0.169325 0.0299 -0.227929 -0.110721 -5.663024 1.53e-08 7.81673 7.641681 0.054028 0.607416 4 11062 ----
rs7359852 C T 0.332096 -0.056124 0.009914 -0.075555 -0.036694 -5.661374 1.54e-08 7.812559 8.811646 0.031903 0.659541 4 11062 ----
rs74579864 C G 0.331359 -0.055516 0.009933 -0.074985 -0.036046 -5.58875 2.34e-08 7.630156 8.354504 0.039226 0.640912 4 11062 ----
rs12459575 A G 0.330847 -0.055468 0.009939 -0.074949 -0.035987 -5.580676 2.45e-08 7.610014 8.4797 0.037071 0.646214 4 11062 ----
rs146275714 A G 0.027572 -0.1639 0.029818 -0.222344 -0.105457 -5.496637 3.96e-08 7.402007 13.694846 0.003351 0.780939 4 11062 ----
rs449647 T A 0.158895 0.068555 0.012622 0.043816 0.093295 5.431316 5.72e-08 7.242384 22.603947 4.88e-05 0.86728 4 11062 ++++
rs4803762 A G 0.334006 -0.053778 0.009908 -0.073197 -0.034359 -5.427849 5.83e-08 7.233963 7.593786 0.055197 0.60494 4 11062 ----
rs10410835 T C 0.451303 0.050271 0.009295 0.032053 0.068489 5.408444 6.5e-08 7.186919 10.093105 0.017791 0.702767 4 11062 ++++
rs2927468 A G 0.452494 0.050036 0.009299 0.031809 0.068263 5.380561 7.59e-08 7.1196 10.393264 0.015503 0.711352 4 11062 ++++
chr19:44893408:G:T T G 0.214727 -0.083133 0.015649 -0.113805 -0.05246 -5.31219 1.11e-07 6.955914 24.274711 5.36e-06 0.91761 3 2950 --?-
rs4803761 G A 0.339925 -0.051972 0.009864 -0.071306 -0.032639 -5.26886 1.4e-07 6.853198 6.399088 0.093728 0.531183 4 11062 ----
rs157582 T C 0.224884 -0.08088 0.015484 -0.111228 -0.050532 -5.223523 1.79e-07 6.746571 21.873248 1.78e-05 0.908564 3 2950 --?-
rs17013444 C T 0.090171 -0.082302 0.01603 -0.113721 -0.050883 -5.134216 2.89e-07 6.53906 14.070186 0.002811 0.786783 4 11062 -+--
rs157581 C T 0.228112 -0.078453 0.015341 -0.108522 -0.048385 -5.113924 3.22e-07 6.492376 22.994973 1.02e-05 0.913024 3 2950 --?-
rs11668327 C G 0.158659 0.063225 0.012375 0.038971 0.08748 5.109191 3.3e-07 6.481513 29.991004 1.39e-06 0.89997 4 11062 -+++
chr19:44909976:G:T T G 0.062739 0.093784 0.018554 0.057418 0.13015 5.054603 4.4e-07 6.356898 51.660009 3.54e-11 0.941928 4 11062 -+++
rs157588 T C 0.454273 0.046766 0.009295 0.028548 0.064984 5.03131 4.96e-07 6.304104 3.78849 0.285228 0.208128 4 11062 ++++
rs157585 C A 0.453905 0.046686 0.009302 0.028455 0.064917 5.019191 5.29e-07 6.276728 4.026084 0.258661 0.254859 4 11062 ++++
rs184017 G T 0.227082 -0.077137 0.015373 -0.107268 -0.047006 -5.017673 5.33e-07 6.273304 24.733101 4.26e-06 0.919137 3 2950 --?-
rs283811 G A 0.229847 -0.076084 0.015245 -0.105965 -0.046203 -4.990581 6.13e-07 6.212343 24.059831 5.96e-06 0.916874 3 2950 --?-
rs283815 G A 0.227364 -0.076644 0.015368 -0.106765 -0.046524 -4.987348 6.24e-07 6.205088 24.283649 5.33e-06 0.91764 3 2943 --?-
rs12839556 C T 0.383906 0.035106 0.007108 0.021174 0.049038 4.938801 8e-07 6.096685 3.734564 0.154543 0.464462 3 10141 +?++
rs157590 C A 0.457598 0.048287 0.009801 0.029077 0.067497 4.92678 8.51e-07 6.069995 4.633571 0.09859 0.568367 3 10449 +++?
rs7412 T C 0.062607 0.091444 0.018611 0.054966 0.127922 4.91341 9.11e-07 6.04038 51.314625 4.19e-11 0.941537 4 11053 -+++
rs11667241 C G 0.347701 -0.047517 0.009792 -0.066709 -0.028325 -4.852774 1.24e-06 5.907017 7.643481 0.053984 0.607509 4 11062 ----
rs34404554 G C 0.148841 -0.088731 0.018293 -0.124587 -0.052876 -4.850443 1.25e-06 5.901922 19.695901 5.29e-05 0.898456 3 2950 --?-
rs11556505 T C 0.148841 -0.088731 0.018293 -0.124587 -0.052876 -4.850443 1.25e-06 5.901922 19.695901 5.29e-05 0.898456 3 2950 --?-
rs41334244 G A 0.051352 -0.102079 0.02106 -0.143358 -0.060801 -4.846956 1.28e-06 5.894302 6.150066 0.104533 0.5122 4 11061 ----
rs2075650 G A 0.148998 -0.088596 0.018295 -0.124454 -0.052739 -4.842729 1.3e-06 5.885072 19.606436 5.53e-05 0.897993 3 2950 --?-
rs10034686 A G 0.194873 0.076462 0.015812 0.045471 0.107452 4.835836 1.35e-06 5.870038 0.979479 0.612786 0 3 2948 ++?+
rs117356097 T C 0.022329 -0.153597 0.031799 -0.215922 -0.091272 -4.830307 1.39e-06 5.857994 1.346695 0.718076 0 4 11062 ----
rs143668237 C G 0.051028 -0.102042 0.021125 -0.143448 -0.060636 -4.8303 1.39e-06 5.857977 6.519443 0.088899 0.539838 4 11062 ----
rs148851376 T C 0.050982 -0.102065 0.021145 -0.143509 -0.060621 -4.826964 1.41e-06 5.850716 6.377757 0.09461 0.529615 4 11062 ----
rs112329279 T C 0.051664 -0.100848 0.020989 -0.141987 -0.059708 -4.80469 1.58e-06 5.802354 5.961061 0.11352 0.496734 4 11062 ----
rs73560223 G A 0.051346 -0.100948 0.021068 -0.14224 -0.059655 -4.791579 1.68e-06 5.773985 6.24571 0.100249 0.51967 4 11062 ----
rs7257610 A G 0.051353 -0.100854 0.021068 -0.142147 -0.059562 -4.787149 1.72e-06 5.764415 6.222579 0.101269 0.517885 4 11061 ----
rs61062133 G C 0.051302 -0.100774 0.021074 -0.14208 -0.059469 -4.781911 1.77e-06 5.75311 6.206923 0.101966 0.516669 4 11062 ----
rs73558194 A G 0.052706 -0.098674 0.020717 -0.139278 -0.058069 -4.762989 1.94e-06 5.71237 5.861017 0.118571 0.488143 4 11061 ----
rs16979586 G A 0.051318 -0.100427 0.021092 -0.141767 -0.059087 -4.761427 1.95e-06 5.709013 6.276159 0.098921 0.522001 4 11049 ----
rs60461903 C T 0.051479 -0.100065 0.021039 -0.141301 -0.058828 -4.756169 2.01e-06 5.697722 6.26795 0.099277 0.521375 4 11062 ----
rs7122309 C T 0.169473 -0.0596 0.012579 -0.084254 -0.034946 -4.738219 2.19e-06 5.659263 4.914985 0.178129 0.389622 4 11060 ----
rs59136988 A T 0.052389 -0.098357 0.020764 -0.139054 -0.05766 -4.736942 2.21e-06 5.656533 6.420853 0.092837 0.532772 4 11062 ----
rs56834222 T C 0.052389 -0.098357 0.020764 -0.139054 -0.05766 -4.736942 2.21e-06 5.656533 6.420853 0.092837 0.532772 4 11062 ----
rs73558190 G A 0.052389 -0.098357 0.020764 -0.139054 -0.05766 -4.736942 2.21e-06 5.656533 6.420853 0.092837 0.532772 4 11062 ----
rs71352238 C T 0.150474 -0.086546 0.018281 -0.122378 -0.050715 -4.734105 2.24e-06 5.650468 17.023587 0.000201 0.882516 3 2950 --?-
rs2590395 G A 0.424569 -0.044475 0.009406 -0.062911 -0.026039 -4.728262 2.3e-06 5.637988 4.337448 0.227256 0.308349 4 11062 ----
rs111869796 T C 0.052435 -0.098061 0.020751 -0.138733 -0.057389 -4.7256 2.33e-06 5.632307 6.677361 0.082924 0.550721 4 11062 ----
rs16979600 C A 0.052405 -0.098153 0.020776 -0.138874 -0.057432 -4.724332 2.35e-06 5.629604 6.720303 0.081368 0.553592 4 11049 ----
rs112417029 T C 0.052435 -0.097969 0.020751 -0.138641 -0.057297 -4.721159 2.38e-06 5.622836 6.652842 0.083826 0.549065 4 11062 ----
rs56322438 T C 0.151522 -0.060733 0.01287 -0.085958 -0.035509 -4.719107 2.41e-06 5.618464 1.084493 0.780819 0 4 11062 ----
rs3806179 A C 0.152525 -0.060555 0.012836 -0.085714 -0.035396 -4.717556 2.43e-06 5.61516 1.269214 0.736456 0 4 11062 ----
rs2024670 G T 0.381252 -0.060005 0.01273 -0.084956 -0.035054 -4.713609 2.47e-06 5.606754 1.485825 0.475726 0 3 2947 --?-
rs190712692 A G 0.042255 0.11083 0.023518 0.064735 0.156924 4.712629 2.49e-06 5.60467 36.296972 1.31e-08 0.944899 3 10449 -++?
rs2850710 G A 0.422201 -0.044305 0.009406 -0.06274 -0.025869 -4.710351 2.51e-06 5.599822 4.078994 0.25306 0.264524 4 11062 ----
rs16979588 C T 0.052522 -0.097713 0.020749 -0.13838 -0.057045 -4.709364 2.53e-06 5.597724 6.08167 0.107704 0.506714 4 11062 ----
rs6592602 G T 0.169821 -0.059122 0.012562 -0.083744 -0.034501 -4.706537 2.56e-06 5.591714 5.069682 0.166765 0.408247 4 11062 ----
rs60151175 A C 0.161131 -0.059423 0.012627 -0.084172 -0.034673 -4.705833 2.57e-06 5.590216 0.600188 0.896389 0 4 11062 ----
rs56160010 A G 0.171068 -0.058278 0.012393 -0.082568 -0.033988 -4.702512 2.61e-06 5.583161 2.243491 0.523433 0 4 11062 ----
rs73558188 A G 0.052522 -0.097574 0.020749 -0.138241 -0.056907 -4.702695 2.61e-06 5.58355 6.047015 0.109345 0.503887 4 11062 ----
rs73558200 T A 0.052479 -0.097525 0.020748 -0.138191 -0.056859 -4.700486 2.64e-06 5.578859 6.533187 0.088363 0.540806 4 11062 ----
rs34112623 T C 0.052479 -0.097525 0.020748 -0.138191 -0.056859 -4.700486 2.64e-06 5.578859 6.533187 0.088363 0.540806 4 11062 ----
rs12281823 G C 0.169616 -0.059018 0.012568 -0.083652 -0.034385 -4.695876 2.7e-06 5.569076 5.184069 0.158804 0.421304 4 11062 ----
rs57270598 A G 0.052435 -0.097416 0.020751 -0.138088 -0.056744 -4.694513 2.72e-06 5.566185 6.506695 0.089399 0.538936 4 11062 ----
rs73558195 A G 0.052479 -0.097341 0.020748 -0.138007 -0.056675 -4.6916 2.75e-06 5.56001 6.484732 0.090267 0.537375 4 11062 ----
rs12392997 G C 0.395253 0.031663 0.006752 0.01843 0.044896 4.689609 2.78e-06 5.555792 1.977185 0.577156 0 4 10912 ++++
rs12972156 G C 0.150334 -0.08497 0.018165 -0.120573 -0.049368 -4.677815 2.95e-06 5.530836 20.762941 3.1e-05 0.903675 3 2950 --?-
rs12972970 A G 0.150334 -0.08497 0.018165 -0.120573 -0.049368 -4.677815 2.95e-06 5.530836 20.762941 3.1e-05 0.903675 3 2950 --?-
rs2676674 G A 0.421923 -0.04395 0.009407 -0.062388 -0.025512 -4.67199 3.03e-06 5.518532 4.137763 0.246967 0.274971 4 11062 ----
rs7126652 A G 0.169925 -0.058646 0.012563 -0.083269 -0.034023 -4.668174 3.09e-06 5.510479 5.083275 0.1658 0.409829 4 11062 ----
rs10970859 T A 0.02371 0.14631 0.031372 0.084821 0.2078 4.663708 3.15e-06 5.501063 0.321184 0.85164 0 3 10291 +?++
rs4712277 G T 0.170698 -0.057681 0.012372 -0.08193 -0.033431 -4.66212 3.18e-06 5.497716 3.750279 0.289723 0.20006 4 11062 -+--
rs73052307 C T 0.125862 0.063467 0.013619 0.036774 0.090161 4.660157 3.21e-06 5.493581 21.979573 6.59e-05 0.86351 4 11051 -+++
rs5030490 C T 0.016219 0.182163 0.039218 0.105295 0.25903 4.644866 3.46e-06 5.461423 2.065058 0.356105 0.031504 3 10449 +++?
rs72725900 A T 0.153428 -0.059373 0.012805 -0.084471 -0.034275 -4.636603 3.6e-06 5.444088 1.032401 0.793413 0 4 11062 ----
rs141622900 A G 0.042308 0.104188 0.02248 0.060128 0.148248 4.634795 3.63e-06 5.440298 37.110569 4.36e-08 0.91916 4 11061 -+++
rs11236338 A G 0.169619 -0.058234 0.012573 -0.082877 -0.033592 -4.631788 3.68e-06 5.434 5.427664 0.14303 0.447276 4 11062 ----
rs10899073 C A 0.169619 -0.058234 0.012573 -0.082877 -0.033592 -4.631788 3.68e-06 5.434 5.427664 0.14303 0.447276 4 11062 ----
rs77021985 T C 0.050307 -0.098334 0.021231 -0.139946 -0.056722 -4.631658 3.68e-06 5.433726 6.069616 0.108272 0.505735 4 11062 ----
rs2850712 C A 0.422138 -0.043562 0.009406 -0.061998 -0.025127 -4.631418 3.69e-06 5.433224 4.203766 0.240285 0.286354 4 11045 ----
rs57465754 G C 0.232584 -0.051795 0.011193 -0.073733 -0.029856 -4.627278 3.76e-06 5.424559 6.917938 0.07456 0.566345 4 11062 ----
rs17133704 T C 0.169663 -0.058088 0.012572 -0.082728 -0.033448 -4.620597 3.89e-06 5.410587 5.307519 0.150615 0.434764 4 11062 ----
rs2927481 A C 0.353106 -0.045066 0.009758 -0.064191 -0.025941 -4.618505 3.92e-06 5.406217 6.347411 0.095878 0.527366 4 11062 ----
rs4944980 T C 0.169619 -0.057952 0.012573 -0.082594 -0.033309 -4.609305 4.1e-06 5.387019 5.342124 0.148392 0.438426 4 11062 ----
rs57776035 T C 0.169571 -0.057724 0.012548 -0.082318 -0.03313 -4.600291 4.28e-06 5.368243 5.094745 0.164989 0.411158 4 11062 ----
rs7743783 C T 0.435879 0.043183 0.0094 0.024758 0.061608 4.593702 4.42e-06 5.354539 6.36418 0.095176 0.528612 4 11062 +++-
rs2927437 A G 0.193958 -0.053795 0.011724 -0.076774 -0.030817 -4.588553 4.53e-06 5.343842 8.119124 0.043613 0.630502 4 11062 ----
rs59177060 T C 0.172271 -0.055813 0.012179 -0.079684 -0.031942 -4.582676 4.66e-06 5.331647 0.656562 0.88337 0 4 11062 ----
rs17182246 C G 0.437053 -0.042942 0.00937 -0.061308 -0.024577 -4.582797 4.66e-06 5.331899 2.158253 0.540218 0 4 11062 -+--
chr19:44954955:G:A A G 0.050219 -0.09741 0.021259 -0.139077 -0.055743 -4.582163 4.67e-06 5.330583 6.71812 0.081446 0.553446 4 11062 ----
rs143691129 T C 0.032773 -0.121367 0.026511 -0.173329 -0.069406 -4.577973 4.77e-06 5.321899 7.978093 0.046467 0.62397 4 11062 ----
rs12295547 C A 0.169399 -0.057505 0.012579 -0.08216 -0.03285 -4.571533 4.91e-06 5.308566 5.212732 0.156866 0.424486 4 11062 ----
rs55694759 G A 0.169399 -0.057505 0.012579 -0.08216 -0.03285 -4.571533 4.91e-06 5.308566 5.212732 0.156866 0.424486 4 11062 ----
rs6680175 G A 0.172418 -0.055587 0.012173 -0.079447 -0.031727 -4.566249 5.04e-06 5.297636 0.675176 0.879027 0 4 11062 ----
rs189055310 T C 0.015311 0.182648 0.040032 0.104185 0.261111 4.562527 5.13e-06 5.289948 2.102555 0.349491 0.048776 3 10449 +++?
rs138752030 T C 0.015311 0.182648 0.040032 0.104185 0.261111 4.562527 5.13e-06 5.289948 2.102555 0.349491 0.048776 3 10449 +++?
rs117328403 T G 0.015311 0.182648 0.040032 0.104185 0.261111 4.562527 5.13e-06 5.289948 2.102555 0.349491 0.048776 3 10449 +++?
rs117457148 T C 0.015311 0.182648 0.040032 0.104185 0.261111 4.562527 5.13e-06 5.289948 2.102555 0.349491 0.048776 3 10449 +++?
rs118093033 A T 0.015311 0.182648 0.040032 0.104185 0.261111 4.562527 5.13e-06 5.289948 2.102555 0.349491 0.048776 3 10449 +++?
rs74915746 A G 0.015311 0.182648 0.040032 0.104185 0.261111 4.562527 5.13e-06 5.289948 2.102555 0.349491 0.048776 3 10449 +++?
rs76109654 A C 0.015311 0.182648 0.040032 0.104185 0.261111 4.562527 5.13e-06 5.289948 2.102555 0.349491 0.048776 3 10449 +++?
rs191142802 A C 0.015311 0.182648 0.040032 0.104185 0.261111 4.562527 5.13e-06 5.289948 2.102555 0.349491 0.048776 3 10449 +++?
rs183959828 G A 0.015311 0.182648 0.040032 0.104185 0.261111 4.562527 5.13e-06 5.289948 2.102555 0.349491 0.048776 3 10449 +++?
rs117782796 G A 0.015311 0.182648 0.040032 0.104185 0.261111 4.562527 5.13e-06 5.289948 2.102555 0.349491 0.048776 3 10449 +++?
rs16929018 G A 0.015311 0.182648 0.040032 0.104185 0.261111 4.562527 5.13e-06 5.289948 2.102555 0.349491 0.048776 3 10449 +++?
rs148321457 A G 0.015311 0.182648 0.040032 0.104185 0.261111 4.562527 5.13e-06 5.289948 2.102555 0.349491 0.048776 3 10449 +++?
rs12524778 G A 0.436026 0.042864 0.009397 0.024445 0.061283 4.5612 5.16e-06 5.287207 6.404606 0.093501 0.531587 4 11061 +++-
rs4245441 C T 0.169515 -0.057335 0.012574 -0.08198 -0.032691 -4.559936 5.19e-06 5.284597 5.443788 0.14204 0.448913 4 11062 ----
rs66687047 C T 0.169515 -0.057335 0.012574 -0.08198 -0.032691 -4.559936 5.19e-06 5.284597 5.443788 0.14204 0.448913 4 11062 ----
rs4944072 C T 0.169515 -0.057335 0.012574 -0.08198 -0.032691 -4.559936 5.19e-06 5.284597 5.443788 0.14204 0.448913 4 11062 ----
rs11161977 A C 0.179178 -0.055487 0.012171 -0.079342 -0.031632 -4.558946 5.22e-06 5.282555 1.541198 0.672795 0 4 11052 ----
rs7762333 T G 0.433838 0.042828 0.009394 0.024414 0.061241 4.558804 5.22e-06 5.282261 6.201706 0.102199 0.516262 4 11062 +++-
rs17133732 G A 0.169428 -0.057245 0.012581 -0.081904 -0.032585 -4.549995 5.44e-06 5.264097 5.407091 0.144302 0.445173 4 11056 ----
rs12524747 G A 0.433234 0.042694 0.009395 0.024279 0.061108 4.54428 5.59e-06 5.25233 6.235002 0.10072 0.518845 4 11062 +++-
rs1995626 C T 0.222213 0.068141 0.015011 0.03872 0.097561 4.539519 5.72e-06 5.242536 1.293191 0.523826 0 3 2941 ++?+
rs12463782 T C 0.446631 -0.044257 0.009759 -0.063384 -0.02513 -4.535149 5.84e-06 5.233557 0.803001 0.669315 0 3 10289 -?--
rs117709019 A G 0.044251 -0.106814 0.023557 -0.152985 -0.060643 -4.534372 5.86e-06 5.231961 4.877409 0.180997 0.384919 4 11062 -+--
rs34342646 A G 0.153208 -0.081806 0.018048 -0.117179 -0.046432 -4.532758 5.91e-06 5.228648 17.701819 0.000143 0.887017 3 2950 --?-
rs637195 G T 0.277061 0.046722 0.010316 0.026503 0.066942 4.529043 6.01e-06 5.221024 5.208872 0.157126 0.42406 4 11062 +++-
rs114533385 T C 0.016746 -0.175719 0.03882 -0.251805 -0.099632 -4.526542 6.08e-06 5.215893 15.144455 0.000515 0.867938 3 10449 ---?
rs12613092 A G 0.446585 -0.044132 0.009753 -0.063247 -0.025016 -4.525067 6.13e-06 5.212869 0.745577 0.688811 0 3 10291 -?--
rs12531349 T A 0.304229 0.045592 0.010079 0.025837 0.065348 4.523347 6.18e-06 5.209346 1.555058 0.669623 0 4 11062 ++++
rs12612559 T C 0.44619 -0.044118 0.009756 -0.06324 -0.024996 -4.522131 6.21e-06 5.206853 0.748537 0.687792 0 3 10291 -?--
rs17314289 G A 0.446269 -0.044118 0.009756 -0.06324 -0.024996 -4.522131 6.21e-06 5.206853 0.748537 0.687792 0 3 10291 -?--
rs17314310 C T 0.446269 -0.044118 0.009756 -0.06324 -0.024996 -4.522131 6.21e-06 5.206853 0.748537 0.687792 0 3 10291 -?--
rs5030493 A T 0.016368 0.177009 0.039193 0.10019 0.253828 4.516322 6.38e-06 5.19496 2.199995 0.332872 0.090907 3 10449 +++?
rs11236326 C T 0.2053 -0.05244 0.011618 -0.075211 -0.029669 -4.513754 6.46e-06 5.189708 3.798131 0.284104 0.210138 4 11062 ---+
rs347901 C T 0.369265 -0.045807 0.01015 -0.065702 -0.025913 -4.512955 6.49e-06 5.188074 3.114413 0.210724 0.357824 3 10449 ---?
rs6757235 T C 0.446269 -0.044022 0.009756 -0.063144 -0.0249 -4.512218 6.51e-06 5.186567 0.766135 0.681767 0 3 10291 -?--
rs6705105 C A 0.446269 -0.044022 0.009756 -0.063144 -0.0249 -4.512218 6.51e-06 5.186567 0.766135 0.681767 0 3 10291 -?--
rs6705434 G C 0.446269 -0.044022 0.009756 -0.063144 -0.0249 -4.512218 6.51e-06 5.186567 0.766135 0.681767 0 3 10291 -?--
rs6705528 G C 0.446269 -0.044022 0.009756 -0.063144 -0.0249 -4.512218 6.51e-06 5.186567 0.766135 0.681767 0 3 10291 -?--
rs7422313 A G 0.446427 -0.044022 0.009756 -0.063144 -0.0249 -4.512218 6.51e-06 5.186567 0.766135 0.681767 0 3 10291 -?--
rs7744277 C T 0.433738 0.042391 0.009397 0.023972 0.06081 4.510936 6.55e-06 5.183946 6.045501 0.109417 0.503763 4 11062 +++-
rs62149052 C T 0.446348 -0.043978 0.009756 -0.0631 -0.024856 -4.507757 6.65e-06 5.177451 0.774122 0.67905 0 3 10291 -?--
chr2:83208087:T:C T C 0.446348 -0.043978 0.009756 -0.0631 -0.024856 -4.507757 6.65e-06 5.177451 0.774122 0.67905 0 3 10291 -?--
rs11689472 A C 0.446348 -0.043978 0.009756 -0.0631 -0.024856 -4.507757 6.65e-06 5.177451 0.774122 0.67905 0 3 10291 -?--
rs6547461 T A 0.446348 -0.043978 0.009756 -0.0631 -0.024856 -4.507757 6.65e-06 5.177451 0.774122 0.67905 0 3 10291 -?--
rs5959471 A G 0.396435 0.03041 0.006749 0.017182 0.043639 4.505732 6.71e-06 5.173316 1.951276 0.582581 0 4 10912 ++++
rs73558179 G T 0.054738 -0.092037 0.020449 -0.132117 -0.051958 -4.500862 6.86e-06 5.163377 5.235016 0.155375 0.426936 4 11062 ----
rs2293755 G C 0.054738 -0.092037 0.020449 -0.132117 -0.051958 -4.500862 6.86e-06 5.163377 5.235016 0.155375 0.426936 4 11062 ----
rs62149053 A C 0.446269 -0.043906 0.009756 -0.063027 -0.024784 -4.500323 6.88e-06 5.162277 0.787529 0.674513 0 3 10291 -?--
rs7422727 T G 0.446462 -0.04393 0.009767 -0.063073 -0.024787 -4.49793 6.96e-06 5.157398 0.765481 0.68199 0 3 10285 -?--
rs17129944 C T 0.18014 -0.054544 0.01213 -0.078319 -0.030768 -4.496433 7.01e-06 5.154347 1.005555 0.799908 0 4 11062 ----
rs58308671 T A 0.18014 -0.054544 0.01213 -0.078319 -0.030768 -4.496433 7.01e-06 5.154347 1.005555 0.799908 0 4 11062 ----
rs12843068 G C 0.396658 0.030338 0.006749 0.01711 0.043567 4.495062 7.05e-06 5.151554 1.942404 0.584447 0 4 10912 ++++
rs17314282 G C 0.450774 -0.043762 0.009736 -0.062844 -0.02468 -4.494996 7.06e-06 5.151421 1.033896 0.596338 0 3 10291 -?--
rs35249779 A G 0.446427 -0.043852 0.009756 -0.062974 -0.02473 -4.494871 7.06e-06 5.151165 0.797436 0.67118 0 3 10291 -?--
rs7587655 T A 0.446427 -0.043852 0.009756 -0.062974 -0.02473 -4.494871 7.06e-06 5.151165 0.797436 0.67118 0 3 10291 -?--
rs2613655 T C 0.42195 -0.042393 0.009431 -0.060878 -0.023908 -4.495031 7.06e-06 5.15149 3.845879 0.278595 0.219944 4 11062 ----
rs11161976 C T 0.14042 -0.059611 0.013271 -0.085623 -0.033599 -4.491699 7.17e-06 5.144704 0.326406 0.954988 0 4 11062 ----
rs6547458 G A 0.446224 -0.043794 0.009759 -0.062922 -0.024667 -4.487717 7.3e-06 5.136602 0.732776 0.693234 0 3 10291 -?--
rs6696960 A T 0.18823 -0.053364 0.011896 -0.076679 -0.030048 -4.485875 7.36e-06 5.132855 0.310049 0.958128 0 4 11062 ----
rs148601586 G C 0.014783 -0.194211 0.043307 -0.279094 -0.109329 -4.484483 7.41e-06 5.130026 6.659602 0.0358 0.699682 3 10449 ---?
rs1537058 G A 0.180091 -0.05439 0.012131 -0.078167 -0.030614 -4.483618 7.44e-06 5.128267 0.975552 0.807167 0 4 11062 ----
rs6737504 A G 0.446409 -0.04373 0.009753 -0.062846 -0.024613 -4.483505 7.45e-06 5.128038 0.736898 0.691807 0 3 10291 -?--
rs1805129 C T 0.032387 0.154089 0.034371 0.086722 0.221456 4.483111 7.46e-06 5.127237 0.343378 0.842241 0 3 2949 ++?+
rs1570116 A C 0.434893 0.04218 0.00941 0.023737 0.060624 4.482495 7.48e-06 5.125985 6.553855 0.087563 0.542254 4 11062 +++-
rs4469604 A T 0.396696 0.030251 0.006749 0.017023 0.043479 4.482162 7.49e-06 5.125309 1.969128 0.578839 0 4 10912 ++++
rs35198913 A G 0.396696 0.030251 0.006749 0.017023 0.043479 4.482162 7.49e-06 5.125309 1.969128 0.578839 0 4 10912 ++++
rs55829754 A T 0.396696 0.030251 0.006749 0.017023 0.043479 4.482162 7.49e-06 5.125309 1.969128 0.578839 0 4 10912 ++++
rs4944975 A G 0.20489 -0.052043 0.011623 -0.074824 -0.029262 -4.477587 7.66e-06 5.116016 3.880488 0.274662 0.226901 4 11062 ---+
rs58432164 A T 0.17957 -0.054316 0.012146 -0.078121 -0.030511 -4.472089 7.85e-06 5.104862 0.945456 0.814447 0 4 11062 ----
rs6919808 A G 0.432174 0.042055 0.00941 0.023612 0.060498 4.469264 7.96e-06 5.099136 6.408083 0.093359 0.531841 4 11062 +++-
rs6691205 G A 0.188251 -0.053092 0.011883 -0.076382 -0.029802 -4.468053 8e-06 5.096681 0.284296 0.962954 0 4 11059 ----
rs6915207 A G 0.43323 0.041967 0.009402 0.023538 0.060396 4.463447 8.18e-06 5.087355 6.671361 0.083144 0.550317 4 11062 +++-
rs188894132 T C 0.017274 -0.166149 0.037243 -0.239145 -0.093152 -4.46118 8.26e-06 5.082767 0.995686 0.60784 0 3 10449 ---?
rs12620649 T C 0.452741 -0.043435 0.009738 -0.062522 -0.024348 -4.460339 8.3e-06 5.081065 1.458812 0.482195 0 3 10291 -?--
rs831477 G C 0.432302 0.041896 0.009404 0.023465 0.060328 4.455237 8.5e-06 5.070751 6.75654 0.080076 0.555986 4 11062 +++-
rs3112439 G C 0.129379 -0.0659 0.014793 -0.094894 -0.036905 -4.454748 8.52e-06 5.069763 6.161664 0.045921 0.675412 3 10449 ---?
rs12118297 T G 0.179761 -0.054048 0.012142 -0.077846 -0.030251 -4.451463 8.65e-06 5.063127 1.046385 0.79003 0 4 11062 ----
rs79877925 G A 0.041883 -0.101975 0.022916 -0.146891 -0.057059 -4.44985 8.71e-06 5.059871 6.134593 0.105242 0.51097 4 11055 ----
rs157584 C T 0.461039 0.041247 0.009281 0.023056 0.059438 4.444198 8.94e-06 5.04847 2.182942 0.535316 0 4 11062 ++++
rs6926198 A T 0.190234 0.052447 0.011803 0.029313 0.07558 4.44361 8.97e-06 5.047284 5.013741 0.170794 0.401644 4 11062 +++-
rs72780767 T C 0.28866 -0.045436 0.010229 -0.065486 -0.025387 -4.44179 9.04e-06 5.043616 0.758476 0.859371 0 4 11062 ----
rs2144524 T C 0.179834 -0.053907 0.012142 -0.077704 -0.030109 -4.43981 9.13e-06 5.039627 1.060527 0.786611 0 4 11062 ----
rs6915109 G C 0.433114 0.04172 0.009402 0.023292 0.060149 4.437195 9.24e-06 5.03436 6.496791 0.089789 0.538234 4 11062 +++-
rs143515406 A C 0.041901 -0.1016 0.022905 -0.146494 -0.056706 -4.435671 9.3e-06 5.031293 6.06612 0.108437 0.50545 4 11062 ----
rs12473168 C T 0.453104 -0.043203 0.00974 -0.062294 -0.024113 -4.435594 9.31e-06 5.031138 1.40192 0.496109 0 3 10291 -?--
rs114350689 C T 0.024683 -0.133151 0.030049 -0.192047 -0.074254 -4.431095 9.5e-06 5.022089 3.372799 0.337638 0.110531 4 11061 -+--
rs12456328 T C 0.128737 0.061083 0.013794 0.034046 0.088119 4.42812 9.64e-06 5.016109 3.281186 0.35027 0.085697 4 11062 ++++
rs139236140 C T 0.205037 -0.051457 0.011623 -0.074238 -0.028676 -4.427218 9.68e-06 5.014296 3.770589 0.287326 0.204368 4 11062 ---+
