rs_number reference_allele other_allele eaf beta se beta_95L beta_95U z p-value -log10_p-value q_statistic q_p-value i2 n_studies n_samples effects
rs111306684 T C 0.059899 -0.222285 0.046598 -0.313618 -0.130952 -4.770226 1.87e-06 5.727933 0.742587 0.388833 0 2 9707 --
rs34705633 A C 0.054911 -0.226384 0.047862 -0.320193 -0.132575 -4.729966 2.28e-06 5.641628 0.310802 0.577189 0 2 9707 --
rs999233 C A 0.060261 -0.21955 0.046467 -0.310626 -0.128475 -4.724874 2.34e-06 5.630759 0.954034 0.328695 0 2 9707 --
rs71314080 T C 0.054137 -0.225797 0.048068 -0.32001 -0.131584 -4.697471 2.68e-06 5.572461 0.016497 0.897799 0 2 9707 --
rs73276786 G A 0.058725 -0.218687 0.046862 -0.310536 -0.126837 -4.66662 3.11e-06 5.507202 0.575661 0.448018 0 2 9707 --
rs11845054 G A 0.060361 -0.216573 0.046434 -0.307584 -0.125563 -4.664104 3.15e-06 5.501897 1.233635 0.266701 0.189387 2 9707 --
rs73276782 T A 0.058934 -0.218104 0.046865 -0.309959 -0.12625 -4.653922 3.31e-06 5.480457 0.642265 0.422892 0 2 9707 --
rs35780733 G C 0.055115 -0.221801 0.047767 -0.315426 -0.128177 -4.643354 3.48e-06 5.45825 0.7383 0.390206 0 2 9707 --
rs73276772 A G 0.05877 -0.216339 0.046861 -0.308186 -0.124491 -4.616587 3.96e-06 5.402211 0.606504 0.436107 0 2 9707 --
rs11142239 T G 0.183871 -0.128977 0.028123 -0.184099 -0.073855 -4.586094 4.58e-06 5.338738 0.760615 0.383136 0 2 9706 --
rs73276776 A G 0.05898 -0.213997 0.046936 -0.305991 -0.122003 -4.559385 5.21e-06 5.283459 0.898279 0.343244 0 2 9707 --
rs75548681 A G 0.059441 -0.212774 0.046693 -0.304292 -0.121256 -4.556873 5.27e-06 5.278277 1.017721 0.31306 0.017412 2 9707 --
rs73276793 A G 0.059396 -0.211967 0.046693 -0.303485 -0.120449 -4.53959 5.72e-06 5.242682 1.093139 0.295777 0.085203 2 9707 --
rs140918858 A G 0.0544 -0.221118 0.048886 -0.316935 -0.125302 -4.523149 6.18e-06 5.208939 0.658733 0.417008 0 2 9707 --
rs79782142 T G 0.059808 -0.210295 0.046521 -0.301477 -0.119113 -4.520397 6.26e-06 5.203301 1.114635 0.291077 0.102846 2 9707 --
rs7578339 C G 0.195834 0.126 0.027999 0.071122 0.180877 4.500201 6.89e-06 5.162029 2.469541 0.116072 0.595066 2 9707 +-
rs7037046 A C 0.203025 -0.12329 0.027403 -0.176999 -0.06958 -4.499191 6.92e-06 5.15997 0.21509 0.642807 0 2 9707 --
rs7240135 T C 0.359626 -0.10249 0.022796 -0.147171 -0.05781 -4.495955 7.02e-06 5.153374 0.006376 0.936359 0 2 9707 --
rs3912087 C G 0.029051 0.303234 0.06756 0.170816 0.435651 4.488365 7.28e-06 5.13792 0.326367 0.567806 0 2 9707 ++
rs17724036 G A 0.065522 -0.196143 0.04374 -0.281873 -0.110413 -4.484333 7.42e-06 5.12972 0.226669 0.634005 0 2 9707 --
rs73276734 T C 0.054135 -0.21921 0.048905 -0.315064 -0.123357 -4.482387 7.49e-06 5.125766 0.864908 0.352369 0 2 9707 --
rs73276739 C G 0.054135 -0.21921 0.048905 -0.315064 -0.123357 -4.482387 7.49e-06 5.125766 0.864908 0.352369 0 2 9707 --
rs73276749 G A 0.054027 -0.218943 0.048921 -0.314828 -0.123059 -4.47549 7.73e-06 5.111761 0.888312 0.345935 0 2 9707 --
rs12990302 C G 0.203684 0.123555 0.027616 0.069427 0.177682 4.47397 7.79e-06 5.108677 1.9885 0.158498 0.497108 2 9707 +-
rs73545633 C G 0.074738 0.182763 0.040952 0.102498 0.263028 4.462899 8.2e-06 5.086244 3.063743 0.080057 0.673602 2 9707 ++
rs6125181 C A 0.397101 0.10049 0.022528 0.056335 0.144645 4.460639 8.29e-06 5.081672 0.503762 0.477852 0 2 9706 ++
rs2882328 T G 0.278235 -0.109093 0.024476 -0.157066 -0.061121 -4.457189 8.42e-06 5.074696 0.002669 0.9588 0 2 9703 --
rs39560 T C 0.288239 -0.107478 0.024127 -0.154767 -0.060188 -4.454593 8.52e-06 5.069448 1.065001 0.302077 0.061034 2 9707 --
rs11863442 T C 0.076071 0.180874 0.040687 0.101127 0.260622 4.445454 8.89e-06 5.051003 3.320409 0.068425 0.698832 2 9707 ++
rs73276726 T C 0.054343 -0.217012 0.048916 -0.312886 -0.121137 -4.436457 9.27e-06 5.032876 0.757719 0.384043 0 2 9707 --
rs78174833 A C 0.203745 0.12251 0.02762 0.068374 0.176645 4.435498 9.31e-06 5.030946 1.547243 0.213543 0.353689 2 9707 +-
rs76990552 G T 0.060314 -0.201024 0.045358 -0.289926 -0.112122 -4.431925 9.47e-06 5.023757 0.547628 0.459288 0 2 9707 --
rs79538890 G A 0.060314 -0.201024 0.045358 -0.289926 -0.112122 -4.431925 9.47e-06 5.023757 0.547628 0.459288 0 2 9707 --
rs62135245 G C 0.195309 0.124544 0.028104 0.069461 0.179627 4.431585 9.48e-06 5.023074 1.657003 0.198008 0.396501 2 9707 +-
rs259061 C A 0.12347 -0.145582 0.032893 -0.210052 -0.081111 -4.425875 9.74e-06 5.011599 1.20533 0.272259 0.170352 2 9706 --
rs1935526 T A 0.278748 -0.108264 0.024464 -0.156214 -0.060314 -4.425397 9.76e-06 5.010638 0.012533 0.910864 0 2 9707 --
