rs_number reference_allele other_allele eaf beta se beta_95L beta_95U z p-value -log10_p-value q_statistic q_p-value i2 n_studies n_samples effects
rs719070 A G 0.164776 -0.064418 0.012103 -0.088141 -0.040696 -5.322312 1.05e-07 6.980024 3.605954 0.307278 0.168043 4 4949 ----
rs117016887 T C 0.032828 -0.131363 0.025317 -0.180985 -0.081742 -5.188715 2.16e-07 6.665294 1.539335 0.673222 0 4 4950 ----
rs76505145 A G 0.033538 -0.128396 0.025 -0.177397 -0.079395 -5.135765 2.87e-07 6.542631 1.723985 0.631615 0 4 4950 ----
rs141594243 A C 0.033437 -0.12801 0.02504 -0.177088 -0.078932 -5.11223 3.25e-07 6.488487 1.699005 0.637155 0 4 4950 ----
rs62406163 T C 0.018183 0.167899 0.033063 0.103096 0.232702 5.078188 3.89e-07 6.410585 6.701484 0.082046 0.552338 4 4950 ++++
rs1395327 T C 0.205648 0.05661 0.011154 0.034747 0.078472 5.075083 3.95e-07 6.403504 6.941797 0.073776 0.567835 4 4950 ++++
rs143050150 A T 0.025556 -0.140791 0.027862 -0.195402 -0.086181 -5.053076 4.43e-07 6.35343 0.844287 0.838848 0 4 4950 ----
rs7680118 C T 0.205648 0.056311 0.011154 0.034448 0.078174 5.048286 4.54e-07 6.342558 7.013317 0.071475 0.572242 4 4950 ++++
rs6843995 A T 0.205648 0.056311 0.011154 0.034448 0.078174 5.048286 4.54e-07 6.342558 7.013317 0.071475 0.572242 4 4950 ++++
rs1395325 A G 0.205538 0.056275 0.011154 0.034412 0.078138 5.045086 4.62e-07 6.335301 7.021976 0.071201 0.57277 4 4950 ++++
rs62404311 G A 0.019088 0.163082 0.032331 0.099714 0.226451 5.044196 4.64e-07 6.333283 5.347776 0.148032 0.439019 4 4950 ++++
rs78724345 C T 0.033231 -0.125493 0.025108 -0.174704 -0.076282 -4.998163 5.9e-07 6.22937 1.55985 0.668527 0 4 4950 ----
rs139157674 T A 0.025757 -0.136461 0.02785 -0.191048 -0.081875 -4.899835 9.76e-07 6.01039 1.324468 0.723331 0 4 4950 ----
rs150475392 T C 0.025757 -0.136097 0.02788 -0.190742 -0.081451 -4.881471 1.07e-06 5.969941 1.558764 0.668775 0 4 4950 ----
rs138950675 G A 0.025757 -0.136097 0.02788 -0.190742 -0.081451 -4.881471 1.07e-06 5.969941 1.558764 0.668775 0 4 4950 ----
rs4477101 T C 0.189005 0.055717 0.0115 0.033176 0.078258 4.844787 1.29e-06 5.889565 4.838806 0.183988 0.380012 4 4950 +-++
rs80294720 G A 0.034648 -0.117734 0.024535 -0.165823 -0.069644 -4.798526 1.63e-06 5.789009 0.5418 0.909617 0 4 4950 ----
rs34808837 A G 0.208157 -0.05679 0.011887 -0.080088 -0.033492 -4.777608 1.8e-06 5.743833 0.282058 0.868464 0 3 4542 ---?
rs114556277 A G 0.025656 -0.132371 0.027831 -0.186919 -0.077823 -4.756297 2e-06 5.697997 1.447738 0.694384 0 4 4950 ----
rs74378940 A C 0.018714 0.172097 0.036198 0.101148 0.243046 4.75426 2.02e-06 5.693626 0.972747 0.614852 0 3 4542 +++?
rs13125625 T C 0.201 0.053145 0.011226 0.031142 0.075149 4.733995 2.24e-06 5.650232 4.955073 0.175117 0.39456 4 4950 ++++
rs117850958 T C 0.034448 -0.116289 0.024599 -0.164503 -0.068075 -4.727404 2.31e-06 5.636157 0.499824 0.91893 0 4 4950 ----
rs6534452 G T 0.200614 0.052944 0.011238 0.030918 0.07497 4.711319 2.5e-06 5.601883 4.983002 0.173046 0.397953 4 4950 ++++
rs147194151 C T 0.02606 -0.129979 0.027689 -0.18425 -0.075708 -4.694168 2.72e-06 5.565455 2.129522 0.545963 0 4 4950 ----
rs10222899 T C 0.200089 0.052731 0.011245 0.03069 0.074772 4.689129 2.79e-06 5.554775 5.034912 0.169258 0.40416 4 4950 ++++
rs1483597 A G 0.200519 0.052646 0.011238 0.03062 0.074671 4.68476 2.85e-06 5.545525 5.251213 0.1543 0.428703 4 4950 ++++
rs12270961 A G 0.208586 -0.050768 0.010847 -0.072028 -0.029508 -4.680406 2.91e-06 5.536313 4.40462 0.220957 0.318897 4 4950 ----
rs148384555 T C 0.031113 -0.120122 0.025755 -0.170602 -0.069642 -4.664033 3.15e-06 5.501748 0.114991 0.98998 0 4 4950 ----
rs3734266 C T 0.123035 0.086983 0.018688 0.050355 0.123611 4.654553 3.3e-06 5.481784 0.682238 0.710974 0 3 2227 ++?+
rs4518263 G A 0.200614 0.052246 0.011238 0.030221 0.074272 4.649236 3.38e-06 5.470603 5.15692 0.160661 0.418257 4 4950 ++++
rs10010676 G A 0.199691 0.052176 0.011245 0.030136 0.074216 4.639922 3.54e-06 5.451047 5.911012 0.116021 0.492473 4 4950 ++++
rs4000840 T A 0.199691 0.052176 0.011245 0.030136 0.074216 4.639922 3.54e-06 5.451047 5.911012 0.116021 0.492473 4 4950 ++++
rs76355119 C G 0.030911 -0.121214 0.026144 -0.172457 -0.069972 -4.636414 3.6e-06 5.443691 1.937133 0.585557 0 4 4950 ----
rs77093985 C G 0.018273 0.168645 0.036535 0.097036 0.240254 4.615935 3.97e-06 5.40085 1.241973 0.537414 0 3 4542 +++?
rs141057965 T C 0.040397 0.074518 0.016254 0.042659 0.106376 4.584436 4.62e-06 5.335298 2.315679 0.509524 0 4 4877 ++++
rs17818371 A T 0.037579 0.108471 0.023704 0.062011 0.15493 4.576086 4.81e-06 5.31799 1.705761 0.635654 0 4 4950 ++++
rs115002747 A T 0.017942 0.168724 0.036928 0.096346 0.241102 4.56906 4.97e-06 5.30345 1.027283 0.598313 0 3 4542 +++?
rs4151013 T C 0.018494 0.165661 0.036279 0.094554 0.236768 4.566284 5.04e-06 5.297711 1.151048 0.56241 0 3 4542 +++?
rs4151024 G T 0.018494 0.165661 0.036279 0.094554 0.236768 4.566284 5.04e-06 5.297711 1.151048 0.56241 0 3 4542 +++?
rs4151044 T C 0.018494 0.165661 0.036279 0.094554 0.236768 4.566284 5.04e-06 5.297711 1.151048 0.56241 0 3 4542 +++?
rs141180078 A G 0.018494 0.165661 0.036279 0.094554 0.236768 4.566284 5.04e-06 5.297711 1.151048 0.56241 0 3 4542 +++?
rs76511022 C T 0.018494 0.165661 0.036279 0.094554 0.236768 4.566284 5.04e-06 5.297711 1.151048 0.56241 0 3 4542 +++?
rs12910730 A T 0.119527 0.063101 0.013843 0.035968 0.090234 4.558226 5.24e-06 5.281067 9.971702 0.018808 0.699149 4 4950 +-++
rs74885560 G T 0.018167 0.166829 0.036663 0.09497 0.238688 4.550353 5.43e-06 5.264834 1.187463 0.552263 0 3 4541 +++?
rs16929106 A G 0.018163 0.166823 0.036665 0.094961 0.238686 4.549973 5.44e-06 5.26405 1.187629 0.552217 0 3 4542 +++?
rs75533805 A C 0.018163 0.166823 0.036665 0.094961 0.238686 4.549973 5.44e-06 5.26405 1.187629 0.552217 0 3 4542 +++?
rs77906361 C T 0.018163 0.166823 0.036665 0.094961 0.238686 4.549973 5.44e-06 5.26405 1.187629 0.552217 0 3 4542 +++?
rs76761232 G C 0.018163 0.166823 0.036665 0.094961 0.238686 4.549973 5.44e-06 5.26405 1.187629 0.552217 0 3 4542 +++?
rs74335220 A T 0.018163 0.166823 0.036665 0.094961 0.238686 4.549973 5.44e-06 5.26405 1.187629 0.552217 0 3 4542 +++?
rs16929150 T C 0.018163 0.166823 0.036665 0.094961 0.238686 4.549973 5.44e-06 5.26405 1.187629 0.552217 0 3 4542 +++?
rs141617086 G A 0.018163 0.166823 0.036665 0.094961 0.238686 4.549973 5.44e-06 5.26405 1.187629 0.552217 0 3 4542 +++?
rs16929190 G T 0.018163 0.166823 0.036665 0.094961 0.238686 4.549973 5.44e-06 5.26405 1.187629 0.552217 0 3 4542 +++?
rs78910390 T G 0.018163 0.166823 0.036665 0.094961 0.238686 4.549973 5.44e-06 5.26405 1.187629 0.552217 0 3 4542 +++?
rs150573478 C T 0.018163 0.166823 0.036665 0.094961 0.238686 4.549973 5.44e-06 5.26405 1.187629 0.552217 0 3 4542 +++?
rs76982025 A C 0.018163 0.166823 0.036665 0.094961 0.238686 4.549973 5.44e-06 5.26405 1.187629 0.552217 0 3 4542 +++?
rs16929212 G C 0.018163 0.166823 0.036665 0.094961 0.238686 4.549973 5.44e-06 5.26405 1.187629 0.552217 0 3 4542 +++?
rs76089575 C T 0.018163 0.166823 0.036665 0.094961 0.238686 4.549973 5.44e-06 5.26405 1.187629 0.552217 0 3 4542 +++?
rs75724682 A G 0.018163 0.166823 0.036665 0.094961 0.238686 4.549973 5.44e-06 5.26405 1.187629 0.552217 0 3 4542 +++?
rs117243401 A G 0.018163 0.166823 0.036665 0.094961 0.238686 4.549973 5.44e-06 5.26405 1.187629 0.552217 0 3 4542 +++?
rs117764555 C T 0.018163 0.166823 0.036665 0.094961 0.238686 4.549973 5.44e-06 5.26405 1.187629 0.552217 0 3 4542 +++?
rs117488824 A G 0.018163 0.166823 0.036665 0.094961 0.238686 4.549973 5.44e-06 5.26405 1.187629 0.552217 0 3 4542 +++?
rs200686786 A T 0.018163 0.166823 0.036665 0.094961 0.238686 4.549973 5.44e-06 5.26405 1.187629 0.552217 0 3 4542 +++?
rs201849393 T G 0.018163 0.166823 0.036665 0.094961 0.238686 4.549973 5.44e-06 5.26405 1.187629 0.552217 0 3 4542 +++?
rs200191254 A T 0.018163 0.166823 0.036665 0.094961 0.238686 4.549973 5.44e-06 5.26405 1.187629 0.552217 0 3 4542 +++?
rs77166463 C T 0.018163 0.166823 0.036665 0.094961 0.238686 4.549973 5.44e-06 5.26405 1.187629 0.552217 0 3 4542 +++?
rs78100671 G C 0.018163 0.166823 0.036665 0.094961 0.238686 4.549973 5.44e-06 5.26405 1.187629 0.552217 0 3 4542 +++?
rs200926748 G A 0.018163 0.166823 0.036665 0.094961 0.238686 4.549973 5.44e-06 5.26405 1.187629 0.552217 0 3 4542 +++?
rs75930076 C A 0.018163 0.166823 0.036665 0.094961 0.238686 4.549973 5.44e-06 5.26405 1.187629 0.552217 0 3 4542 +++?
rs148817685 T C 0.018163 0.166823 0.036665 0.094961 0.238686 4.549973 5.44e-06 5.26405 1.187629 0.552217 0 3 4542 +++?
rs146966102 T A 0.018163 0.166823 0.036665 0.094961 0.238686 4.549973 5.44e-06 5.26405 1.187629 0.552217 0 3 4542 +++?
rs142034082 G A 0.018163 0.166823 0.036665 0.094961 0.238686 4.549973 5.44e-06 5.26405 1.187629 0.552217 0 3 4542 +++?
rs565065842 G A 0.018163 0.166823 0.036665 0.094961 0.238686 4.549973 5.44e-06 5.26405 1.187629 0.552217 0 3 4542 +++?
rs571886291 A G 0.018163 0.166823 0.036665 0.094961 0.238686 4.549973 5.44e-06 5.26405 1.187629 0.552217 0 3 4542 +++?
rs16929256 C T 0.018163 0.166823 0.036665 0.094961 0.238686 4.549973 5.44e-06 5.26405 1.187629 0.552217 0 3 4542 +++?
rs149407832 C T 0.018163 0.166823 0.036665 0.094961 0.238686 4.549973 5.44e-06 5.26405 1.187629 0.552217 0 3 4542 +++?
rs184500664 T A 0.018163 0.166823 0.036665 0.094961 0.238686 4.549973 5.44e-06 5.26405 1.187629 0.552217 0 3 4542 +++?
rs16929265 A G 0.018163 0.166823 0.036665 0.094961 0.238686 4.549973 5.44e-06 5.26405 1.187629 0.552217 0 3 4542 +++?
rs183803794 C T 0.018163 0.166823 0.036665 0.094961 0.238686 4.549973 5.44e-06 5.26405 1.187629 0.552217 0 3 4542 +++?
rs188765338 T A 0.018163 0.166823 0.036665 0.094961 0.238686 4.549973 5.44e-06 5.26405 1.187629 0.552217 0 3 4542 +++?
rs116704394 T C 0.018163 0.166823 0.036665 0.094961 0.238686 4.549973 5.44e-06 5.26405 1.187629 0.552217 0 3 4542 +++?
rs16929271 C T 0.018163 0.166823 0.036665 0.094961 0.238686 4.549973 5.44e-06 5.26405 1.187629 0.552217 0 3 4542 +++?
rs148965748 C T 0.018163 0.166823 0.036665 0.094961 0.238686 4.549973 5.44e-06 5.26405 1.187629 0.552217 0 3 4542 +++?
rs78021342 G C 0.018163 0.166823 0.036665 0.094961 0.238686 4.549973 5.44e-06 5.26405 1.187629 0.552217 0 3 4542 +++?
rs78745470 A G 0.018163 0.166823 0.036665 0.094961 0.238686 4.549973 5.44e-06 5.26405 1.187629 0.552217 0 3 4542 +++?
rs143807888 G A 0.018163 0.166823 0.036665 0.094961 0.238686 4.549973 5.44e-06 5.26405 1.187629 0.552217 0 3 4542 +++?
rs16929274 G A 0.018163 0.166823 0.036665 0.094961 0.238686 4.549973 5.44e-06 5.26405 1.187629 0.552217 0 3 4542 +++?
rs77244022 G C 0.018163 0.166823 0.036665 0.094961 0.238686 4.549973 5.44e-06 5.26405 1.187629 0.552217 0 3 4542 +++?
rs74341239 A G 0.018163 0.166823 0.036665 0.094961 0.238686 4.549973 5.44e-06 5.26405 1.187629 0.552217 0 3 4542 +++?
rs115716894 A G 0.018163 0.166823 0.036665 0.094961 0.238686 4.549973 5.44e-06 5.26405 1.187629 0.552217 0 3 4542 +++?
rs80092138 G A 0.018163 0.166823 0.036665 0.094961 0.238686 4.549973 5.44e-06 5.26405 1.187629 0.552217 0 3 4542 +++?
rs78297210 T C 0.018163 0.166823 0.036665 0.094961 0.238686 4.549973 5.44e-06 5.26405 1.187629 0.552217 0 3 4542 +++?
rs116651124 C T 0.018163 0.166823 0.036665 0.094961 0.238686 4.549973 5.44e-06 5.26405 1.187629 0.552217 0 3 4542 +++?
rs78218519 G A 0.018163 0.166823 0.036665 0.094961 0.238686 4.549973 5.44e-06 5.26405 1.187629 0.552217 0 3 4542 +++?
rs151079340 A C 0.018163 0.166823 0.036665 0.094961 0.238686 4.549973 5.44e-06 5.26405 1.187629 0.552217 0 3 4542 +++?
rs10961786 C G 0.198989 0.050415 0.011089 0.02868 0.07215 4.546264 5.54e-06 5.256412 3.39975 0.333999 0.117582 4 4950 ++++
rs56184507 G T 0.19627 -0.050565 0.011131 -0.072381 -0.028748 -4.542728 5.63e-06 5.249136 6.054447 0.108991 0.504496 4 4950 ----
rs75740928 T C 0.018383 0.165387 0.036413 0.094017 0.236756 4.541975 5.65e-06 5.247588 1.145735 0.563906 0 3 4542 +++?
rs79132431 A C 0.018383 0.165387 0.036413 0.094017 0.236756 4.541975 5.65e-06 5.247588 1.145735 0.563906 0 3 4542 +++?
rs74789384 C G 0.018383 0.165387 0.036413 0.094017 0.236756 4.541975 5.65e-06 5.247588 1.145735 0.563906 0 3 4542 +++?
rs117748237 A G 0.018383 0.165387 0.036413 0.094017 0.236756 4.541975 5.65e-06 5.247588 1.145735 0.563906 0 3 4542 +++?
rs142899515 G T 0.018383 0.165387 0.036413 0.094017 0.236756 4.541975 5.65e-06 5.247588 1.145735 0.563906 0 3 4542 +++?
rs146084584 A G 0.018383 0.165387 0.036413 0.094017 0.236756 4.541975 5.65e-06 5.247588 1.145735 0.563906 0 3 4542 +++?
rs10500944 T G 0.05478 0.120559 0.026597 0.068429 0.17269 4.532791 5.91e-06 5.228714 0.466994 0.79176 0 3 2227 ++?+
rs4963506 A G 0.207605 -0.049232 0.010861 -0.07052 -0.027944 -4.532746 5.91e-06 5.228623 6.156522 0.104239 0.512712 4 4950 ----
rs900956 G A 0.355176 0.042068 0.009285 0.02387 0.060266 4.530899 5.96e-06 5.224832 11.54369 0.009122 0.740118 4 4950 ++++
rs2509971 A G 0.154946 -0.055775 0.01231 -0.079902 -0.031648 -4.530904 5.96e-06 5.224842 0.601864 0.896006 0 4 4950 ----
rs1045381 T G 0.050807 -0.092348 0.020387 -0.132306 -0.05239 -4.529833 5.99e-06 5.222643 0.523131 0.913781 0 4 4950 ----
rs4667608 C T 0.050807 -0.092348 0.020387 -0.132306 -0.05239 -4.529833 5.99e-06 5.222643 0.523131 0.913781 0 4 4950 ----
rs13256064 T G 0.286792 0.044741 0.009877 0.025381 0.0641 4.529661 5.99e-06 5.222291 10.179261 0.017102 0.705283 4 4950 ++++
rs56071429 C A 0.058278 0.08657 0.019116 0.049102 0.124037 4.528649 6.02e-06 5.220215 0.733572 0.86528 0 4 4950 ++++
rs115433258 G A 0.023795 -0.132219 0.029207 -0.189465 -0.074973 -4.526937 6.07e-06 5.216704 4.890555 0.179989 0.386573 4 4917 ----
rs146481803 A G 0.013094 0.178736 0.039513 0.101291 0.256181 4.523492 6.17e-06 5.209643 0.075029 0.963181 0 3 4697 +?++
rs146331248 A C 0.018386 0.164443 0.036376 0.093146 0.23574 4.520663 6.25e-06 5.203847 1.205051 0.547427 0 3 4542 +++?
rs16887883 A G 0.116289 0.063919 0.014159 0.036167 0.091671 4.514302 6.44e-06 5.190827 4.16893 0.243791 0.280391 4 4945 ++++
rs117513115 T C 0.033536 -0.112839 0.025004 -0.161847 -0.063832 -4.512875 6.49e-06 5.187911 0.841219 0.839585 0 4 4950 ----
rs11136575 T C 0.237796 -0.047148 0.010456 -0.067641 -0.026655 -4.509318 6.6e-06 5.180639 7.293678 0.063104 0.588685 4 4950 -+--
rs139312059 T C 0.017942 0.166513 0.036928 0.094135 0.238891 4.509176 6.6e-06 5.180349 1.108264 0.574571 0 3 4542 +++?
rs143764321 C T 0.017942 0.166513 0.036928 0.094135 0.238891 4.509176 6.6e-06 5.180349 1.108264 0.574571 0 3 4542 +++?
rs114656361 A G 0.017942 0.166513 0.036928 0.094135 0.238891 4.509176 6.6e-06 5.180349 1.108264 0.574571 0 3 4542 +++?
rs150107830 G T 0.017942 0.166513 0.036928 0.094135 0.238891 4.509176 6.6e-06 5.180349 1.108264 0.574571 0 3 4542 +++?
rs2101987 A G 0.017942 0.166513 0.036928 0.094135 0.238891 4.509176 6.6e-06 5.180349 1.108264 0.574571 0 3 4542 +++?
rs2088511 G A 0.017942 0.166513 0.036928 0.094135 0.238891 4.509176 6.6e-06 5.180349 1.108264 0.574571 0 3 4542 +++?
rs187060924 G A 0.017942 0.166513 0.036928 0.094135 0.238891 4.509176 6.6e-06 5.180349 1.108264 0.574571 0 3 4542 +++?
rs149028270 A C 0.017942 0.166513 0.036928 0.094135 0.238891 4.509176 6.6e-06 5.180349 1.108264 0.574571 0 3 4542 +++?
rs147804354 T G 0.017942 0.166513 0.036928 0.094135 0.238891 4.509176 6.6e-06 5.180349 1.108264 0.574571 0 3 4542 +++?
rs118181813 A T 0.017942 0.166513 0.036928 0.094135 0.238891 4.509176 6.6e-06 5.180349 1.108264 0.574571 0 3 4542 +++?
rs199632481 C T 0.017942 0.166513 0.036928 0.094135 0.238891 4.509176 6.6e-06 5.180349 1.108264 0.574571 0 3 4542 +++?
rs201886844 C A 0.017942 0.166513 0.036928 0.094135 0.238891 4.509176 6.6e-06 5.180349 1.108264 0.574571 0 3 4542 +++?
rs150161296 G T 0.017942 0.166513 0.036928 0.094135 0.238891 4.509176 6.6e-06 5.180349 1.108264 0.574571 0 3 4542 +++?
rs77336848 G A 0.017942 0.166513 0.036928 0.094135 0.238891 4.509176 6.6e-06 5.180349 1.108264 0.574571 0 3 4542 +++?
rs140360086 C T 0.017942 0.166513 0.036928 0.094135 0.238891 4.509176 6.6e-06 5.180349 1.108264 0.574571 0 3 4542 +++?
rs77524928 G A 0.017942 0.166513 0.036928 0.094135 0.238891 4.509176 6.6e-06 5.180349 1.108264 0.574571 0 3 4542 +++?
rs58327863 T C 0.017942 0.166513 0.036928 0.094135 0.238891 4.509176 6.6e-06 5.180349 1.108264 0.574571 0 3 4542 +++?
rs148800624 C A 0.017942 0.166513 0.036928 0.094135 0.238891 4.509176 6.6e-06 5.180349 1.108264 0.574571 0 3 4542 +++?
rs61541121 G A 0.017942 0.166513 0.036928 0.094135 0.238891 4.509176 6.6e-06 5.180349 1.108264 0.574571 0 3 4542 +++?
rs115578267 T G 0.017942 0.166513 0.036928 0.094135 0.238891 4.509176 6.6e-06 5.180349 1.108264 0.574571 0 3 4542 +++?
rs140751113 A G 0.017942 0.166513 0.036928 0.094135 0.238891 4.509176 6.6e-06 5.180349 1.108264 0.574571 0 3 4542 +++?
rs75836780 G T 0.017942 0.166513 0.036928 0.094135 0.238891 4.509176 6.6e-06 5.180349 1.108264 0.574571 0 3 4542 +++?
rs75709481 C A 0.017942 0.166513 0.036928 0.094135 0.238891 4.509176 6.6e-06 5.180349 1.108264 0.574571 0 3 4542 +++?
rs76247449 G C 0.017942 0.166513 0.036928 0.094135 0.238891 4.509176 6.6e-06 5.180349 1.108264 0.574571 0 3 4542 +++?
rs77129308 T C 0.02131 0.138386 0.030742 0.078131 0.198641 4.501472 6.85e-06 5.164622 0.523098 0.913788 0 4 4950 ++++
rs182719608 T A 0.022144 0.098008 0.021775 0.055328 0.140687 4.5009 6.86e-06 5.163456 1.997511 0.572923 0 4 4877 ++++
rs11098773 A T 0.218399 0.048822 0.010849 0.027558 0.070086 4.500124 6.89e-06 5.161872 5.299856 0.151112 0.433947 4 4950 ++++
rs10024371 T C 0.2183 0.048817 0.01085 0.027551 0.070083 4.49919 6.92e-06 5.159968 5.375806 0.146258 0.441944 4 4950 ++++
rs3905486 T G 0.032422 -0.113085 0.025149 -0.162378 -0.063793 -4.496545 7.01e-06 5.154576 2.424672 0.489059 0 4 4950 -+--
rs79689038 T C 0.026764 -0.122785 0.027402 -0.176493 -0.069076 -4.480792 7.54e-06 5.122525 2.011005 0.570126 0 4 4950 ----
rs74192077 C T 0.026764 -0.122785 0.027402 -0.176493 -0.069076 -4.480792 7.54e-06 5.122525 2.011005 0.570126 0 4 4950 ----
rs80120562 A C 0.026764 -0.122785 0.027402 -0.176493 -0.069076 -4.480792 7.54e-06 5.122525 2.011005 0.570126 0 4 4950 ----
rs58734707 G A 0.026764 -0.122785 0.027402 -0.176493 -0.069076 -4.480792 7.54e-06 5.122525 2.011005 0.570126 0 4 4950 ----
rs79120489 C T 0.026764 -0.122785 0.027402 -0.176493 -0.069076 -4.480792 7.54e-06 5.122525 2.011005 0.570126 0 4 4950 ----
rs145160960 G T 0.017834 0.165922 0.03703 0.093343 0.2385 4.480777 7.54e-06 5.122494 1.133649 0.567324 0 3 4542 +++?
rs117031854 G A 0.017834 0.165922 0.03703 0.093343 0.2385 4.480777 7.54e-06 5.122494 1.133649 0.567324 0 3 4542 +++?
rs76453296 T C 0.017834 0.165922 0.03703 0.093343 0.2385 4.480777 7.54e-06 5.122494 1.133649 0.567324 0 3 4542 +++?
rs149473038 T C 0.017834 0.165922 0.03703 0.093343 0.2385 4.480777 7.54e-06 5.122494 1.133649 0.567324 0 3 4542 +++?
rs76726740 C A 0.017834 0.165922 0.03703 0.093343 0.2385 4.480777 7.54e-06 5.122494 1.133649 0.567324 0 3 4542 +++?
rs12277943 G T 0.01805 0.165015 0.036833 0.092822 0.237208 4.480048 7.57e-06 5.121013 1.163515 0.558915 0 3 4542 +++?
rs10034686 A G 0.202349 0.067647 0.015116 0.038019 0.097275 4.475096 7.75e-06 5.110961 3.811958 0.148677 0.475335 3 2226 ++?+
rs7656360 C T 0.218465 0.048549 0.01085 0.027283 0.069816 4.474537 7.77e-06 5.109826 5.415539 0.143779 0.446038 4 4950 ++++
rs4361401 A G 0.218465 0.048549 0.01085 0.027283 0.069816 4.474537 7.77e-06 5.109826 5.415539 0.143779 0.446038 4 4950 ++++
rs79698762 A G 0.018494 0.162324 0.036279 0.091217 0.233431 4.474301 7.77e-06 5.109349 1.294767 0.523413 0 3 4542 +++?
rs16929104 T C 0.018491 0.162488 0.036323 0.091296 0.233681 4.473457 7.8e-06 5.107637 1.264449 0.531408 0 3 4542 +++?
rs4709204 C T 0.117437 0.061785 0.013816 0.034706 0.088865 4.471952 7.86e-06 5.104583 4.566971 0.206394 0.343109 4 4950 +-++
rs4076502 C G 0.073836 -0.075231 0.016844 -0.108246 -0.042216 -4.466245 8.07e-06 5.093018 1.996926 0.573045 0 4 4950 ----
rs12337423 C T 0.199941 0.049375 0.011061 0.027696 0.071054 4.464055 8.15e-06 5.088585 3.181592 0.364466 0.057076 4 4949 ++++
rs146014504 G A 0.017943 0.164988 0.036967 0.092532 0.237444 4.463082 8.19e-06 5.086616 1.064074 0.587407 0 3 4542 +++?
rs80050563 G A 0.017943 0.164988 0.036967 0.092532 0.237444 4.463082 8.19e-06 5.086616 1.064074 0.587407 0 3 4542 +++?
rs150237214 A G 0.017943 0.164988 0.036967 0.092532 0.237444 4.463082 8.19e-06 5.086616 1.064074 0.587407 0 3 4542 +++?
rs139854969 C T 0.017943 0.164988 0.036967 0.092532 0.237444 4.463082 8.19e-06 5.086616 1.064074 0.587407 0 3 4542 +++?
rs74884515 A G 0.017943 0.164988 0.036967 0.092532 0.237444 4.463082 8.19e-06 5.086616 1.064074 0.587407 0 3 4542 +++?
rs17632113 G A 0.017943 0.164988 0.036967 0.092532 0.237444 4.463082 8.19e-06 5.086616 1.064074 0.587407 0 3 4542 +++?
rs79281708 A G 0.017943 0.164988 0.036967 0.092532 0.237444 4.463082 8.19e-06 5.086616 1.064074 0.587407 0 3 4542 +++?
rs78304249 A G 0.017943 0.164988 0.036967 0.092532 0.237444 4.463082 8.19e-06 5.086616 1.064074 0.587407 0 3 4542 +++?
rs17637763 C T 0.017943 0.164988 0.036967 0.092532 0.237444 4.463082 8.19e-06 5.086616 1.064074 0.587407 0 3 4542 +++?
rs79921256 C T 0.017943 0.164988 0.036967 0.092532 0.237444 4.463082 8.19e-06 5.086616 1.064074 0.587407 0 3 4542 +++?
rs78895154 C G 0.017943 0.164988 0.036967 0.092532 0.237444 4.463082 8.19e-06 5.086616 1.064074 0.587407 0 3 4542 +++?
rs12618147 A G 0.026061 -0.123615 0.0277 -0.177908 -0.069323 -4.462587 8.21e-06 5.085614 2.211866 0.529615 0 4 4950 ----
rs12612343 G A 0.026061 -0.123615 0.0277 -0.177908 -0.069323 -4.462587 8.21e-06 5.085614 2.211866 0.529615 0 4 4950 ----
rs146281444 C T 0.026061 -0.123615 0.0277 -0.177908 -0.069323 -4.462587 8.21e-06 5.085614 2.211866 0.529615 0 4 4950 ----
rs12621592 T C 0.026061 -0.123615 0.0277 -0.177908 -0.069323 -4.462587 8.21e-06 5.085614 2.211866 0.529615 0 4 4950 ----
rs189324692 C A 0.026061 -0.123615 0.0277 -0.177908 -0.069323 -4.462587 8.21e-06 5.085614 2.211866 0.529615 0 4 4950 ----
rs199592131 T C 0.026061 -0.123615 0.0277 -0.177908 -0.069323 -4.462587 8.21e-06 5.085614 2.211866 0.529615 0 4 4950 ----
rs142285554 A G 0.026061 -0.123615 0.0277 -0.177908 -0.069323 -4.462587 8.21e-06 5.085614 2.211866 0.529615 0 4 4950 ----
rs186719464 T C 0.026061 -0.123615 0.0277 -0.177908 -0.069323 -4.462587 8.21e-06 5.085614 2.211866 0.529615 0 4 4950 ----
rs59151499 G C 0.026061 -0.123615 0.0277 -0.177908 -0.069323 -4.462587 8.21e-06 5.085614 2.211866 0.529615 0 4 4950 ----
rs79889052 C A 0.026061 -0.123615 0.0277 -0.177908 -0.069323 -4.462587 8.21e-06 5.085614 2.211866 0.529615 0 4 4950 ----
rs75400186 C T 0.026061 -0.123615 0.0277 -0.177908 -0.069323 -4.462587 8.21e-06 5.085614 2.211866 0.529615 0 4 4950 ----
rs78961553 G A 0.026061 -0.123615 0.0277 -0.177908 -0.069323 -4.462587 8.21e-06 5.085614 2.211866 0.529615 0 4 4950 ----
rs74625404 T C 0.026061 -0.123615 0.0277 -0.177908 -0.069323 -4.462587 8.21e-06 5.085614 2.211866 0.529615 0 4 4950 ----
rs34247947 C G 0.022451 -0.182866 0.040985 -0.263197 -0.102536 -4.461779 8.24e-06 5.083978 3.146653 0.207354 0.364404 3 2227 --?-
rs79116538 A G 0.018822 0.160182 0.035943 0.089735 0.23063 4.456623 8.44e-06 5.073551 1.866284 0.393316 0 3 4542 +++?
rs9327795 T G 0.083436 -0.072415 0.016255 -0.104274 -0.040555 -4.454984 8.51e-06 5.070238 3.541039 0.315478 0.152791 4 4950 ---+
rs35079172 T C 0.19573 0.050381 0.011313 0.028208 0.072553 4.453459 8.57e-06 5.067158 4.639777 0.200156 0.353417 4 4950 ++++
rs2023282 T C 0.412303 0.040797 0.009168 0.022827 0.058766 4.449793 8.71e-06 5.059756 2.918597 0.404347 0 4 4950 ++++
rs79963244 C T 0.017835 0.164825 0.037063 0.092183 0.237468 4.447219 8.82e-06 5.054562 1.071925 0.585106 0 3 4542 +++?
rs77492485 C T 0.017835 0.164825 0.037063 0.092183 0.237468 4.447219 8.82e-06 5.054562 1.071925 0.585106 0 3 4542 +++?
rs77408585 G A 0.017835 0.164825 0.037063 0.092183 0.237468 4.447219 8.82e-06 5.054562 1.071925 0.585106 0 3 4542 +++?
rs78705992 A G 0.017835 0.164825 0.037063 0.092183 0.237468 4.447219 8.82e-06 5.054562 1.071925 0.585106 0 3 4542 +++?
rs78483319 A C 0.017835 0.164825 0.037063 0.092183 0.237468 4.447219 8.82e-06 5.054562 1.071925 0.585106 0 3 4542 +++?
rs147098482 G A 0.017835 0.164825 0.037063 0.092183 0.237468 4.447219 8.82e-06 5.054562 1.071925 0.585106 0 3 4542 +++?
rs151223872 G A 0.040397 0.072155 0.016225 0.040355 0.103955 4.447261 8.82e-06 5.054647 3.10382 0.375893 0.033449 4 4877 ++++
rs1518743 T C 0.018053 0.163643 0.036838 0.091441 0.235846 4.442238 9.03e-06 5.044519 0.792175 0.672948 0 3 4542 +++?
rs13200780 G T 0.151904 -0.05555 0.012512 -0.080074 -0.031026 -4.439645 9.13e-06 5.039295 1.915298 0.590172 0 4 4950 ----
rs67157132 T C 0.030809 -0.115203 0.025979 -0.166121 -0.064285 -4.434537 9.35e-06 5.029012 3.101138 0.376293 0.032613 4 4950 ----
rs11136574 A T 0.23836 -0.046285 0.010444 -0.066756 -0.025815 -4.43162 9.48e-06 5.023145 7.261087 0.064026 0.586839 4 4950 -+--
rs148732889 T C 0.017072 -0.151682 0.034235 -0.218783 -0.08458 -4.430545 9.53e-06 5.020982 1.776152 0.620138 0 4 4950 ----
rs58046145 A G 0.026303 -0.122201 0.027617 -0.176331 -0.068071 -4.424803 9.78e-06 5.009446 2.243188 0.523492 0 4 4943 ----
