rs_number reference_allele other_allele eaf beta se beta_95L beta_95U z p-value -log10_p-value q_statistic q_p-value i2 n_studies n_samples effects
rs719070 A G 0.18127 0.085442 0.014745 0.056542 0.114343 5.794614 7.03e-09 8.153004 1.093411 0.295717 0.085431 2 14188 ++
rs12958244 A C 0.153494 0.078375 0.01531 0.048368 0.108382 5.119336 3.13e-07 6.50481 0.102307 0.749079 0 2 14561 ++
rs34049053 A G 0.153656 0.078212 0.015308 0.048209 0.108216 5.109356 3.3e-07 6.481891 0.103587 0.747567 0 2 14564 ++
rs12456833 T C 0.149443 0.078765 0.015545 0.048296 0.109233 5.066798 4.12e-07 6.384628 2e-05 0.996409 0 2 14564 ++
rs67099044 A C 0.149532 0.078494 0.015527 0.048062 0.108927 5.05543 4.38e-07 6.358777 0.000121 0.991234 0 2 14564 ++
rs79120489 C T 0.027635 0.172051 0.035123 0.103209 0.240893 4.898454 9.83e-07 6.007344 3.080771 0.079223 0.675406 2 13263 +-
rs79689038 T C 0.027673 0.171291 0.035115 0.102466 0.240115 4.878043 1.09e-06 5.962407 3.07187 0.079658 0.674465 2 13263 +-
rs58734707 G A 0.027673 0.171291 0.035115 0.102466 0.240115 4.878043 1.09e-06 5.962407 3.07187 0.079658 0.674465 2 13263 +-
rs74192077 C T 0.027749 0.1695 0.035076 0.100751 0.238249 4.83237 1.37e-06 5.862486 4.126345 0.04222 0.757655 2 13263 +-
rs80120562 A C 0.027749 0.1695 0.035076 0.100751 0.238249 4.83237 1.37e-06 5.862486 4.126345 0.04222 0.757655 2 13263 +-
rs7223559 A G 0.298899 0.07547 0.015643 0.044809 0.106131 4.824435 1.43e-06 5.845216 2.052829 0.151924 0.512867 2 7341 ++
rs12618147 A G 0.027103 0.171065 0.035479 0.101526 0.240604 4.821566 1.45e-06 5.838977 3.070107 0.079744 0.674278 2 13263 +-
rs12612343 G A 0.027103 0.171065 0.035479 0.101526 0.240604 4.821566 1.45e-06 5.838977 3.070107 0.079744 0.674278 2 13263 +-
rs146281444 C T 0.027103 0.171065 0.035479 0.101526 0.240604 4.821566 1.45e-06 5.838977 3.070107 0.079744 0.674278 2 13263 +-
rs12621592 T C 0.027103 0.171065 0.035479 0.101526 0.240604 4.821566 1.45e-06 5.838977 3.070107 0.079744 0.674278 2 13263 +-
rs189324692 C A 0.027103 0.171065 0.035479 0.101526 0.240604 4.821566 1.45e-06 5.838977 3.070107 0.079744 0.674278 2 13263 +-
rs142285554 A G 0.027103 0.171065 0.035479 0.101526 0.240604 4.821566 1.45e-06 5.838977 3.070107 0.079744 0.674278 2 13263 +-
rs186719464 T C 0.027103 0.171065 0.035479 0.101526 0.240604 4.821566 1.45e-06 5.838977 3.070107 0.079744 0.674278 2 13263 +-
rs59151499 G C 0.027103 0.171065 0.035479 0.101526 0.240604 4.821566 1.45e-06 5.838977 3.070107 0.079744 0.674278 2 13263 +-
rs79889052 C A 0.027103 0.171065 0.035479 0.101526 0.240604 4.821566 1.45e-06 5.838977 3.070107 0.079744 0.674278 2 13263 +-
rs75400186 C T 0.027103 0.171065 0.035479 0.101526 0.240604 4.821566 1.45e-06 5.838977 3.070107 0.079744 0.674278 2 13263 +-
rs145091298 A T 0.055408 -0.114766 0.023848 -0.161509 -0.068024 -4.812381 1.52e-06 5.81903 0.372501 0.541644 0 2 14564 --
rs199592131 T C 0.027066 0.170423 0.035498 0.100847 0.239998 4.800957 1.61e-06 5.794269 3.062663 0.08011 0.673487 2 13263 +-
rs78961553 G A 0.027142 0.170305 0.035473 0.100777 0.239832 4.800942 1.61e-06 5.794237 3.061228 0.080181 0.673334 2 13263 +-
rs74625404 T C 0.027142 0.170305 0.035473 0.100777 0.239832 4.800942 1.61e-06 5.794237 3.061228 0.080181 0.673334 2 13263 +-
rs117221677 T C 0.027934 0.166856 0.034828 0.098592 0.23512 4.790786 1.69e-06 5.772271 3.019637 0.082262 0.668834 2 13263 +-
rs115876907 G A 0.027218 0.169041 0.035388 0.09968 0.238401 4.776791 1.81e-06 5.742072 3.04631 0.080921 0.671734 2 13263 +-
rs72764246 A G 0.021396 -0.181418 0.03806 -0.256015 -0.106821 -4.766663 1.9e-06 5.720268 5.168338 0.023002 0.806514 2 14560 --
rs149549557 T C 0.018669 -0.189053 0.040181 -0.267809 -0.110298 -4.704989 2.58e-06 5.588423 0.010239 0.9194 0 2 14462 --
rs10066796 A G 0.04235 -0.134391 0.028633 -0.190513 -0.07827 -4.693545 2.73e-06 5.564133 0.098481 0.753661 0 2 14556 --
rs111546860 T C 0.063304 -0.104941 0.022535 -0.149109 -0.060773 -4.656861 3.26e-06 5.48664 0.008526 0.926431 0 2 14462 --
rs16933742 C T 0.064133 -0.103926 0.022442 -0.147913 -0.05994 -4.63085 3.7e-06 5.432034 0.000343 0.985218 0 2 14462 --
rs73975207 A G 0.028288 0.156955 0.033988 0.090339 0.223571 4.617982 3.93e-06 5.405126 3.274613 0.07036 0.69462 2 14564 +-
rs10789701 T C 0.346931 0.053175 0.011553 0.030531 0.07582 4.602542 4.24e-06 5.372928 3.695986 0.054544 0.729436 2 14564 ++
rs10983322 A G 0.070457 -0.10244 0.022362 -0.14627 -0.058609 -4.580888 4.7e-06 5.32794 0.374949 0.540319 0 2 13263 --
rs2021969 A C 0.070344 -0.102336 0.0224 -0.146241 -0.058432 -4.568535 4.98e-06 5.302363 0.779195 0.377388 0 2 13263 -+
rs2021970 A C 0.070344 -0.102336 0.0224 -0.146241 -0.058432 -4.568535 4.98e-06 5.302363 0.779195 0.377388 0 2 13263 -+
rs58046145 A G 0.028268 0.155207 0.034014 0.08854 0.221874 4.563058 5.12e-06 5.291044 3.232825 0.072176 0.690673 2 14540 +-
rs10983325 A C 0.070382 -0.101671 0.022395 -0.145566 -0.057776 -4.539804 5.71e-06 5.243122 0.771289 0.379818 0 2 13263 -+
rs11791132 A G 0.066636 -0.099944 0.022078 -0.143217 -0.056672 -4.526917 6.07e-06 5.216662 0.93811 0.332764 0 2 14564 --
rs11562332 T C 0.070533 -0.100574 0.022381 -0.14444 -0.056707 -4.493725 7.1e-06 5.148831 0.758336 0.38385 0 2 13263 -+
rs11558410 A T 0.070533 -0.100574 0.022381 -0.14444 -0.056707 -4.493725 7.1e-06 5.148831 0.758336 0.38385 0 2 13263 -+
rs10817921 T G 0.070799 -0.100356 0.022354 -0.144169 -0.056542 -4.489425 7.24e-06 5.140076 0.75574 0.384665 0 2 13263 -+
rs72762100 T G 0.071251 -0.099926 0.022279 -0.143592 -0.05626 -4.485275 7.39e-06 5.131635 1.128728 0.288047 0.114047 2 13263 -+
rs11534244 C T 0.071401 -0.099434 0.022249 -0.143042 -0.055826 -4.469128 7.96e-06 5.098859 1.120306 0.289852 0.107387 2 13263 -+
rs11535521 T A 0.071401 -0.099434 0.022249 -0.143042 -0.055826 -4.469128 7.96e-06 5.098859 1.120306 0.289852 0.107387 2 13263 -+
rs1814199 T C 0.070685 -0.099841 0.022363 -0.143673 -0.056008 -4.46446 8.14e-06 5.089404 0.749735 0.38656 0 2 13263 -+
rs2769270 A G 0.141753 0.070142 0.01575 0.039272 0.101012 4.453512 8.57e-06 5.067265 0.872566 0.350246 0 2 14190 +-
rs12210659 G A 0.410411 -0.0496 0.011174 -0.071501 -0.027699 -4.438935 9.17e-06 5.037866 1.027996 0.31063 0.027234 2 14564 --
rs10817918 C T 0.071401 -0.098778 0.022267 -0.142421 -0.055135 -4.436112 9.29e-06 5.032182 1.011147 0.314628 0.011024 2 13263 -+
rs2165555 G T 0.070421 -0.099254 0.022388 -0.143135 -0.055373 -4.433301 9.41e-06 5.026525 1.117719 0.29041 0.105321 2 13263 -+
rs67618266 A C 0.146984 0.069462 0.01567 0.038749 0.100175 4.432818 9.43e-06 5.025554 1.488585 0.222436 0.328221 2 14192 +-
rs11793867 C T 0.067563 -0.097462 0.021987 -0.140556 -0.054368 -4.432758 9.43e-06 5.025433 1.401594 0.236457 0.286527 2 14564 -+
rs67134794 G A 0.365576 0.051736 0.011674 0.028855 0.074616 4.431762 9.47e-06 5.023431 0.374808 0.540395 0 2 14192 ++
rs10983312 C G 0.067463 -0.09743 0.022006 -0.140561 -0.054299 -4.427501 9.66e-06 5.014865 0.984053 0.3212 0 2 14564 --
rs10983293 G A 0.077033 -0.09092 0.020565 -0.131227 -0.050613 -4.421188 9.95e-06 5.002189 0.028519 0.865895 0 2 14462 --
