rs_number reference_allele other_allele eaf beta se beta_95L beta_95U z p-value -log10_p-value q_statistic q_p-value i2 n_studies n_samples effects
rs116345549 A G 0.010981 -0.061636 0.011169 -0.083527 -0.039744 -5.51837 3.5e-08 7.455513 0.636568 0.727396 0 3 1115 ---
rs76014762 C A 0.010644 -0.061438 0.011641 -0.084255 -0.038622 -5.277728 1.34e-07 6.874157 0.638183 0.726809 0 3 1115 ---
rs7243554 A T 0.241895 -0.013308 0.002593 -0.018391 -0.008225 -5.131686 2.93e-07 6.533229 0.261437 0.877465 0 3 1115 ---
rs2711406 G A 0.242084 -0.013078 0.002573 -0.018122 -0.008035 -5.082511 3.8e-07 6.420451 0.102654 0.949968 0 3 1115 ---
rs2439263 T C 0.242084 -0.013078 0.002573 -0.018122 -0.008035 -5.082511 3.8e-07 6.420451 0.102654 0.949968 0 3 1115 ---
rs2439264 A C 0.242084 -0.013078 0.002573 -0.018122 -0.008035 -5.082511 3.8e-07 6.420451 0.102654 0.949968 0 3 1115 ---
rs2439265 C T 0.242084 -0.013078 0.002573 -0.018122 -0.008035 -5.082511 3.8e-07 6.420451 0.102654 0.949968 0 3 1115 ---
rs2711403 C T 0.241744 -0.01304 0.002574 -0.018084 -0.007995 -5.066509 4.13e-07 6.38397 0.099849 0.951301 0 3 1115 ---
rs2581713 C T 0.241744 -0.01304 0.002574 -0.018084 -0.007995 -5.066509 4.13e-07 6.38397 0.099849 0.951301 0 3 1115 ---
rs2581711 T C 0.241744 -0.01304 0.002574 -0.018084 -0.007995 -5.066509 4.13e-07 6.38397 0.099849 0.951301 0 3 1115 ---
rs2581710 T C 0.241744 -0.01304 0.002574 -0.018084 -0.007995 -5.066509 4.13e-07 6.38397 0.099849 0.951301 0 3 1115 ---
rs2581709 C T 0.241744 -0.01304 0.002574 -0.018084 -0.007995 -5.066509 4.13e-07 6.38397 0.099849 0.951301 0 3 1115 ---
rs2711400 G T 0.241744 -0.01304 0.002574 -0.018084 -0.007995 -5.066509 4.13e-07 6.38397 0.099849 0.951301 0 3 1115 ---
rs17082459 C A 0.241744 -0.01304 0.002574 -0.018084 -0.007995 -5.066509 4.13e-07 6.38397 0.099849 0.951301 0 3 1115 ---
rs2244420 G C 0.241685 -0.013077 0.002585 -0.018143 -0.008011 -5.059693 4.28e-07 6.368465 0.078012 0.961745 0 3 1115 ---
rs2439266 T G 0.241685 -0.013077 0.002585 -0.018143 -0.008011 -5.059693 4.28e-07 6.368465 0.078012 0.961745 0 3 1115 ---
rs4891849 T G 0.242084 -0.012995 0.002574 -0.018039 -0.00795 -5.049068 4.53e-07 6.344333 0.096897 0.952707 0 3 1115 ---
rs2581712 C T 0.242178 -0.012965 0.002573 -0.018009 -0.007922 -5.038491 4.78e-07 6.320357 0.096981 0.952666 0 3 1115 ---
rs2711402 A G 0.242084 -0.012943 0.002574 -0.017989 -0.007898 -5.028105 5.05e-07 6.29686 0.093937 0.954117 0 3 1115 ---
rs72829116 T C 0.013078 -0.045745 0.009279 -0.063933 -0.027558 -4.929821 8.38e-07 6.076741 2.599919 0.272543 0.230745 3 1115 ---
rs79814257 G A 0.015498 -0.043969 0.008962 -0.061534 -0.026404 -4.906333 9.45e-07 6.024736 0.795615 0.671791 0 3 1115 ---
rs56054062 C T 0.243924 -0.012498 0.002569 -0.017532 -0.007463 -4.865247 1.16e-06 5.934323 0.388277 0.823544 0 3 1115 ---
rs12605538 G A 0.237107 -0.0124 0.002588 -0.017472 -0.007328 -4.791993 1.68e-06 5.774878 0.651181 0.722101 0 3 1115 ---
rs10795020 A G 0.418232 0.010825 0.00226 0.006394 0.015255 4.789122 1.7e-06 5.768677 1.79625 0.407333 0 3 1115 +++
rs17048943 T C 0.215667 0.012797 0.002691 0.007521 0.018072 4.754479 2.02e-06 5.694095 0.102361 0.950107 0 3 1115 +++
rs2581708 G A 0.331573 -0.011077 0.002334 -0.015651 -0.006503 -4.74683 2.1e-06 5.677697 0.008218 0.995899 0 3 1115 ---
rs16838441 C T 0.057011 -0.0377 0.007945 -0.053272 -0.022128 -4.745269 2.12e-06 5.674354 0.130049 0.718381 0 2 356 -?-
rs17048937 A C 0.221396 0.012647 0.00267 0.007414 0.017881 4.736628 2.21e-06 5.655862 0.109547 0.9467 0 3 1115 +++
rs17082439 A C 0.239162 -0.012236 0.002583 -0.0173 -0.007173 -4.736798 2.21e-06 5.656226 0.177104 0.915255 0 3 1115 ---
rs2711407 C T 0.331913 -0.011052 0.002334 -0.015627 -0.006477 -4.734731 2.23e-06 5.651806 0.009682 0.995171 0 3 1115 ---
rs72818268 C G 0.164165 -0.01347 0.002847 -0.019051 -0.007889 -4.730775 2.27e-06 5.643354 8.514562 0.014161 0.765108 3 1115 ---
rs149529718 A G 0.011762 -0.051656 0.010927 -0.073073 -0.030238 -4.727185 2.31e-06 5.635689 1.317129 0.251108 0.240773 2 1062 ?--
rs7241843 C T 0.237801 -0.012204 0.002583 -0.017267 -0.007141 -4.724161 2.35e-06 5.629238 0.182928 0.912594 0 3 1115 ---
rs8110536 G T 0.109606 -0.020623 0.004368 -0.029184 -0.012063 -4.721903 2.37e-06 5.624424 0.61372 0.433391 0 2 791 --?
rs2119255 T A 0.233826 -0.012362 0.00262 -0.017497 -0.007226 -4.717978 2.42e-06 5.616058 0.377488 0.827999 0 3 1115 ---
rs4833031 C T 0.082624 -0.031761 0.006746 -0.044984 -0.018539 -4.708227 2.54e-06 5.595306 1.677124 0.195307 0.403741 2 356 -?-
rs10904018 T G 0.41844 0.010601 0.002254 0.006183 0.015018 4.703003 2.6e-06 5.584205 1.679467 0.431826 0 3 1114 +++
rs4525593 C T 0.238724 -0.012095 0.002574 -0.017139 -0.00705 -4.698985 2.66e-06 5.575673 0.464268 0.79284 0 3 1115 ---
rs112269895 T C 0.093784 -0.020724 0.004414 -0.029375 -0.012074 -4.69549 2.7e-06 5.568258 5.379005 0.020381 0.814092 2 812 --?
rs4583935 C A 0.015921 -0.041783 0.008909 -0.059245 -0.024322 -4.689997 2.78e-06 5.556615 0.013356 0.907996 0 2 1062 ?--
rs35757399 A G 0.04479 -0.026048 0.00559 -0.037004 -0.015092 -4.659974 3.21e-06 5.493195 0.230318 0.891224 0 3 1115 ---
rs75308776 A T 0.029056 -0.029044 0.006263 -0.04132 -0.016768 -4.637269 3.59e-06 5.445485 1.243457 0.537015 0 3 1115 ---
rs7575537 T G 0.299849 -0.011095 0.002393 -0.015785 -0.006405 -4.636764 3.59e-06 5.444425 1.875377 0.391532 0 3 1115 ---
rs117775078 G A 0.010089 -0.049666 0.010733 -0.070702 -0.02863 -4.627498 3.76e-06 5.425018 6.830347 0.032871 0.707189 3 1115 ---
rs16838445 A G 0.059597 -0.035787 0.007744 -0.050966 -0.020608 -4.621019 3.88e-06 5.411469 0.030038 0.862404 0 2 356 -?-
rs35436314 T C 0.417541 0.012135 0.002627 0.006986 0.017284 4.619134 3.91e-06 5.407532 1.633792 0.201179 0.387927 2 812 ++?
rs17286091 A T 0.127694 -0.015062 0.003261 -0.021453 -0.00867 -4.618691 3.92e-06 5.406606 0.602656 0.739835 0 3 1115 ---
rs4891844 C T 0.236712 -0.011953 0.002593 -0.017036 -0.00687 -4.60897 4.11e-06 5.38632 0.542545 0.762409 0 3 1115 ---
rs8085120 A G 0.326178 -0.01098 0.002387 -0.015659 -0.006301 -4.5992 4.31e-06 5.365972 0.773413 0.679291 0 3 1115 ---
rs2112979 G A 0.08682 -0.021054 0.00458 -0.03003 -0.012078 -4.597396 4.34e-06 5.362219 5.306262 0.021249 0.811543 2 812 --?
rs112435126 A G 0.093784 -0.020269 0.004414 -0.028921 -0.011616 -4.591408 4.47e-06 5.349771 5.572111 0.018249 0.820535 2 812 --?
rs72765610 G A 0.093784 -0.020269 0.004414 -0.028921 -0.011616 -4.591408 4.47e-06 5.349771 5.572111 0.018249 0.820535 2 812 --?
rs4779606 A G 0.178458 -0.015449 0.003366 -0.022046 -0.008851 -4.5897 4.51e-06 5.346223 1.056598 0.303992 0.053566 2 812 --?
rs4277867 T C 0.086353 -0.021127 0.004604 -0.03015 -0.012103 -4.588799 4.53e-06 5.344352 5.285758 0.021501 0.810812 2 812 --?
rs72765611 T C 0.086353 -0.021127 0.004604 -0.03015 -0.012103 -4.588799 4.53e-06 5.344352 5.285758 0.021501 0.810812 2 812 --?
rs117816918 C G 0.019215 -0.036025 0.007868 -0.051448 -0.020603 -4.578472 4.75e-06 5.322932 1.358807 0.506919 0 3 1115 ---
rs118003530 A G 0.011954 -0.051513 0.011261 -0.073585 -0.029441 -4.574356 4.85e-06 5.314407 2.65398 0.103291 0.623207 2 1062 ?--
rs12885484 G A 0.253347 0.011778 0.002584 0.006713 0.016842 4.558013 5.24e-06 5.280629 1.066846 0.586594 0 3 1115 +++
rs28470877 C T 0.101803 -0.016506 0.003624 -0.023609 -0.009404 -4.55514 5.31e-06 5.274702 0.765767 0.681892 0 3 1115 ---
rs61868113 C T 0.050452 -0.023213 0.005107 -0.033222 -0.013203 -4.545407 5.56e-06 5.254649 0.173157 0.917063 0 3 1115 ---
rs6826780 G A 0.426328 0.011924 0.002626 0.006778 0.017071 4.541571 5.67e-06 5.246755 1.823701 0.176873 0.451665 2 812 ++?
rs78350238 C T 0.089488 -0.017616 0.003884 -0.025229 -0.010003 -4.535438 5.83e-06 5.23415 0.146189 0.929513 0 3 1115 ---
rs203665 T C 0.022603 -0.03235 0.007134 -0.046333 -0.018368 -4.534693 5.85e-06 5.23262 0.653526 0.721255 0 3 1115 ---
rs2119252 T C 0.238916 -0.011675 0.002579 -0.01673 -0.00662 -4.526714 6.08e-06 5.216246 0.230018 0.891358 0 3 1115 ---
rs55837035 A G 0.05946 -0.021161 0.004678 -0.03033 -0.011992 -4.523357 6.17e-06 5.209365 4.188138 0.123185 0.522461 3 1108 +--
rs7234306 T C 0.228845 -0.011788 0.002606 -0.016896 -0.00668 -4.523477 6.17e-06 5.209612 0.289606 0.865193 0 3 1115 ---
rs34606248 T A 0.118956 -0.01834 0.004055 -0.026288 -0.010391 -4.52234 6.2e-06 5.207282 0.750615 0.386282 0 2 812 --?
rs77545918 G A 0.074163 -0.030687 0.006791 -0.043998 -0.017376 -4.518591 6.32e-06 5.199604 0.570134 0.450206 0 2 356 -?-
rs57294488 A G 0.166213 0.013001 0.002878 0.00736 0.018641 4.517307 6.35e-06 5.196977 5.14621 0.076298 0.611365 3 1115 -++
rs7514708 A C 0.178064 0.01332 0.00295 0.007537 0.019103 4.514399 6.44e-06 5.191026 0.599933 0.740843 0 3 1115 +++
rs227853 C T 0.309542 0.01081 0.002395 0.006116 0.015503 4.514126 6.45e-06 5.190468 6.266486 0.043576 0.680842 3 1115 +++
rs6656910 T C 0.178745 0.013141 0.002917 0.007423 0.018859 4.504483 6.75e-06 5.170766 0.658839 0.719341 0 3 1115 +++
rs6660736 T C 0.178745 0.013141 0.002917 0.007423 0.018859 4.504483 6.75e-06 5.170766 0.658839 0.719341 0 3 1115 +++
rs6672204 A G 0.179085 0.013141 0.002917 0.007423 0.018859 4.504483 6.75e-06 5.170766 0.658839 0.719341 0 3 1115 +++
rs6663841 C T 0.179085 0.013141 0.002917 0.007423 0.018859 4.504483 6.75e-06 5.170766 0.658839 0.719341 0 3 1115 +++
rs12029989 A T 0.179085 0.013141 0.002917 0.007423 0.018859 4.504483 6.75e-06 5.170766 0.658839 0.719341 0 3 1115 +++
rs139781707 A G 0.011506 -0.05168 0.011475 -0.074172 -0.029188 -4.503534 6.78e-06 5.168829 2.764322 0.096388 0.638248 2 1062 ?--
rs55910572 G A 0.43302 0.011697 0.002599 0.006602 0.016792 4.499911 6.9e-06 5.161439 1.439855 0.230163 0.305485 2 812 ++?
rs6662960 G C 0.058235 -0.020828 0.004637 -0.029916 -0.01174 -4.492061 7.15e-06 5.145442 0.632906 0.728729 0 3 1115 ---
rs6506578 A G 0.059265 -0.020792 0.004634 -0.029874 -0.011709 -4.486802 7.33e-06 5.134741 4.448175 0.108166 0.550377 3 1115 +--
rs17009114 T C 0.41131 0.011895 0.002656 0.006689 0.0171 4.478639 7.62e-06 5.118152 1.505527 0.219823 0.335781 2 812 ++?
rs6728107 C T 0.16814 -0.012657 0.002829 -0.018201 -0.007113 -4.474645 7.76e-06 5.110046 8.060368 0.017771 0.751872 3 1109 ---
rs12641006 G C 0.427262 0.011746 0.002628 0.006594 0.016897 4.469058 7.97e-06 5.098717 1.883949 0.169886 0.4692 2 812 ++?
rs61079153 G T 0.165872 0.012849 0.00288 0.007205 0.018493 4.461932 8.24e-06 5.084288 5.018985 0.081309 0.601513 3 1115 -++
rs60269219 T C 0.165872 0.012849 0.00288 0.007205 0.018493 4.461932 8.24e-06 5.084288 5.018985 0.081309 0.601513 3 1115 -++
rs59356929 C T 0.165532 0.012849 0.00288 0.007205 0.018493 4.461932 8.24e-06 5.084288 5.018985 0.081309 0.601513 3 1115 -++
rs113045530 G A 0.160578 0.012965 0.002906 0.007268 0.018661 4.460966 8.27e-06 5.082335 4.588211 0.100852 0.5641 3 1115 -++
rs143154520 A G 0.160578 0.012965 0.002906 0.007268 0.018661 4.460966 8.27e-06 5.082335 4.588211 0.100852 0.5641 3 1115 -++
rs73568222 G A 0.160918 0.012954 0.002905 0.007259 0.018648 4.458832 8.36e-06 5.078017 4.579415 0.101296 0.563263 3 1115 -++
rs10422797 C T 0.160918 0.012954 0.002905 0.007259 0.018648 4.458832 8.36e-06 5.078017 4.579415 0.101296 0.563263 3 1115 -++
rs10421938 T C 0.160918 0.012954 0.002905 0.007259 0.018648 4.458832 8.36e-06 5.078017 4.579415 0.101296 0.563263 3 1115 -++
rs10423753 C T 0.160918 0.012954 0.002905 0.007259 0.018648 4.458832 8.36e-06 5.078017 4.579415 0.101296 0.563263 3 1115 -++
rs113728460 A G 0.160918 0.012954 0.002905 0.007259 0.018648 4.458832 8.36e-06 5.078017 4.579415 0.101296 0.563263 3 1115 -++
rs142415915 C T 0.160918 0.012954 0.002905 0.007259 0.018648 4.458832 8.36e-06 5.078017 4.579415 0.101296 0.563263 3 1115 -++
rs146871722 G A 0.160918 0.012954 0.002905 0.007259 0.018648 4.458832 8.36e-06 5.078017 4.579415 0.101296 0.563263 3 1115 -++
rs111691933 G T 0.160918 0.012954 0.002905 0.007259 0.018648 4.458832 8.36e-06 5.078017 4.579415 0.101296 0.563263 3 1115 -++
rs112909419 A G 0.160578 0.012954 0.002905 0.007259 0.018648 4.458832 8.36e-06 5.078017 4.579415 0.101296 0.563263 3 1115 -++
rs112668741 G A 0.160918 0.012954 0.002905 0.007259 0.018648 4.458832 8.36e-06 5.078017 4.579415 0.101296 0.563263 3 1115 -++
rs111462669 A G 0.160918 0.012954 0.002905 0.007259 0.018648 4.458832 8.36e-06 5.078017 4.579415 0.101296 0.563263 3 1115 -++
rs115000917 T C 0.160918 0.012954 0.002905 0.007259 0.018648 4.458832 8.36e-06 5.078017 4.579415 0.101296 0.563263 3 1115 -++
rs114034486 G A 0.160918 0.012954 0.002905 0.007259 0.018648 4.458832 8.36e-06 5.078017 4.579415 0.101296 0.563263 3 1115 -++
rs11881161 C T 0.160918 0.012954 0.002905 0.007259 0.018648 4.458832 8.36e-06 5.078017 4.579415 0.101296 0.563263 3 1115 -++
rs7680207 G A 0.410843 0.011819 0.002652 0.006621 0.017018 4.456091 8.46e-06 5.072476 1.5275 0.216488 0.345335 2 812 ++?
rs7597888 T C 0.188169 -0.02104 0.004723 -0.030297 -0.011783 -4.454819 8.51e-06 5.069905 0.017079 0.896024 0 2 356 -?-
rs2968211 G C 0.489487 -0.009733 0.002189 -0.014023 -0.005443 -4.446538 8.85e-06 5.053189 0.776742 0.678161 0 3 1115 ---
rs35487210 T C 0.01353 -0.044485 0.010015 -0.064114 -0.024856 -4.441978 9.04e-06 5.043996 3.868313 0.144546 0.482979 3 1115 +--
rs74883500 C T 0.017734 -0.037913 0.008537 -0.054646 -0.02118 -4.440826 9.09e-06 5.041673 0.294506 0.863076 0 3 1115 ---
rs8031110 T A 0.479374 0.011586 0.002613 0.006464 0.016707 4.43374 9.39e-06 5.027408 0.076227 0.782478 0 2 812 ++?
rs4865808 C T 0.27446 -0.011005 0.002483 -0.015871 -0.006139 -4.432452 9.44e-06 5.024817 2.588666 0.274081 0.227401 3 1115 ---
chr4:149348868:A:G G A 0.064363 -0.024615 0.005557 -0.035507 -0.013722 -4.429249 9.59e-06 5.018378 4.163286 0.041309 0.759805 2 812 +-?
rs72724042 C T 0.064363 -0.024615 0.005557 -0.035507 -0.013722 -4.429249 9.59e-06 5.018378 4.163286 0.041309 0.759805 2 812 +-?
rs760660 A C 0.259772 0.012915 0.002917 0.007198 0.018633 4.427644 9.66e-06 5.015152 1.551258 0.21295 0.355362 2 812 ++?
rs62255969 A G 0.17294 -0.012854 0.002907 -0.018552 -0.007157 -4.421995 9.91e-06 5.003808 1.994542 0.368885 0 3 1115 ---
