rs_number reference_allele other_allele eaf beta se beta_95L beta_95U z p-value -log10_p-value q_statistic q_p-value i2 n_studies n_samples effects
rs75627662 T C 0.228207 -0.169231 0.010877 -0.190549 -0.147912 -15.559146 1.54e-54 53.812564 198.375856 0 0.984877 4 10969 ----
rs10119 A G 0.336581 -0.148161 0.009532 -0.166844 -0.129478 -15.543095 1.98e-54 53.70376 211.233503 0 0.985798 4 10969 ----
rs34095326 A G 0.144795 -0.20122 0.01315 -0.226995 -0.175446 -15.301767 8.29e-53 52.081302 158.760468 0 0.981104 4 10969 ----
rs157594 T G 0.366355 0.105515 0.010484 0.084967 0.126064 10.064305 8.51e-24 23.070271 74.408472 1.11e-16 0.973121 3 9485 +++?
rs484195 A G 0.366389 0.105511 0.010487 0.084956 0.126067 10.060844 8.81e-24 23.055013 72.299693 2.22e-16 0.972337 3 9485 +++?
rs157595 A G 0.366138 0.10545 0.010482 0.084905 0.125994 10.06024 8.86e-24 23.052349 74.236249 1.11e-16 0.973059 3 9485 +++?
rs147711004 A G 0.041837 -0.226003 0.023933 -0.272912 -0.179094 -9.443174 3.85e-21 20.414532 43.422617 2e-09 0.930912 4 10969 ----
rs12691088 A G 0.026716 -0.279794 0.030077 -0.338744 -0.220845 -9.302759 1.45e-20 19.83716 32.222965 4.7e-07 0.906899 4 10969 ----
rs7259620 A G 0.405417 0.083916 0.009074 0.066132 0.101701 9.248364 2.42e-20 19.615773 89.916304 0 0.966636 4 10968 ++++
rs1038026 G A 0.40876 0.083992 0.009084 0.066188 0.101797 9.246285 2.47e-20 19.607338 86.326148 0 0.965248 4 10969 ++++
rs741780 C T 0.408649 0.083871 0.009078 0.066079 0.101663 9.239287 2.64e-20 19.578954 87.427491 0 0.965686 4 10969 ++++
rs1038025 C T 0.408557 0.083978 0.009089 0.066163 0.101793 9.239124 2.64e-20 19.578292 87.384683 0 0.965669 4 10969 ++++
rs760136 G A 0.408586 0.083827 0.009079 0.066032 0.101622 9.232955 2.8e-20 19.553291 87.35962 0 0.965659 4 10969 ++++
rs1160985 T C 0.408525 0.083685 0.009079 0.065889 0.10148 9.217229 3.24e-20 19.489625 86.913441 0 0.965483 4 10968 ++++
rs10414043 A G 0.13109 -0.147657 0.016046 -0.179106 -0.116207 -9.202272 3.72e-20 19.429173 59.473369 1.22e-13 0.966372 3 4095 --?-
rs7256200 T G 0.13109 -0.147657 0.016046 -0.179106 -0.116207 -9.202272 3.72e-20 19.429173 59.473369 1.22e-13 0.966372 3 4095 --?-
rs3826688 T C 0.346674 0.097499 0.010679 0.076568 0.11843 9.129949 7.27e-20 19.13822 60.898643 5.97e-14 0.967159 3 9485 +++?
rs429358 C T 0.158675 -0.134245 0.014741 -0.163136 -0.105353 -9.107181 8.97e-20 19.04709 64.057298 1.23e-14 0.968778 3 4089 --?-
rs769449 A G 0.128827 -0.145592 0.016139 -0.177225 -0.11396 -9.021111 1.97e-19 18.7046 59.205535 1.39e-13 0.966219 3 4095 --?-
rs584007 A G 0.345425 0.095082 0.010695 0.074119 0.116044 8.890163 6.46e-19 18.189638 62.070233 3.32e-14 0.967778 3 9479 +++?
rs73052335 C A 0.139836 -0.136836 0.015567 -0.167347 -0.106324 -8.790036 1.58e-18 17.800848 54.75847 1.29e-12 0.963476 3 4095 --?-
rs4420638 G A 0.19213 -0.118983 0.01364 -0.145716 -0.092249 -8.72334 2.86e-18 17.544258 57.364798 3.49e-13 0.965135 3 4089 --?-
rs12721051 G C 0.192384 -0.117642 0.013633 -0.144363 -0.090921 -8.629059 6.53e-18 17.184799 55.89798 7.28e-13 0.964221 3 4095 --?-
rs56131196 A G 0.192006 -0.117596 0.013647 -0.144345 -0.090847 -8.616689 7.28e-18 17.137923 53.823329 2.05e-12 0.962841 3 4090 --?-
rs146275714 A G 0.026061 -0.258344 0.030311 -0.317754 -0.198934 -8.523017 1.64e-17 16.785061 34.574401 1.5e-07 0.913231 4 10969 ----
rs12721046 A G 0.160146 -0.124188 0.014718 -0.153034 -0.095341 -8.437974 3.4e-17 16.467963 47.879421 4.01e-11 0.958228 3 4095 --?-
rs111789331 A T 0.161272 -0.123372 0.014717 -0.152217 -0.094528 -8.383248 5.43e-17 16.26555 47.07797 5.99e-11 0.957517 3 4095 --?-
rs41289512 G C 0.049416 -0.185657 0.022153 -0.229076 -0.142238 -8.380805 5.54e-17 16.256544 51.791225 3.32e-11 0.942075 4 10969 ----
rs6857 T C 0.182511 -0.11616 0.013889 -0.143383 -0.088937 -8.363235 6.43e-17 16.191849 46.162046 9.46e-11 0.956674 3 4095 --?-
rs440446 C G 0.34235 0.07795 0.009369 0.059587 0.096313 8.320027 9.26e-17 16.033315 72.142387 1.44e-15 0.958416 4 10969 ++++
rs66626994 A G 0.161341 -0.121957 0.014719 -0.150806 -0.093109 -8.285936 1.23e-16 15.908793 45.668048 1.21e-10 0.956206 3 4095 --?-
rs3925681 A G 0.383847 0.085603 0.010366 0.065285 0.10592 8.257987 1.56e-16 15.807082 58.43204 2.05e-13 0.965772 3 9485 +++?
rs1081105 C A 0.040131 -0.202653 0.025035 -0.251721 -0.153584 -8.094841 6.03e-16 15.220033 52.382399 2.48e-11 0.942729 4 10969 +---
rs148601586 G C 0.016214 -0.332141 0.041186 -0.412865 -0.251416 -8.064419 7.73e-16 15.111826 21.828585 1.82e-05 0.908377 3 9485 ---?
rs112019714 C T 0.040351 -0.198932 0.024872 -0.247681 -0.150183 -7.998252 1.32e-15 14.877848 47.813014 2.33e-10 0.937256 4 10969 +---
rs116881820 C T 0.038557 -0.202546 0.025428 -0.252385 -0.152707 -7.965418 1.73e-15 14.762437 43.448004 1.98e-09 0.930952 4 10969 +---
rs112849259 T C 0.038331 -0.202781 0.025489 -0.252739 -0.152824 -7.955779 1.87e-15 14.728644 44.21835 1.36e-09 0.932155 4 10966 +---
rs77301115 A G 0.038221 -0.202487 0.02548 -0.252428 -0.152546 -7.946821 2.01e-15 14.697274 43.730012 1.72e-09 0.931397 4 10969 +---
rs75687619 T G 0.038264 -0.201881 0.025466 -0.251794 -0.151967 -7.927418 2.35e-15 14.629448 44.714466 1.06e-09 0.932908 4 10968 +---
rs79398853 T C 0.038305 -0.201079 0.025474 -0.251008 -0.15115 -7.893538 3.08e-15 14.511395 44.302526 1.3e-09 0.932284 4 10963 +---
rs114536010 T C 0.038296 -0.200497 0.025478 -0.250433 -0.150561 -7.869548 3.73e-15 14.428101 44.008379 1.5e-09 0.931831 4 10955 +---
rs12972156 G C 0.156625 -0.116168 0.014821 -0.145217 -0.087118 -7.837955 4.8e-15 14.318786 41.485613 9.81e-10 0.951791 3 4095 --?-
rs12972970 A G 0.156625 -0.116168 0.014821 -0.145217 -0.087118 -7.837955 4.8e-15 14.318786 41.485613 9.81e-10 0.951791 3 4095 --?-
rs115881343 T C 0.039864 -0.19586 0.024996 -0.244853 -0.146867 -7.835547 4.89e-15 14.310471 47.885447 2.25e-10 0.93735 4 10920 +---
rs28399664 G C 0.025061 -0.241628 0.031139 -0.302661 -0.180594 -7.759567 8.92e-15 14.049397 29.753439 1.56e-06 0.899171 4 10969 ----
rs34342646 A G 0.160035 -0.113591 0.014739 -0.142479 -0.084704 -7.707098 1.35e-14 13.870549 37.751635 6.34e-09 0.947022 3 4095 --?-
rs140480140 A G 0.040904 -0.188474 0.024651 -0.236791 -0.140158 -7.645644 2.17e-14 13.662577 45.091535 8.85e-10 0.933469 4 10969 +---
rs11556505 T C 0.155861 -0.112428 0.014818 -0.141472 -0.083384 -7.587103 3.42e-14 13.465962 36.727858 1.06e-08 0.945545 3 4095 --?-
rs2075650 G A 0.15615 -0.112089 0.014816 -0.141128 -0.083051 -7.565632 4.03e-14 13.394217 36.632418 1.11e-08 0.945404 3 4094 --?-
rs79701229 A G 0.017551 -0.303507 0.040358 -0.382607 -0.224406 -7.520445 5.7e-14 13.243868 14.872557 0.000589 0.865524 3 9485 ---?
rs34404554 G C 0.155861 -0.111014 0.014823 -0.140067 -0.081961 -7.489271 7.23e-14 13.140656 37.341259 7.79e-09 0.94644 3 4095 --?-
rs4803772 T C 0.311662 0.081786 0.010941 0.060341 0.10323 7.474988 8.06e-14 13.093503 48.707464 2.65e-11 0.958939 3 9485 +++?
rs71352238 C T 0.159437 -0.109982 0.014751 -0.138895 -0.081069 -7.455684 9.33e-14 13.029917 35.086299 2.4e-08 0.942998 3 4095 --?-
rs12721056 T G 0.315766 0.080913 0.010906 0.059538 0.102288 7.419318 1.23e-13 12.910556 50.275817 1.21e-11 0.960219 3 9485 +++?
rs150966173 T C 0.039455 -0.185346 0.025001 -0.234349 -0.136344 -7.413491 1.28e-13 12.891485 43.949307 1.55e-09 0.93174 4 10924 +---
rs28399637 A G 0.327988 -0.071457 0.009641 -0.090353 -0.05256 -7.41181 1.3e-13 12.885985 50.509631 6.22e-11 0.940605 4 10961 ----
rs78959900 A G 0.313879 0.080818 0.010913 0.059429 0.102206 7.405966 1.36e-13 12.866878 46.8632 6.66e-11 0.957323 3 9456 +++?
rs188535946 A G 0.039172 -0.184629 0.025082 -0.233789 -0.135469 -7.361111 1.9e-13 12.720691 43.920626 1.57e-09 0.931695 4 10969 +---
rs769450 A G 0.374188 0.067669 0.00923 0.049578 0.08576 7.331343 2.38e-13 12.624149 74.716009 4.44e-16 0.959848 4 10969 ++++
rs34878901 T C 0.371896 0.066884 0.009226 0.048801 0.084966 7.249589 4.36e-13 12.360957 64.468419 6.52e-14 0.953466 4 10969 ++++
rs1305062 C G 0.371469 0.066236 0.009233 0.048138 0.084333 7.17352 7.61e-13 12.118628 64.015874 8.15e-14 0.953137 4 10969 ++++
rs2238681 T C 0.372333 0.065548 0.009241 0.047436 0.08366 7.09316 1.36e-12 11.865315 60.957674 3.67e-13 0.950786 4 10969 ++++
rs8106922 G A 0.372146 0.06536 0.009231 0.047268 0.083453 7.080561 1.49e-12 11.825848 61.121442 3.39e-13 0.950917 4 10963 ++++
rs7254133 T C 0.320985 -0.07648 0.010969 -0.09798 -0.05498 -6.972164 3.24e-12 11.4891 21.289151 2.38e-05 0.906055 3 9485 ---?
rs449647 T A 0.163674 0.083072 0.012015 0.059522 0.106621 6.914017 4.89e-12 11.310523 58.529267 1.21e-12 0.948744 4 10969 ++++
rs59325138 T C 0.369102 0.063208 0.009275 0.045029 0.081387 6.814915 9.78e-12 11.009488 75.92006 2.22e-16 0.960485 4 10969 ++++
rs157590 C A 0.45381 0.06907 0.010166 0.049145 0.088996 6.794136 1.13e-11 10.946901 26.853168 1.48e-06 0.925521 3 9485 +++?
rs7412 T C 0.06518 0.11802 0.017384 0.083947 0.152093 6.788944 1.17e-11 10.931292 51.220447 4.39e-11 0.94143 4 10953 ++++
rs4803770 G C 0.347076 0.063647 0.009396 0.045232 0.082063 6.774139 1.3e-11 10.886842 70.784967 2.89e-15 0.957618 4 10969 ++++
chr19:44909976:G:T T G 0.065224 0.114928 0.017354 0.080914 0.148941 6.62264 3.65e-11 10.437361 49.959707 8.15e-11 0.939952 4 10969 ++++
rs3745150 C G 0.374366 0.060664 0.00923 0.042574 0.078754 6.572802 5.11e-11 10.291634 42.637082 2.94e-09 0.929639 4 10969 ++++
rs483082 T G 0.23294 -0.081728 0.012651 -0.106523 -0.056933 -6.460404 1.08e-10 9.966854 54.41982 1.52e-12 0.963249 3 4095 --?-
rs5117 C T 0.231615 -0.081198 0.012673 -0.106038 -0.056358 -6.406961 1.53e-10 9.814314 56.002986 6.9e-13 0.964288 3 4095 --?-
rs283811 G A 0.227813 -0.081276 0.012731 -0.106229 -0.056323 -6.384062 1.78e-10 9.749323 39.540559 2.59e-09 0.949419 3 4095 --?-
rs11668327 C G 0.163751 0.075873 0.011895 0.05256 0.099186 6.378784 1.84e-10 9.734378 55.952412 4.3e-12 0.946383 4 10969 ++++
rs438811 T C 0.232501 -0.079921 0.012658 -0.10473 -0.055111 -6.313963 2.81e-10 9.551763 52.829056 3.38e-12 0.962142 3 4095 --?-
rs157582 T C 0.226724 -0.079929 0.012747 -0.104913 -0.054945 -6.270526 3.71e-10 9.430391 36.232472 1.36e-08 0.944801 3 4095 --?-
rs4803763 C G 0.288426 -0.062182 0.009978 -0.08174 -0.042624 -6.231656 4.76e-10 9.32246 41.61939 4.83e-09 0.927918 4 10969 ----
rs184017 G T 0.227186 -0.079336 0.012734 -0.104295 -0.054377 -6.230162 4.8e-10 9.318325 40.281519 1.79e-09 0.950349 3 4095 --?-
chr19:44893408:G:T T G 0.216185 -0.080387 0.012946 -0.105761 -0.055012 -6.209297 5.49e-10 9.260665 44.747521 1.92e-10 0.955305 3 4094 --?-
rs12462573 A G 0.284688 -0.061519 0.010003 -0.081125 -0.041913 -6.149966 7.99e-10 9.097717 43.628484 1.81e-09 0.931238 4 10969 ----
rs4803764 C T 0.284242 -0.06124 0.010012 -0.080864 -0.041616 -6.116427 9.86e-10 9.006266 42.447901 3.22e-09 0.929325 4 10969 ----
rs2075649 G A 0.36912 0.056648 0.009278 0.038463 0.074834 6.105527 1.06e-09 8.976648 39.281159 1.51e-08 0.923628 4 10969 ++++
rs283815 G A 0.227469 -0.077615 0.012756 -0.102615 -0.052614 -6.084793 1.2e-09 8.920446 37.385909 7.62e-09 0.946504 3 4086 --?-
rs56317818 T C 0.284869 -0.060788 0.01 -0.080388 -0.041188 -6.078773 1.25e-09 8.904164 43.622254 1.82e-09 0.931228 4 10969 ----
rs157581 C T 0.228185 -0.077288 0.012737 -0.102252 -0.052323 -6.067933 1.33e-09 8.87488 37.039704 9.06e-09 0.946004 3 4095 --?-
rs157588 T C 0.44978 0.053514 0.008972 0.035929 0.071098 5.964703 2.52e-09 8.598518 33.995117 1.99e-07 0.911752 4 10969 ++++
rs157585 C A 0.449817 0.05337 0.00898 0.035769 0.07097 5.943284 2.87e-09 8.54174 33.027355 3.18e-07 0.909166 4 10969 ++++
rs2972559 G C 0.289823 -0.058556 0.009954 -0.078066 -0.039046 -5.882566 4.15e-09 8.381847 41.089103 6.26e-09 0.926988 4 10969 ----
rs73050205 A T 0.284728 -0.058666 0.009992 -0.07825 -0.039082 -5.871383 4.44e-09 8.352568 41.232211 5.84e-09 0.927241 4 10969 ----
rs73052307 C T 0.12868 0.074681 0.013073 0.049057 0.100305 5.712453 1.14e-08 7.942187 43.188301 2.24e-09 0.930537 4 10962 ++++
rs71352239 T C 0.297424 0.062671 0.011015 0.041081 0.08426 5.689573 1.31e-08 7.883987 23.656438 7.3e-06 0.915456 3 9485 +++?
rs60049679 C G 0.084122 -0.092091 0.016299 -0.124037 -0.060145 -5.650159 1.64e-08 7.784248 38.777688 1.93e-08 0.922636 4 10969 ----
rs4802238 T C 0.328983 -0.053701 0.009519 -0.072358 -0.035043 -5.641318 1.73e-08 7.761964 36.952394 4.71e-08 0.918814 4 10969 +---
rs2927437 A G 0.194223 -0.064135 0.011395 -0.08647 -0.0418 -5.628191 1.87e-08 7.72894 19.584591 0.000207 0.846818 4 10969 ----
rs118170342 C T 0.054122 -0.132518 0.023775 -0.179117 -0.085919 -5.573836 2.55e-08 7.592973 40.045313 2.01e-09 0.950057 3 9485 +--?
rs11668861 T G 0.446156 0.049435 0.008924 0.031943 0.066926 5.539456 3.11e-08 7.507617 23.120844 3.81e-05 0.870247 4 10967 ++++
rs528070791 G A 0.017234 -0.22189 0.040145 -0.300574 -0.143206 -5.527231 3.33e-08 7.477386 19.56965 5.63e-05 0.897801 3 9485 ---?
rs35396326 G C 0.301025 -0.053055 0.009823 -0.072307 -0.033802 -5.401147 6.77e-08 7.169271 36.354272 6.3e-08 0.917479 4 10969 ----
rs365653 G A 0.107876 0.076146 0.014231 0.048253 0.104038 5.350795 8.95e-08 7.048097 22.902873 4.23e-05 0.869012 4 10969 ++++
rs406456 G A 0.414397 -0.048151 0.009011 -0.065813 -0.030489 -5.343438 9.32e-08 7.030479 23.628041 2.99e-05 0.873032 4 10969 ----
rs141622900 A G 0.043704 0.11172 0.021006 0.070548 0.152893 5.318391 1.07e-07 6.970678 33.494699 2.53e-07 0.910434 4 10968 ++++
rs3852861 T G 0.406693 0.047329 0.008962 0.029765 0.064894 5.281318 1.31e-07 6.88265 16.564649 0.000868 0.818891 4 10969 ++++
rs3852860 T C 0.406609 0.047195 0.008966 0.029621 0.064768 5.263688 1.44e-07 6.84099 16.334412 0.000968 0.816339 4 10969 ++++
rs2927438 A G 0.222073 -0.056651 0.010835 -0.077888 -0.035414 -5.228339 1.75e-07 6.757858 14.02829 0.002867 0.786146 4 10875 ----
rs55923289 C T 0.134903 -0.06925 0.013247 -0.095215 -0.043285 -5.227391 1.76e-07 6.755633 20.186284 0.000155 0.851384 4 10968 ----
rs2927439 G A 0.331612 0.049234 0.009495 0.030624 0.067843 5.185467 2.2e-07 6.657735 13.539013 0.003605 0.778418 4 10967 ++++
rs12459810 T C 0.298427 -0.050757 0.009796 -0.069957 -0.031558 -5.181642 2.24e-07 6.648838 16.582831 0.000861 0.81909 4 10966 ----
rs1359931 T C 0.285686 -0.058503 0.011371 -0.080789 -0.036217 -5.145135 2.73e-07 6.564249 1.906924 0.385405 0 3 4094 -+?-
rs4803748 T C 0.385 0.046051 0.009151 0.028115 0.063987 5.032411 4.94e-07 6.306595 15.349841 0.001541 0.804558 4 10969 ++++
rs406315 G A 0.393007 -0.045337 0.009068 -0.06311 -0.027564 -4.999649 5.85e-07 6.232711 23.575881 3.06e-05 0.872751 4 10969 ----
rs190712692 A G 0.043015 0.119026 0.023852 0.072275 0.165776 4.99007 6.15e-07 6.211195 32.58836 8.39e-08 0.938628 3 9485 +++?
rs113829713 G C 0.047013 -0.104047 0.02087 -0.144952 -0.063142 -4.985451 6.3e-07 6.200833 3.347483 0.341088 0.103804 4 10969 ----
rs157584 C T 0.456079 0.044458 0.008971 0.026875 0.062041 4.955835 7.33e-07 6.134609 24.103207 2.38e-05 0.875535 4 10969 ++++
rs8103315 A C 0.136429 -0.064758 0.013097 -0.090428 -0.039088 -4.944453 7.78e-07 6.109255 23.396295 3.34e-05 0.871775 4 10967 ----
rs35102195 T C 0.035781 -0.118935 0.024072 -0.166117 -0.071753 -4.940707 7.93e-07 6.100921 1.596177 0.660257 0 4 10969 ----
rs2927434 T C 0.195914 -0.055871 0.011315 -0.078048 -0.033694 -4.937942 8.04e-07 6.094776 18.122187 0.000415 0.834457 4 10969 ----
rs7434707 T C 0.033911 0.123976 0.02527 0.074447 0.173504 4.906122 9.46e-07 6.024269 2.568873 0.462973 0 4 10969 ++++
rs1155226 C T 0.08718 -0.089964 0.01834 -0.12591 -0.054017 -4.905252 9.5e-07 6.022349 0.021591 0.989262 0 3 4095 --?-
rs10512274 A G 0.16093 0.069902 0.014291 0.041892 0.097912 4.891375 1.02e-06 5.991738 1.630276 0.442578 0 3 4095 ++?+
rs73212759 T C 0.084036 -0.07904 0.016254 -0.110897 -0.047182 -4.862853 1.18e-06 5.929078 3.887684 0.27385 0.228332 4 10969 ----
rs1160983 A G 0.026678 0.12947 0.026654 0.077228 0.181713 4.857383 1.21e-06 5.9171 19.341182 0.000232 0.844891 4 10969 ++++
rs117310449 T C 0.015594 -0.210488 0.043431 -0.295613 -0.125363 -4.846476 1.28e-06 5.893253 20.912976 2.88e-05 0.904366 3 9485 ---?
rs7254892 A G 0.029578 0.123909 0.025582 0.073769 0.17405 4.843629 1.3e-06 5.887038 14.783665 0.002011 0.797073 4 10969 ++++
rs28701767 T C 0.01947 -0.184879 0.038193 -0.259737 -0.110021 -4.840671 1.32e-06 5.880583 1.35775 0.507187 0 3 9485 -+-?
rs283809 G A 0.039817 0.109282 0.022583 0.06502 0.153544 4.83917 1.33e-06 5.877307 9.563549 0.022665 0.686309 4 10969 ++++
rs283808 C A 0.039855 0.108676 0.022577 0.064425 0.152927 4.813552 1.51e-06 5.821571 9.302726 0.025525 0.677514 4 10969 ++++
rs76260988 A C 0.031009 -0.122485 0.025577 -0.172615 -0.072355 -4.788946 1.7e-06 5.768295 0.168515 0.982504 0 4 10967 ----
rs111795916 G C 0.059903 0.088483 0.018548 0.052128 0.124838 4.770401 1.87e-06 5.728311 1.586532 0.662448 0 4 10969 ++++
rs10412413 T C 0.349016 -0.044685 0.009381 -0.063073 -0.026298 -4.76322 1.94e-06 5.712865 30.20205 1.25e-06 0.900669 4 10969 +---
rs7110631 C G 0.3034 0.046446 0.009763 0.02731 0.065583 4.757194 2e-06 5.699921 9.161596 0.027218 0.672546 4 10969 ++++
rs4803758 T G 0.349057 -0.044476 0.009379 -0.06286 -0.026093 -4.741926 2.15e-06 5.667194 30.079557 1.33e-06 0.900264 4 10969 +---
rs7254776 C T 0.365592 0.043918 0.009267 0.025755 0.062081 4.739277 2.18e-06 5.661526 12.134705 0.006936 0.752775 4 10953 ++++
rs10402271 G T 0.345625 -0.044414 0.009402 -0.062841 -0.025987 -4.724125 2.35e-06 5.629162 32.857635 3.45e-07 0.908697 4 10966 +---
rs74579864 C G 0.327053 -0.045107 0.009553 -0.063831 -0.026384 -4.72202 2.37e-06 5.624673 29.617149 1.66e-06 0.898707 4 10969 +---
rs10402524 C T 0.345752 -0.04431 0.009398 -0.062731 -0.02589 -4.714694 2.46e-06 5.609064 32.675852 3.77e-07 0.908189 4 10969 +---
rs111784051 G T 0.026083 0.14424 0.030602 0.084261 0.204219 4.713462 2.47e-06 5.606442 18.489571 9.66e-05 0.891831 3 9485 +++?
rs73048293 A G 0.326729 -0.045027 0.00956 -0.063765 -0.026289 -4.709788 2.52e-06 5.598625 30.859868 9.1e-07 0.902786 4 10962 +---
rs58132661 T A 0.349149 -0.044068 0.00938 -0.062453 -0.025684 -4.698189 2.67e-06 5.573984 30.018156 1.37e-06 0.90006 4 10969 +---
rs58826447 A T 0.349149 -0.044068 0.00938 -0.062453 -0.025684 -4.698189 2.67e-06 5.573984 30.018156 1.37e-06 0.90006 4 10969 +---
rs58446550 A C 0.349149 -0.044068 0.00938 -0.062453 -0.025684 -4.698189 2.67e-06 5.573984 30.018156 1.37e-06 0.90006 4 10969 +---
rs10405693 T C 0.345185 -0.044062 0.009393 -0.062472 -0.025652 -4.690892 2.76e-06 5.558511 31.281589 7.42e-07 0.904097 4 10968 +---
rs77475786 T C 0.0596 0.087385 0.018657 0.050818 0.123952 4.683803 2.86e-06 5.5435 1.463601 0.690696 0 4 10969 ++++
rs78149910 A G 0.059637 0.087048 0.018615 0.050563 0.123532 4.67631 2.97e-06 5.527656 1.390636 0.707731 0 4 10969 ++++
rs4803762 A G 0.329598 -0.04452 0.009523 -0.063185 -0.025855 -4.675046 2.99e-06 5.524984 31.051708 8.29e-07 0.903387 4 10969 +---
rs80247159 T G 0.059588 0.086947 0.018621 0.050449 0.123445 4.66921 3.07e-06 5.512664 1.356638 0.71573 0 4 10967 ++++
rs12459575 A G 0.326697 -0.044554 0.009558 -0.063288 -0.025819 -4.66115 3.19e-06 5.495671 29.914177 1.44e-06 0.899713 4 10969 +---
rs73048288 C G 0.326341 -0.044481 0.00956 -0.063219 -0.025744 -4.652933 3.32e-06 5.478377 29.761851 1.55e-06 0.8992 4 10969 +---
rs10406338 C T 0.34886 -0.043554 0.009374 -0.061927 -0.02518 -4.646025 3.44e-06 5.463858 28.781713 2.49e-06 0.895767 4 10969 +---
rs61679753 A T 0.026172 0.141766 0.030524 0.081939 0.201593 4.644381 3.46e-06 5.460406 18.656793 8.89e-05 0.8928 3 9485 +++?
rs2927480 C G 0.326466 -0.044394 0.00956 -0.063131 -0.025656 -4.643748 3.47e-06 5.459077 29.638264 1.64e-06 0.898779 4 10969 +---
rs10113967 A G 0.13154 0.060772 0.013091 0.035115 0.08643 4.642419 3.5e-06 5.456287 6.722632 0.081284 0.553746 4 10966 ++++
rs3021439 A G 0.326459 -0.044376 0.009562 -0.063118 -0.025634 -4.640672 3.53e-06 5.452622 29.739398 1.57e-06 0.899124 4 10969 +---
rs73132359 C T 0.060325 0.085869 0.018555 0.049501 0.122237 4.627743 3.75e-06 5.425532 1.366074 0.713506 0 4 10969 ++++
rs519961 T C 0.322517 0.044391 0.009607 0.025562 0.06322 4.620788 3.88e-06 5.410987 9.644383 0.021844 0.688938 4 10969 ++++
rs112732168 T C 0.059958 0.085719 0.018577 0.049307 0.12213 4.614168 4.01e-06 5.397163 1.307565 0.727337 0 4 10969 ++++
rs74781276 T C 0.059713 0.085749 0.018604 0.049285 0.122213 4.609186 4.1e-06 5.386771 1.512434 0.679404 0 4 10969 ++++
rs2927436 G A 0.325697 0.043878 0.009551 0.025157 0.062598 4.593984 4.41e-06 5.355124 13.4267 0.003799 0.776565 4 10969 ++++
rs573167 G A 0.322739 0.044081 0.009602 0.025261 0.0629 4.590836 4.48e-06 5.348584 9.740282 0.020908 0.692001 4 10969 ++++
rs62097405 C A 0.026474 0.14727 0.032131 0.084294 0.210246 4.58348 4.64e-06 5.333316 0.145397 0.929881 0 3 9485 +++?
rs566975 C A 0.342394 0.043216 0.009441 0.024712 0.061719 4.577609 4.77e-06 5.321146 7.952303 0.047008 0.622751 4 10969 ++++
rs76200347 T C 0.059751 0.085145 0.018601 0.048687 0.121604 4.577425 4.78e-06 5.320763 1.428945 0.698764 0 4 10969 ++++
rs497816 C T 0.345079 0.043125 0.009441 0.024621 0.061628 4.567991 5e-06 5.301239 7.865991 0.048864 0.618611 4 10969 ++++
rs112950587 C T 0.059767 0.084723 0.018591 0.048283 0.121162 4.557069 5.26e-06 5.27868 0.979203 0.806284 0 4 10969 ++++
rs78783427 T C 0.059767 0.084723 0.018591 0.048283 0.121162 4.557069 5.26e-06 5.27868 0.979203 0.806284 0 4 10969 ++++
rs78565032 G C 0.020569 0.14116 0.031014 0.080372 0.201947 4.551491 5.41e-06 5.267179 2.223036 0.527425 0 4 10969 ++++
rs34210718 A G 0.143077 0.057505 0.012653 0.032705 0.082305 4.544757 5.58e-06 5.253312 12.033243 0.00727 0.750691 4 10969 ++-+
rs2209146 A G 0.448206 -0.04065 0.008944 -0.058181 -0.023119 -4.544822 5.58e-06 5.253445 5.869827 0.118118 0.488912 4 10969 ----
rs13285273 A G 0.140894 0.057694 0.01271 0.032783 0.082604 4.539389 5.72e-06 5.24227 11.836096 0.007966 0.746538 4 10954 ++-+
rs80046268 A T 0.059164 0.084809 0.018691 0.048175 0.121443 4.537489 5.78e-06 5.238365 1.427611 0.699076 0 4 10969 ++++
rs144261139 A C 0.015621 -0.196339 0.043286 -0.28118 -0.111498 -4.535817 5.82e-06 5.23493 18.40752 0.000101 0.891349 3 9477 ---?
rs472486 A G 0.340423 0.042805 0.009453 0.024278 0.061331 4.528382 6.03e-06 5.219668 9.750526 0.02081 0.692324 4 10969 ++++
rs3966037 T C 0.038759 -0.101592 0.022437 -0.145567 -0.057616 -4.527944 6.04e-06 5.21877 1.948833 0.583094 0 4 10967 ----
rs7359852 C T 0.327761 -0.04327 0.009557 -0.062001 -0.024539 -4.527775 6.05e-06 5.218422 29.361052 1.88e-06 0.897824 4 10969 +---
rs145292220 C T 0.01889 0.147535 0.032602 0.083635 0.211434 4.525345 6.12e-06 5.213439 1.414924 0.70204 0 4 10969 ++++
rs62577144 T C 0.209041 0.049566 0.010957 0.02809 0.071042 4.523557 6.17e-06 5.209776 0.642795 0.886569 0 4 10969 ++++
rs28446251 C T 0.209136 0.049506 0.010945 0.028054 0.070959 4.523137 6.18e-06 5.208914 0.611586 0.893775 0 4 10969 ++++
rs2763904 G A 0.460714 -0.040449 0.008944 -0.05798 -0.022919 -4.522362 6.2e-06 5.207326 5.164696 0.160127 0.419133 4 10969 ----
rs4678071 A T 0.038256 -0.101628 0.022476 -0.14568 -0.057576 -4.521699 6.22e-06 5.205969 1.398849 0.705804 0 4 10969 ----
rs4678072 G A 0.038256 -0.101628 0.022476 -0.14568 -0.057576 -4.521699 6.22e-06 5.205969 1.398849 0.705804 0 4 10969 ----
rs9299234 A G 0.208014 0.049471 0.010964 0.027983 0.07096 4.512341 6.5e-06 5.186818 0.565819 0.904211 0 4 10969 ++++
rs586274 T G 0.324105 0.043305 0.0096 0.024489 0.062121 4.511011 6.54e-06 5.184099 8.799719 0.032076 0.65908 4 10969 ++++
rs9848154 G A 0.038814 -0.10094 0.022387 -0.144817 -0.057062 -4.508934 6.61e-06 5.179855 1.946514 0.583582 0 4 10969 ----
rs9810716 T C 0.038814 -0.10094 0.022387 -0.144817 -0.057062 -4.508934 6.61e-06 5.179855 1.946514 0.583582 0 4 10969 ----
rs9810742 T C 0.038814 -0.10094 0.022387 -0.144817 -0.057062 -4.508934 6.61e-06 5.179855 1.946514 0.583582 0 4 10969 ----
rs9810749 A C 0.038814 -0.10094 0.022387 -0.144817 -0.057062 -4.508934 6.61e-06 5.179855 1.946514 0.583582 0 4 10969 ----
rs28579343 G A 0.038814 -0.10094 0.022387 -0.144817 -0.057062 -4.508934 6.61e-06 5.179855 1.946514 0.583582 0 4 10969 ----
rs10118754 C T 0.209104 0.049387 0.010956 0.027914 0.070861 4.507908 6.64e-06 5.17776 0.680052 0.877886 0 4 10969 ++++
rs73196120 C G 0.091109 -0.070452 0.015674 -0.101174 -0.039731 -4.494781 7.06e-06 5.150981 3.075416 0.380143 0.024522 4 10969 -+--
rs526904 T C 0.342291 0.042445 0.009446 0.023931 0.060958 4.493617 7.1e-06 5.148611 8.144022 0.043127 0.631632 4 10969 ++++
rs145192411 T A 0.017394 0.17397 0.038742 0.098037 0.249904 4.490524 7.21e-06 5.142314 0.815344 0.665197 0 3 9485 +++?
rs143053643 A G 0.015935 -0.193647 0.043129 -0.278179 -0.109114 -4.48996 7.22e-06 5.141165 0.586147 0.745967 0 3 9485 ---?
rs7519940 G C 0.153789 0.055512 0.012364 0.031278 0.079746 4.489682 7.23e-06 5.140599 2.290721 0.514301 0 4 10969 ++++
rs6438719 T C 0.038753 -0.100407 0.022388 -0.144287 -0.056527 -4.484902 7.4e-06 5.130877 1.96838 0.578995 0 4 10969 ----
rs12492591 G A 0.037868 -0.101152 0.022558 -0.145366 -0.056937 -4.48398 7.43e-06 5.129003 2.100341 0.551844 0 4 10969 ----
rs112422902 A G 0.028438 0.114998 0.025698 0.064629 0.165366 4.474932 7.75e-06 5.110628 19.793146 0.000187 0.848432 4 10969 ++++
rs10122577 T C 0.207911 0.049014 0.010967 0.027519 0.07051 4.469155 7.96e-06 5.098914 0.680621 0.877752 0 4 10969 ++++
rs11667241 C G 0.341814 -0.042149 0.009433 -0.060637 -0.023661 -4.468326 7.99e-06 5.097234 29.342309 1.9e-06 0.897759 4 10969 +---
rs34467796 G T 0.0672 0.077685 0.017405 0.043571 0.111798 4.463421 8.18e-06 5.087302 2.775259 0.427589 0 4 10969 ++++
rs2066026 A G 0.0672 0.077685 0.017405 0.043571 0.111798 4.463421 8.18e-06 5.087302 2.775259 0.427589 0 4 10969 ++++
rs4677948 A T 0.038715 -0.09987 0.022392 -0.143759 -0.055981 -4.459998 8.31e-06 5.080375 1.995758 0.573288 0 4 10969 ----
rs10982989 G T 0.209362 0.048799 0.010943 0.02735 0.070247 4.459352 8.34e-06 5.079068 0.591389 0.898401 0 4 10969 ++++
rs10410835 T C 0.452727 0.039366 0.008835 0.02205 0.056683 4.45576 8.48e-06 5.071807 33.652838 2.35e-07 0.910854 4 10969 ++++
rs12461065 T C 0.468175 -0.039572 0.008882 -0.056981 -0.022162 -4.455064 8.5e-06 5.070401 17.745387 0.000496 0.830942 4 10969 ----
rs58230490 T C 0.039043 -0.099338 0.02231 -0.143066 -0.055611 -4.452622 8.6e-06 5.065467 1.986461 0.575222 0 4 10969 ----
rs9554177 A G 0.382999 0.040657 0.009142 0.022739 0.058575 4.447331 8.81e-06 5.054787 4.624984 0.201409 0.351349 4 10969 ++++
rs72730860 T C 0.027584 -0.117866 0.026504 -0.169814 -0.065919 -4.447165 8.82e-06 5.054452 4.459161 0.215962 0.327228 4 10969 ----
rs10924498 G A 0.067154 0.077352 0.017417 0.043214 0.111489 4.44112 9.07e-06 5.042267 2.800809 0.423367 0 4 10969 ++++
rs112389065 T C 0.037758 0.117052 0.026361 0.065383 0.16872 4.440276 9.11e-06 5.040566 3.71265 0.156246 0.461301 3 9481 +++?
rs12742623 A G 0.066788 0.077455 0.017447 0.04326 0.11165 4.439559 9.14e-06 5.039121 3.024514 0.387861 0.008105 4 10969 ++++
rs567075 T C 0.311269 0.043031 0.009695 0.024029 0.062032 4.438656 9.18e-06 5.037302 10.334988 0.015923 0.709724 4 10969 ++++
rs75565404 G C 0.066604 0.077474 0.017465 0.043243 0.111706 4.435945 9.29e-06 5.031846 3.181482 0.364482 0.057043 4 10969 ++++
rs111163318 T C 0.039089 0.115739 0.026126 0.064532 0.166947 4.429998 9.55e-06 5.019883 3.776491 0.151337 0.470408 3 9485 +++?
rs2965113 C T 0.115085 0.060377 0.013631 0.033659 0.087094 4.429255 9.59e-06 5.018391 6.526674 0.088616 0.540348 4 10969 ++++
rs2967669 G A 0.115085 0.060377 0.013631 0.033659 0.087094 4.429255 9.59e-06 5.018391 6.526674 0.088616 0.540348 4 10969 ++++
rs10924485 C T 0.066857 0.077258 0.017444 0.043068 0.111448 4.428914 9.6e-06 5.017704 2.984665 0.393996 0 4 10969 ++++
rs7549378 T C 0.066793 0.077421 0.017481 0.043158 0.111685 4.428837 9.6e-06 5.017549 2.734713 0.43436 0 4 10962 ++++
rs7652858 T C 0.038216 -0.099573 0.022486 -0.143645 -0.055501 -4.428302 9.63e-06 5.016475 1.359374 0.715085 0 4 10967 ----
chr1:246134805:C:G G C 0.062287 0.080459 0.018179 0.044828 0.116091 4.425857 9.74e-06 5.011562 2.589974 0.45925 0 4 10969 ++++
rs12075850 C A 0.066887 0.07717 0.017446 0.042975 0.111365 4.423297 9.85e-06 5.006422 2.991053 0.393007 0 4 10963 ++++
rs12078763 G C 0.067557 0.076874 0.017384 0.042802 0.110946 4.422233 9.9e-06 5.004287 2.783007 0.426305 0 4 10969 ++++
rs12078766 A C 0.067557 0.076874 0.017384 0.042802 0.110946 4.422233 9.9e-06 5.004287 2.783007 0.426305 0 4 10969 ++++
