rs_number reference_allele other_allele eaf beta se beta_95L beta_95U z p-value -log10_p-value q_statistic q_p-value i2 n_studies n_samples effects
rs34095326 A G 0.147029 -0.209648 0.012574 -0.234293 -0.185003 -16.673392 2.3e-62 61.638299 156.153827 0 0.980788 4 13154 ----
rs10119 A G 0.340339 -0.14874 0.009154 -0.166682 -0.130797 -16.248125 2.58e-59 58.588094 185.324952 0 0.983812 4 13154 ----
rs75627662 T C 0.230925 -0.168252 0.01043 -0.188695 -0.147809 -16.131114 1.73e-58 57.762572 175.475411 0 0.982904 4 13154 ----
rs157594 T G 0.365394 0.103269 0.009986 0.083697 0.122841 10.3415 4.91e-25 24.309044 62.372903 2.85e-14 0.967935 3 11658 +++?
rs484195 A G 0.365403 0.103167 0.009987 0.083593 0.122741 10.330477 5.51e-25 24.259149 60.37289 7.76e-14 0.966873 3 11658 +++?
rs157595 A G 0.365162 0.103099 0.009983 0.083532 0.122666 10.32742 5.68e-25 24.245321 62.061011 3.34e-14 0.967774 3 11658 +++?
rs147711004 A G 0.042912 -0.226943 0.022915 -0.271857 -0.182029 -9.903513 4.3e-23 22.366858 40.067736 1.03e-08 0.925127 4 13154 ----
rs12691088 A G 0.027481 -0.279658 0.028724 -0.335958 -0.223358 -9.735916 2.26e-22 21.645517 29.095555 2.14e-06 0.896891 4 13154 ----
rs1038026 G A 0.40692 0.084576 0.008736 0.067453 0.101698 9.681203 3.87e-22 21.412645 73.291485 8.88e-16 0.959068 4 13154 ++++
rs741780 C T 0.406811 0.084439 0.008731 0.067326 0.101552 9.670897 4.28e-22 21.368925 74.231858 5.55e-16 0.959586 4 13154 ++++
rs760136 G A 0.406742 0.084405 0.008731 0.067292 0.101518 9.667016 4.44e-22 21.352474 74.142767 5.55e-16 0.959538 4 13154 ++++
rs1038025 C T 0.406734 0.084506 0.008742 0.067372 0.101639 9.666932 4.45e-22 21.352118 74.098567 5.55e-16 0.959513 4 13154 ++++
rs1160985 T C 0.406674 0.08427 0.008731 0.067156 0.101383 9.651494 5.17e-22 21.286738 73.786988 6.66e-16 0.959342 4 13153 ++++
rs7259620 A G 0.403503 0.083803 0.00873 0.066692 0.100914 9.599103 8.6e-22 21.065626 74.490849 4.44e-16 0.959727 4 13153 ++++
rs3826688 T C 0.345542 0.095258 0.010156 0.075352 0.115165 9.379128 7.08e-21 20.150131 51.268804 7.36e-12 0.96099 3 11658 +++?
rs10414043 A G 0.131029 -0.148778 0.016044 -0.180225 -0.117332 -9.27303 1.92e-20 19.716007 59.560283 1.17e-13 0.966421 3 4107 --?-
rs7256200 T G 0.131029 -0.148778 0.016044 -0.180225 -0.117332 -9.27303 1.92e-20 19.716007 59.560283 1.17e-13 0.966421 3 4107 --?-
rs584007 A G 0.344338 0.093278 0.010167 0.07335 0.113205 9.174495 4.82e-20 19.317161 52.598679 3.79e-12 0.961976 3 11652 +++?
rs429358 C T 0.158613 -0.134697 0.014747 -0.163601 -0.105792 -9.13384 7.02e-20 19.153815 64.1674 1.17e-14 0.968832 3 4101 --?-
rs769449 A G 0.128768 -0.146376 0.016145 -0.17802 -0.114731 -9.066272 1.31e-19 18.883906 59.279419 1.34e-13 0.966261 3 4107 --?-
rs3925681 A G 0.382347 0.088576 0.009882 0.069206 0.107945 8.962983 3.35e-19 18.475097 56.152893 6.41e-13 0.964383 3 11658 +++?
rs440446 C G 0.340145 0.080355 0.009006 0.062702 0.098007 8.921996 4.85e-19 18.314147 71.019191 2.55e-15 0.957758 4 13154 ++++
rs146275714 A G 0.026834 -0.258621 0.029006 -0.315474 -0.201769 -8.916072 5.12e-19 18.290944 31.706251 6.04e-07 0.905381 4 13154 ----
rs73052335 C A 0.139789 -0.137757 0.015566 -0.168265 -0.107248 -8.850069 9.26e-19 18.033439 54.851872 1.23e-12 0.963538 3 4107 --?-
rs41289512 G C 0.050706 -0.187024 0.021163 -0.228504 -0.145544 -8.837181 1.04e-18 17.983373 47.945575 2.19e-10 0.937429 4 13154 ----
rs1081105 C A 0.041204 -0.206552 0.023685 -0.252976 -0.160129 -8.720703 2.92e-18 17.534151 49.137857 1.22e-10 0.938947 4 13154 +---
rs4420638 G A 0.192086 -0.118392 0.013631 -0.145109 -0.091675 -8.685336 3.99e-18 17.398903 57.285563 3.64e-13 0.965087 3 4100 --?-
rs112019714 C T 0.041398 -0.203635 0.023532 -0.249758 -0.157513 -8.653528 5.28e-18 17.277725 45.454957 7.41e-10 0.934001 4 13154 +---
rs12721051 G C 0.192335 -0.117908 0.013637 -0.144635 -0.09118 -8.64641 5.61e-18 17.250667 55.940146 7.12e-13 0.964248 3 4107 --?-
rs56131196 A G 0.191959 -0.117862 0.013651 -0.144617 -0.091106 -8.634058 6.26e-18 17.203764 53.865627 2.01e-12 0.962871 3 4102 --?-
rs6857 T C 0.182467 -0.117697 0.013881 -0.144903 -0.090491 -8.47917 2.39e-17 16.621183 46.826275 6.79e-11 0.957289 3 4107 --?-
rs12721046 A G 0.160097 -0.12474 0.014718 -0.153587 -0.095893 -8.475522 2.47e-17 16.607584 47.907413 3.95e-11 0.958253 3 4107 --?-
rs112849259 T C 0.039349 -0.20447 0.024131 -0.251767 -0.157172 -8.473221 2.52e-17 16.599011 40.758018 7.36e-09 0.926395 4 13150 +---
rs116881820 C T 0.039609 -0.203217 0.024071 -0.250396 -0.156038 -8.442424 3.28e-17 16.484479 39.662078 1.26e-08 0.924361 4 13154 +---
rs77301115 A G 0.039227 -0.203659 0.024139 -0.250972 -0.156346 -8.436775 3.44e-17 16.463517 40.133568 9.98e-09 0.92525 4 13153 +---
rs75687619 T G 0.039274 -0.203189 0.024115 -0.250455 -0.155923 -8.425734 3.78e-17 16.422579 41.052128 6.37e-09 0.926922 4 13151 +---
rs111789331 A T 0.161224 -0.123931 0.014717 -0.152775 -0.095087 -8.421209 3.93e-17 16.40582 47.088795 5.95e-11 0.957527 3 4107 --?-
rs79398853 T C 0.039321 -0.203039 0.024112 -0.250299 -0.155779 -8.420637 3.95e-17 16.403699 40.969735 6.64e-09 0.926775 4 13147 +---
rs115881343 T C 0.040887 -0.198601 0.02368 -0.245013 -0.152188 -8.386928 5.26e-17 16.27912 44.569791 1.14e-09 0.93269 4 13073 +---
rs114536010 T C 0.039306 -0.201995 0.024131 -0.249292 -0.154698 -8.370678 6.04e-17 16.219237 40.532167 8.22e-09 0.925985 4 13127 +---
rs66626994 A G 0.161295 -0.122488 0.014719 -0.151337 -0.09364 -8.32201 9.11e-17 16.040573 45.68019 1.2e-10 0.956217 3 4107 --?-
rs140480140 A G 0.041925 -0.192745 0.023352 -0.238515 -0.146975 -8.253917 1.61e-16 15.792296 42.595359 3e-09 0.92957 4 13154 +---
rs28399664 G C 0.025808 -0.242589 0.029723 -0.300846 -0.184332 -8.161656 3.47e-16 15.459074 27.655711 4.29e-06 0.891523 4 13154 ----
rs4803772 T C 0.310122 0.084632 0.010426 0.064196 0.105068 8.117087 5.02e-16 15.29941 46.779254 6.95e-11 0.957246 3 11658 +++?
rs12721056 T G 0.314207 0.083817 0.010395 0.063443 0.104192 8.063084 7.81e-16 15.107085 48.236191 3.35e-11 0.958537 3 11658 +++?
rs78959900 A G 0.312304 0.083785 0.010408 0.063385 0.104185 8.049991 8.7e-16 15.060646 45.261724 1.48e-10 0.955813 3 11613 +++?
rs188535946 A G 0.040142 -0.190417 0.023778 -0.237022 -0.143812 -8.008151 1.22e-15 14.912735 42.419937 3.27e-09 0.929279 4 13154 +---
rs12972156 G C 0.156576 -0.118143 0.01481 -0.14717 -0.089116 -7.977351 1.57e-15 14.80433 41.973527 7.68e-10 0.952351 3 4107 --?-
rs12972970 A G 0.156576 -0.118143 0.01481 -0.14717 -0.089116 -7.977351 1.57e-15 14.80433 41.973527 7.68e-10 0.952351 3 4107 --?-
rs148601586 G C 0.01621 -0.312573 0.039254 -0.389511 -0.235635 -7.962833 1.76e-15 14.753371 14.732712 0.000632 0.864248 3 11658 ---?
rs150966173 T C 0.040367 -0.188328 0.023815 -0.235006 -0.14165 -7.907838 2.75e-15 14.561163 41.193059 5.95e-09 0.927172 4 13079 +---
rs34342646 A G 0.159987 -0.115511 0.014727 -0.144376 -0.086646 -7.843444 4.59e-15 14.337746 38.144307 5.21e-09 0.947568 3 4107 --?-
rs11556505 T C 0.155819 -0.114376 0.014807 -0.143398 -0.085355 -7.724616 1.17e-14 13.930133 37.022549 9.13e-09 0.945979 3 4107 --?-
rs2075650 G A 0.156107 -0.114038 0.014804 -0.143053 -0.085022 -7.703138 1.39e-14 13.8571 36.933126 9.55e-09 0.945848 3 4106 --?-
rs769450 A G 0.372521 0.06812 0.008881 0.050714 0.085526 7.670562 1.79e-14 13.746711 63.373159 1.12e-13 0.952661 4 13154 ++++
rs34404554 G C 0.155819 -0.112966 0.014812 -0.141997 -0.083935 -7.626903 2.51e-14 13.599473 37.661047 6.64e-09 0.946895 3 4107 --?-
rs79701229 A G 0.017668 -0.290586 0.038241 -0.365538 -0.215633 -7.598793 3.13e-14 13.505105 10.941573 0.004208 0.817211 3 11658 ---?
rs71352238 C T 0.159395 -0.111888 0.014741 -0.140781 -0.082995 -7.590045 3.34e-14 13.475809 35.420021 2.04e-08 0.943535 3 4107 --?-
rs28399637 A G 0.330512 -0.07003 0.009239 -0.088138 -0.051921 -7.579767 3.62e-14 13.441426 43.106845 2.34e-09 0.930405 4 13146 ----
rs449647 T A 0.163524 0.086928 0.011545 0.0643 0.109555 7.52971 5.31e-14 13.274625 58.033013 1.55e-12 0.948305 4 13154 ++++
rs34878901 T C 0.370143 0.066746 0.008872 0.049357 0.084134 7.523357 5.58e-14 13.253532 53.492846 1.44e-11 0.943918 4 13154 ++++
rs7412 T C 0.064631 0.125219 0.016732 0.092424 0.158014 7.483715 7.55e-14 13.122303 49.498212 1.02e-10 0.939392 4 13136 ++++
rs4803770 G C 0.345161 0.067612 0.009048 0.049879 0.085346 7.472802 8.2e-14 13.086295 70.359724 3.55e-15 0.957362 4 13154 ++++
rs1305062 C G 0.369737 0.066144 0.008876 0.048746 0.083542 7.451705 9.62e-14 13.016828 53.146329 1.71e-11 0.943552 4 13154 ++++
rs8106922 G A 0.370302 0.065238 0.008877 0.047839 0.082637 7.349107 2.08e-13 12.681714 50.646266 5.82e-11 0.940766 4 13148 ++++
rs59325138 T C 0.367071 0.065595 0.008926 0.0481 0.08309 7.348681 2.09e-13 12.680334 69.349336 5.88e-15 0.956741 4 13154 ++++
rs2238681 T C 0.370721 0.065157 0.008884 0.047744 0.08257 7.334076 2.33e-13 12.632998 49.95857 8.15e-11 0.93995 4 13154 ++++
chr19:44909976:G:T T G 0.064692 0.122075 0.016697 0.089349 0.154801 7.311295 2.76e-13 12.559345 48.354911 1.79e-10 0.937959 4 13154 ++++
rs157590 C A 0.453249 0.06721 0.009671 0.048254 0.086165 6.949515 3.81e-12 11.419369 21.549549 2.09e-05 0.907191 3 11658 +++?
rs11668327 C G 0.162935 0.079181 0.011448 0.056743 0.101619 6.91655 4.81e-12 11.318271 55.449831 5.5e-12 0.945897 4 13154 ++++
rs4803763 C G 0.289752 -0.065773 0.009576 -0.084542 -0.047003 -6.8683 6.74e-12 11.171131 42.711533 2.83e-09 0.929761 4 13154 ----
rs12462573 A G 0.285971 -0.065363 0.009599 -0.084177 -0.046549 -6.809367 1.02e-11 10.99276 45.903151 5.95e-10 0.934645 4 13154 ----
rs4803764 C T 0.285566 -0.064757 0.009609 -0.083591 -0.045922 -6.738928 1.65e-11 10.781503 44.259163 1.33e-09 0.932217 4 13154 ----
rs56317818 T C 0.286172 -0.064519 0.009598 -0.083331 -0.045707 -6.722272 1.85e-11 10.73186 45.734554 6.46e-10 0.934404 4 13154 ----
rs3745150 C G 0.373122 0.059465 0.008859 0.042101 0.076829 6.712287 1.99e-11 10.702153 33.122287 3.03e-07 0.909427 4 13154 ++++
rs7254133 T C 0.322385 -0.069479 0.010421 -0.089904 -0.049054 -6.667212 2.7e-11 10.568588 13.854833 0.000981 0.855646 3 11658 ---?
rs2972559 G C 0.291181 -0.062191 0.009551 -0.080911 -0.043471 -6.511368 7.7e-11 10.11345 42.246293 3.56e-09 0.928988 4 13154 ----
rs73050205 A T 0.286055 -0.06214 0.009591 -0.080938 -0.043341 -6.478789 9.56e-11 10.019611 43.026235 2.43e-09 0.930275 4 13154 ----
rs283811 G A 0.22777 -0.082369 0.012728 -0.107316 -0.057423 -6.471586 1e-10 9.998926 39.876877 2.19e-09 0.949846 3 4107 --?-
rs483082 T G 0.232884 -0.081685 0.012654 -0.106486 -0.056883 -6.455304 1.12e-10 9.952246 54.42265 1.52e-12 0.963251 3 4107 --?-
rs5117 C T 0.231559 -0.081156 0.012677 -0.106002 -0.05631 -6.401966 1.58e-10 9.800118 56.003878 6.9e-13 0.964288 3 4107 --?-
rs73052307 C T 0.128006 0.08035 0.012578 0.055696 0.105003 6.387946 1.74e-10 9.760332 44.370459 1.26e-09 0.932387 4 13147 ++++
rs157582 T C 0.226693 -0.080983 0.012743 -0.10596 -0.056005 -6.354858 2.15e-10 9.666764 36.57192 1.14e-08 0.945313 3 4107 --?-
rs184017 G T 0.227154 -0.080423 0.012731 -0.105376 -0.055471 -6.317255 2.75e-10 9.560993 40.656903 1.48e-09 0.950808 3 4107 --?-
rs438811 T C 0.232446 -0.07988 0.012661 -0.104696 -0.055064 -6.309087 2.9e-10 9.538098 52.831007 3.37e-12 0.962143 3 4107 --?-
chr19:44893408:G:T T G 0.216147 -0.08159 0.012941 -0.106955 -0.056225 -6.304685 2.98e-10 9.52577 45.049397 1.65e-10 0.955604 3 4106 --?-
rs2075649 G A 0.367915 0.056161 0.00891 0.038697 0.073624 6.303177 3.01e-10 9.521549 31.232041 7.6e-07 0.903945 4 13154 ++++
rs118170342 C T 0.054985 -0.140275 0.022339 -0.184059 -0.096492 -6.279498 3.5e-10 9.455394 39.444422 2.72e-09 0.949296 3 11658 +--?
rs71352239 T C 0.29576 0.065143 0.010508 0.044548 0.085738 6.199554 5.84e-10 9.233805 23.143608 9.43e-06 0.913583 3 11658 +++?
rs283815 G A 0.227433 -0.078698 0.012752 -0.103692 -0.053704 -6.171373 6.98e-10 9.156337 37.779979 6.25e-09 0.947062 3 4098 --?-
rs157588 T C 0.449146 0.053151 0.008623 0.036249 0.070053 6.163604 7.33e-10 9.135042 27.059824 5.72e-06 0.889135 4 13154 ++++
rs4802238 T C 0.330305 -0.056269 0.009133 -0.074169 -0.03837 -6.161377 7.43e-10 9.12894 37.615577 3.41e-08 0.920246 4 13154 +---
rs157581 C T 0.228154 -0.078376 0.012734 -0.103334 -0.053418 -6.155026 7.73e-10 9.111558 37.398603 7.57e-09 0.946522 3 4107 --?-
rs157585 C A 0.449177 0.052766 0.008631 0.03585 0.069682 6.113851 1e-09 8.999262 25.919803 9.91e-06 0.884258 4 13154 ++++
rs35396326 G C 0.302367 -0.057344 0.009431 -0.075828 -0.03886 -6.080639 1.23e-09 8.90921 38.680706 2.03e-08 0.922442 4 13154 ----
rs365653 G A 0.107839 0.08305 0.013661 0.056275 0.109825 6.079546 1.24e-09 8.906253 25.673057 1.12e-05 0.883146 4 13154 ++++
rs12459810 T C 0.299395 -0.055943 0.009417 -0.0744 -0.037485 -5.940555 2.92e-09 8.534521 19.756394 0.000191 0.84815 4 13151 ----
rs2927437 A G 0.195197 -0.064822 0.010944 -0.086273 -0.043371 -5.922829 3.25e-09 8.487702 16.924692 0.000732 0.822744 4 13154 ----
rs11668861 T G 0.445479 0.050786 0.008575 0.033978 0.067594 5.922291 3.26e-09 8.486282 21.333683 8.97e-05 0.859377 4 13152 ++++
rs60049679 C G 0.084922 -0.091575 0.01561 -0.122169 -0.06098 -5.866568 4.57e-09 8.339979 31.935582 5.4e-07 0.906061 4 13154 ----
rs528070791 G A 0.01741 -0.222955 0.038275 -0.297974 -0.147935 -5.825056 5.86e-09 8.231842 17.815716 0.000135 0.88774 3 11658 ---?
rs141622900 A G 0.043299 0.117518 0.020184 0.077959 0.157078 5.822474 5.95e-09 8.225141 31.145968 7.92e-07 0.903679 4 13153 ++++
rs406456 G A 0.415387 -0.049408 0.008661 -0.066383 -0.032432 -5.704626 1.2e-08 7.922251 21.951618 6.68e-05 0.863336 4 13154 ----
rs55923289 C T 0.135717 -0.07207 0.012729 -0.097019 -0.047122 -5.661899 1.54e-08 7.813887 20.280666 0.000148 0.852076 4 13153 ----
rs2927438 A G 0.223011 -0.058358 0.010417 -0.078776 -0.037939 -5.601886 2.17e-08 7.662983 12.688764 0.00536 0.76357 4 13015 ----
rs4803748 T C 0.384965 0.048996 0.008795 0.031758 0.066234 5.57105 2.59e-08 7.586038 16.220156 0.001022 0.815045 4 13154 ++++
rs190712692 A G 0.042671 0.124719 0.022674 0.080279 0.16916 5.500648 3.87e-08 7.411865 30.519101 2.36e-07 0.934467 3 11658 +++?
rs2927439 G A 0.331852 0.049659 0.009132 0.03176 0.067557 5.43797 5.51e-08 7.258562 11.59285 0.008916 0.74122 4 13152 ++++
rs8103315 A C 0.137384 -0.068436 0.012589 -0.093112 -0.043761 -5.436037 5.57e-08 7.253862 23.048579 3.95e-05 0.86984 4 13151 ----
rs35102195 T C 0.03592 -0.124823 0.023119 -0.170137 -0.079509 -5.399066 6.85e-08 7.16424 1.844252 0.605353 0 4 13154 ----
rs73048293 A G 0.327995 -0.049097 0.009175 -0.067079 -0.031114 -5.35121 8.93e-08 7.04909 33.956163 2.02e-07 0.911651 4 13147 +---
rs74579864 C G 0.328282 -0.049063 0.009169 -0.067034 -0.031093 -5.35117 8.93e-08 7.048994 32.562653 3.98e-07 0.90787 4 13154 +---
rs1160983 A G 0.026492 0.137616 0.025717 0.08721 0.188022 5.351066 8.94e-08 7.048746 19.519054 0.000214 0.846304 4 13154 ++++
rs7254892 A G 0.029496 0.131777 0.024667 0.08343 0.180124 5.342227 9.38e-08 7.027582 15.334511 0.001552 0.804363 4 13153 ++++
rs406315 G A 0.393866 -0.046583 0.008725 -0.063685 -0.029482 -5.338859 9.56e-08 7.019527 22.092867 6.24e-05 0.86421 4 13154 ----
rs3852861 T G 0.406149 0.045991 0.008629 0.029078 0.062904 5.329819 1e-07 6.997931 12.18085 0.006789 0.753712 4 13154 ++++
rs73048288 C G 0.327588 -0.048696 0.009174 -0.066677 -0.030716 -5.308236 1.13e-07 6.946508 33.04946 3.14e-07 0.909227 4 13154 +---
rs12459575 A G 0.327968 -0.048657 0.009172 -0.066634 -0.03068 -5.305062 1.15e-07 6.938963 33.043636 3.15e-07 0.909211 4 13154 +---
rs4803762 A G 0.330802 -0.048459 0.009139 -0.066371 -0.030546 -5.302317 1.17e-07 6.932441 33.982769 2e-07 0.91172 4 13154 +---
rs3852860 T C 0.406079 0.045761 0.008632 0.028843 0.062679 5.301521 1.17e-07 6.930549 11.855577 0.007895 0.746955 4 13154 ++++
rs3021439 A G 0.327753 -0.048556 0.009174 -0.066537 -0.030575 -5.292841 1.23e-07 6.909949 32.9616 3.28e-07 0.908985 4 13154 +---
rs2927480 C G 0.327726 -0.048383 0.009174 -0.066363 -0.030402 -5.274047 1.36e-07 6.865452 32.610361 3.89e-07 0.908005 4 13154 +---
rs283809 G A 0.039833 0.113859 0.021679 0.071368 0.15635 5.252059 1.54e-07 6.813583 9.443978 0.023935 0.682337 4 13154 ++++
rs283808 C A 0.039874 0.113323 0.021675 0.07084 0.155807 5.228274 1.75e-07 6.757704 9.24046 0.026259 0.675341 4 13154 ++++
rs111784051 G T 0.025991 0.151602 0.029169 0.094431 0.208773 5.197382 2.06e-07 6.685482 18.202842 0.000112 0.890127 3 11658 +++?
rs10412413 T C 0.35056 -0.04674 0.009002 -0.064384 -0.029096 -5.192157 2.12e-07 6.673308 30.648407 1.01e-06 0.902116 4 13154 +---
rs4803758 T G 0.350594 -0.046629 0.009 -0.06427 -0.028989 -5.180843 2.25e-07 6.646981 30.665601 1e-06 0.902171 4 13154 +---
rs10402271 G T 0.347005 -0.046583 0.009022 -0.064266 -0.028901 -5.163448 2.47e-07 6.606613 33.375384 2.68e-07 0.910113 4 13150 +---
rs2927434 T C 0.196741 -0.056101 0.010879 -0.077423 -0.034778 -5.156887 2.56e-07 6.59142 15.273682 0.001597 0.803584 4 13154 ----
rs157584 C T 0.455608 0.04439 0.008621 0.027493 0.061288 5.148988 2.67e-07 6.573152 19.054519 0.000266 0.842557 4 13154 ++++
rs10405693 T C 0.346571 -0.046399 0.009013 -0.064064 -0.028734 -5.148029 2.69e-07 6.570936 32.072613 5.05e-07 0.906462 4 13151 +---
rs10410835 T C 0.451324 0.043715 0.008495 0.027064 0.060365 5.145797 2.72e-07 6.565778 35.784374 8.32e-08 0.916165 4 13154 ++++
rs10402524 C T 0.347145 -0.046364 0.00902 -0.064042 -0.028685 -5.140271 2.8e-07 6.553023 33.060195 3.13e-07 0.909256 4 13154 +---
rs61679753 A T 0.026073 0.149576 0.029101 0.092538 0.206614 5.139876 2.8e-07 6.552111 18.533125 9.45e-05 0.892085 3 11658 +++?
rs7359852 C T 0.329036 -0.047126 0.00917 -0.065098 -0.029154 -5.139427 2.81e-07 6.551074 32.181495 4.79e-07 0.906779 4 13154 +---
rs58132661 T A 0.350671 -0.045978 0.008999 -0.063616 -0.028339 -5.108964 3.3e-07 6.480993 30.297031 1.2e-06 0.90098 4 13154 +---
rs58826447 A T 0.350671 -0.045978 0.008999 -0.063616 -0.028339 -5.108964 3.3e-07 6.480993 30.297031 1.2e-06 0.90098 4 13154 +---
rs58446550 A C 0.350671 -0.045978 0.008999 -0.063616 -0.028339 -5.108964 3.3e-07 6.480993 30.297031 1.2e-06 0.90098 4 13154 +---
rs10406338 C T 0.350365 -0.045862 0.008995 -0.063493 -0.028232 -5.098583 3.49e-07 6.457199 29.650816 1.63e-06 0.898822 4 13154 +---
rs2927468 A G 0.452746 0.043306 0.008496 0.026653 0.059959 5.096909 3.52e-07 6.453366 34.521651 1.54e-07 0.913098 4 13154 ++++
rs1359931 T C 0.285672 -0.057953 0.011376 -0.080249 -0.035656 -5.094381 3.57e-07 6.447581 1.88314 0.390015 0 3 4106 -+?-
rs11667241 C G 0.343259 -0.045927 0.009057 -0.063679 -0.028174 -5.070571 4.04e-07 6.393221 31.60231 6.35e-07 0.90507 4 13154 +---
rs7254776 C T 0.366135 0.044788 0.008928 0.027289 0.062287 5.016451 5.36e-07 6.270547 10.748924 0.013164 0.720902 4 13132 ++++
rs2199575 A G 0.316497 -0.046134 0.009277 -0.064317 -0.027951 -4.972892 6.72e-07 6.172705 38.819698 1.9e-08 0.92272 4 13154 +---
rs3966037 T C 0.038321 -0.106692 0.021592 -0.149012 -0.064372 -4.941346 7.9e-07 6.102344 1.895769 0.594319 0 4 13152 ----
rs4803761 G A 0.33539 -0.045002 0.009115 -0.062868 -0.027136 -4.936926 8.08e-07 6.092516 32.426826 4.25e-07 0.907484 4 13154 +---
rs4678071 A T 0.037782 -0.106591 0.021625 -0.148976 -0.064206 -4.929066 8.41e-07 6.075065 1.749301 0.626029 0 4 13154 ----
rs4678072 G A 0.037782 -0.106591 0.021625 -0.148976 -0.064206 -4.929066 8.41e-07 6.075065 1.749301 0.626029 0 4 13154 ----
rs9848154 G A 0.038394 -0.105891 0.021557 -0.148142 -0.06364 -4.912208 9.17e-07 6.037722 1.960557 0.580633 0 4 13154 ----
rs9810716 T C 0.038394 -0.105891 0.021557 -0.148142 -0.06364 -4.912208 9.17e-07 6.037722 1.960557 0.580633 0 4 13154 ----
rs9810742 T C 0.038394 -0.105891 0.021557 -0.148142 -0.06364 -4.912208 9.17e-07 6.037722 1.960557 0.580633 0 4 13154 ----
rs9810749 A C 0.038394 -0.105891 0.021557 -0.148142 -0.06364 -4.912208 9.17e-07 6.037722 1.960557 0.580633 0 4 13154 ----
rs28579343 G A 0.038394 -0.105891 0.021557 -0.148142 -0.06364 -4.912208 9.17e-07 6.037722 1.960557 0.580633 0 4 13154 ----
rs1155226 C T 0.087167 -0.089933 0.018308 -0.125816 -0.054049 -4.912267 9.17e-07 6.037853 0.02121 0.989451 0 3 4107 --?-
rs6438719 T C 0.038316 -0.105584 0.021549 -0.147819 -0.063349 -4.89983 9.76e-07 6.010379 1.957979 0.581174 0 4 13154 ----
rs12492591 G A 0.037405 -0.106214 0.021708 -0.148761 -0.063667 -4.892959 1.01e-06 5.995228 2.180088 0.535881 0 4 13154 ----
rs58230490 T C 0.038622 -0.104851 0.021484 -0.14696 -0.062743 -4.88045 1.08e-06 5.967697 2.01684 0.568919 0 4 13154 ----
rs4677948 A T 0.038275 -0.105138 0.021552 -0.14738 -0.062897 -4.878394 1.09e-06 5.963178 1.946877 0.583506 0 4 13154 ----
rs10512274 A G 0.160931 0.069632 0.014291 0.041622 0.097642 4.872487 1.12e-06 5.950206 1.689623 0.429638 0 3 4107 ++?+
rs12162222 T G 0.31684 -0.044878 0.009273 -0.063052 -0.026703 -4.839741 1.32e-06 5.878552 37.610647 3.42e-08 0.920235 4 13154 +---
rs9861533 C T 0.037744 -0.104689 0.021646 -0.147115 -0.062262 -4.836352 1.35e-06 5.871164 1.573998 0.6653 0 4 13154 ----
rs1801726 G C 0.037744 -0.104689 0.021646 -0.147115 -0.062262 -4.836352 1.35e-06 5.871164 1.573998 0.6653 0 4 13154 ----
rs7652858 T C 0.037749 -0.104577 0.021643 -0.146998 -0.062157 -4.83188 1.38e-06 5.861419 1.545445 0.671822 0 4 13152 ----
rs3828359 G C 0.03771 -0.104243 0.021651 -0.146678 -0.061807 -4.814685 1.5e-06 5.824031 1.54756 0.671338 0 4 13154 ----
rs7652243 G T 0.03771 -0.104243 0.021651 -0.146678 -0.061807 -4.814685 1.5e-06 5.824031 1.54756 0.671338 0 4 13154 ----
rs1553306 T C 0.03771 -0.104243 0.021651 -0.146678 -0.061807 -4.814685 1.5e-06 5.824031 1.54756 0.671338 0 4 13154 ----
rs7642186 A G 0.03771 -0.104243 0.021651 -0.146678 -0.061807 -4.814685 1.5e-06 5.824031 1.54756 0.671338 0 4 13154 ----
rs9877886 A G 0.03771 -0.104243 0.021651 -0.146678 -0.061807 -4.814685 1.5e-06 5.824031 1.54756 0.671338 0 4 13154 ----
rs9813387 A G 0.03771 -0.104243 0.021651 -0.146678 -0.061807 -4.814685 1.5e-06 5.824031 1.54756 0.671338 0 4 13154 ----
rs13089000 G C 0.037744 -0.103955 0.021646 -0.146382 -0.061528 -4.802462 1.59e-06 5.79753 1.531325 0.67506 0 4 13154 ----
rs1472620 C G 0.038236 -0.103499 0.021576 -0.145788 -0.061211 -4.797005 1.64e-06 5.785716 1.930083 0.587044 0 4 13154 ----
rs2134225 A C 0.037709 -0.103747 0.021652 -0.146185 -0.061308 -4.791446 1.68e-06 5.773697 1.155877 0.763605 0 4 13153 ----
rs10737945 T C 0.038316 -0.103112 0.021549 -0.145347 -0.060877 -4.785095 1.74e-06 5.759981 2.016475 0.568994 0 4 13154 ----
rs13317856 G A 0.039043 -0.102225 0.021389 -0.144147 -0.060303 -4.77939 1.79e-06 5.747674 2.302356 0.51207 0 4 13153 ----
rs28701767 T C 0.019682 -0.170275 0.035627 -0.240105 -0.100445 -4.779339 1.79e-06 5.747563 1.111557 0.573625 0 3 11658 -+-?
rs2927436 G A 0.326089 0.043907 0.009192 0.025891 0.061922 4.776788 1.81e-06 5.742066 11.116374 0.011113 0.730128 4 13154 ++++
rs4648828 A G 0.360403 -0.042765 0.008963 -0.060333 -0.025197 -4.771178 1.86e-06 5.729983 1.223309 0.74742 0 4 13154 ----
rs7110631 C G 0.302849 0.044379 0.009377 0.026 0.062757 4.732833 2.25e-06 5.647751 6.102873 0.106711 0.508428 4 13154 ++++
rs78734519 G A 0.038351 -0.101563 0.021466 -0.143636 -0.05949 -4.731423 2.27e-06 5.644739 3.387169 0.335693 0.114305 4 13154 ----
rs9985306 A G 0.03824 -0.101924 0.021557 -0.144175 -0.059673 -4.728182 2.3e-06 5.637818 1.991019 0.574273 0 4 13154 ----
rs113829713 G C 0.047059 -0.094663 0.02003 -0.133921 -0.055405 -4.726127 2.33e-06 5.633432 2.253253 0.521536 0 4 13154 ----
rs76260988 A C 0.030946 -0.116393 0.024628 -0.164664 -0.068122 -4.726028 2.33e-06 5.633222 0.052571 0.996844 0 4 13152 ----
rs4648830 G T 0.412914 -0.041205 0.008726 -0.058308 -0.024102 -4.722025 2.37e-06 5.624684 2.063066 0.559421 0 4 13154 ----
rs112422902 A G 0.028207 0.116756 0.024737 0.068272 0.165239 4.71998 2.4e-06 5.620325 17.091601 0.000677 0.824475 4 13154 ++++
rs11915578 T C 0.0382 -0.100701 0.021495 -0.142831 -0.05857 -4.684846 2.85e-06 5.545706 3.238866 0.356242 0.07375 4 13154 ----
rs73212759 T C 0.084043 -0.072936 0.015574 -0.103461 -0.042411 -4.683202 2.87e-06 5.542228 3.482859 0.322992 0.138639 4 13154 ----
rs4648829 T C 0.358927 -0.041879 0.008961 -0.059442 -0.024316 -4.673525 3.01e-06 5.521773 1.370341 0.712501 0 4 13154 ----
rs2927481 A C 0.347565 -0.042176 0.009027 -0.059868 -0.024483 -4.672257 3.03e-06 5.519096 31.011874 8.45e-07 0.903263 4 13154 +---
rs77663377 A G 0.047553 -0.09163 0.019625 -0.130096 -0.053165 -4.668958 3.08e-06 5.512133 0.594059 0.897791 0 4 13154 ----
rs143053643 A G 0.016128 -0.187943 0.040327 -0.266985 -0.108901 -4.660434 3.21e-06 5.494164 0.685997 0.709639 0 3 11658 ---?
rs9554178 T C 0.315839 0.042787 0.009181 0.024792 0.060782 4.660413 3.21e-06 5.494119 5.234518 0.155408 0.426881 4 13154 ++++
rs1847026 G T 0.03896 -0.099661 0.021391 -0.141587 -0.057735 -4.659042 3.23e-06 5.491233 2.42057 0.489817 0 4 13154 ----
rs34210718 A G 0.143079 0.056642 0.012181 0.032767 0.080516 4.65007 3.37e-06 5.472357 11.354017 0.009958 0.735776 4 13154 ++++
rs2129701 G A 0.398782 0.040743 0.008782 0.023531 0.057955 4.639628 3.54e-06 5.450431 2.469389 0.480849 0 4 13154 ++++
rs78565032 G C 0.02045 0.139514 0.030113 0.080492 0.198535 4.633005 3.66e-06 5.436548 2.300457 0.512433 0 4 13154 ++++
rs146375625 A G 0.039494 -0.098688 0.021353 -0.14054 -0.056836 -4.62174 3.86e-06 5.412977 3.59284 0.308919 0.165006 4 13154 ----
rs4247193 C T 0.037533 -0.101976 0.022065 -0.145223 -0.058728 -4.621558 3.87e-06 5.412596 0.573933 0.750537 0 3 12562 -?--
rs13285273 A G 0.14086 0.056493 0.012239 0.032504 0.080482 4.615694 3.98e-06 5.400347 11.405827 0.009722 0.736977 4 13138 ++++
rs203707 G A 0.259995 0.044834 0.009732 0.025759 0.063909 4.606798 4.15e-06 5.381794 0.466693 0.926146 0 4 13154 ++++
rs4264673 T A 0.038737 -0.099006 0.021496 -0.141138 -0.056875 -4.60586 4.17e-06 5.379839 3.490842 0.321952 0.140608 4 13154 ----
rs189163759 T C 0.038847 -0.098818 0.021473 -0.140905 -0.056731 -4.601991 4.25e-06 5.37178 3.468831 0.324827 0.135155 4 13154 ----
rs7434707 T C 0.034212 0.111196 0.024179 0.063806 0.158586 4.598908 4.31e-06 5.365364 0.782972 0.853535 0 4 13154 ++++
rs203709 A T 0.260605 0.044688 0.009729 0.025619 0.063758 4.593118 4.43e-06 5.353324 0.551556 0.907427 0 4 13154 ++++
rs9880915 A G 0.039429 -0.098002 0.021363 -0.139874 -0.05613 -4.587418 4.56e-06 5.341486 3.549884 0.31435 0.154902 4 13150 ----
rs41290120 A G 0.038569 0.098166 0.0214 0.056223 0.140109 4.587274 4.56e-06 5.341187 14.59307 0.0022 0.794423 4 13146 ++++
rs75813308 G A 0.038737 -0.098589 0.021496 -0.140721 -0.056458 -4.586464 4.58e-06 5.339506 3.448249 0.327536 0.129993 4 13154 ----
rs390952 A G 0.393147 -0.040135 0.008752 -0.05729 -0.022981 -4.585785 4.59e-06 5.338096 12.733767 0.005249 0.764406 4 13154 ----
rs9554177 A G 0.383315 0.040294 0.008789 0.023068 0.05752 4.584627 4.62e-06 5.335695 3.878019 0.274941 0.226409 4 13154 ++++
rs12330145 T A 0.039343 -0.097933 0.021379 -0.139837 -0.05603 -4.580736 4.7e-06 5.327626 3.549212 0.314435 0.154742 4 13154 ----
rs12974942 T A 0.435431 -0.039734 0.008684 -0.056754 -0.022714 -4.575641 4.82e-06 5.317068 17.784655 0.000487 0.831315 4 13154 ----
rs11927055 A G 0.03954 -0.097717 0.021362 -0.139587 -0.055847 -4.574313 4.85e-06 5.314318 3.640785 0.302956 0.176002 4 13126 ----
rs2279704 T C 0.371472 -0.040783 0.008919 -0.058264 -0.023303 -4.572844 4.88e-06 5.311278 0.594346 0.897725 0 4 13154 ----
rs13321435 A G 0.039453 -0.097627 0.021358 -0.139489 -0.055766 -4.571005 4.93e-06 5.307473 3.532113 0.316621 0.15065 4 13154 ----
rs77238533 C G 0.039453 -0.097627 0.021358 -0.139489 -0.055766 -4.571005 4.93e-06 5.307473 3.532113 0.316621 0.15065 4 13154 ----
rs11926972 A G 0.039453 -0.097627 0.021358 -0.139489 -0.055766 -4.571005 4.93e-06 5.307473 3.532113 0.316621 0.15065 4 13154 ----
rs9811434 A G 0.039453 -0.097627 0.021358 -0.139489 -0.055766 -4.571005 4.93e-06 5.307473 3.532113 0.316621 0.15065 4 13154 ----
rs9811343 T C 0.039453 -0.097627 0.021358 -0.139489 -0.055766 -4.571005 4.93e-06 5.307473 3.532113 0.316621 0.15065 4 13154 ----
rs12461065 T C 0.468732 -0.038939 0.008537 -0.055672 -0.022205 -4.560938 5.17e-06 5.286665 16.011218 0.001128 0.812631 4 13154 ----
rs10910055 C A 0.368231 -0.040715 0.008935 -0.058228 -0.023202 -4.556766 5.27e-06 5.278056 0.69542 0.874281 0 4 13154 ----
rs11929485 C A 0.038675 -0.09801 0.021524 -0.140198 -0.055822 -4.553422 5.36e-06 5.271158 3.55053 0.314267 0.155056 4 13134 ----
rs12430546 T G 0.330346 0.041616 0.00914 0.023701 0.059531 4.553037 5.37e-06 5.270365 5.789805 0.122297 0.481848 4 13154 ++++
rs566975 C A 0.342253 0.041309 0.009077 0.023519 0.0591 4.551154 5.41e-06 5.266485 5.340879 0.148472 0.438295 4 13154 ++++
rs7255066 C T 0.259979 0.044285 0.009743 0.025189 0.063381 4.545452 5.56e-06 5.254741 0.503868 0.918041 0 4 13143 ++++
rs10910059 C G 0.367573 -0.040595 0.008936 -0.058109 -0.023081 -4.543053 5.63e-06 5.249804 0.793821 0.850944 0 4 13154 ----
rs2730316 T C 0.197377 -0.048375 0.010657 -0.069262 -0.027487 -4.539328 5.73e-06 5.242144 1.42429 0.699851 0 4 13154 ----
rs77357300 C T 0.038275 -0.097883 0.021573 -0.140167 -0.055599 -4.537206 5.78e-06 5.237782 2.96872 0.396473 0 4 13154 ----
rs16919721 G A 0.138461 0.055869 0.01232 0.031723 0.080016 4.534965 5.85e-06 5.233179 10.912666 0.012208 0.72509 4 13154 ++++
rs11130655 C G 0.264046 -0.043829 0.009666 -0.062774 -0.024885 -4.534511 5.86e-06 5.232247 2.190075 0.533906 0 4 13154 -+--
rs13378918 G A 0.337328 0.041 0.009048 0.023265 0.058734 4.531275 5.95e-06 5.225603 5.13151 0.162417 0.415377 4 13142 ++++
rs497816 C T 0.345053 0.041055 0.009071 0.023277 0.058834 4.526197 6.09e-06 5.215186 4.908791 0.178599 0.388852 4 13154 ++++
rs8111946 C T 0.259491 0.044065 0.009739 0.024977 0.063153 4.524675 6.14e-06 5.212067 0.46031 0.92752 0 4 13154 ++++
rs11916927 G A 0.038661 -0.097248 0.021508 -0.139403 -0.055092 -4.521476 6.23e-06 5.205512 3.030994 0.386871 0.010226 4 13154 ----
rs79891728 A G 0.029799 -0.108974 0.024104 -0.156217 -0.06173 -4.521007 6.24e-06 5.204552 3.016422 0.3891 0.005444 4 13154 ----
rs2965113 C T 0.114576 0.059292 0.013122 0.033572 0.085012 4.518388 6.32e-06 5.19919 5.27471 0.152752 0.431248 4 13154 ++++
rs2967669 G A 0.114576 0.059292 0.013122 0.033572 0.085012 4.518388 6.32e-06 5.19919 5.27471 0.152752 0.431248 4 13154 ++++
rs2927477 C T 0.113134 0.059472 0.01317 0.03366 0.085285 4.515895 6.4e-06 5.194087 6.189477 0.102747 0.515306 4 13154 ++++
rs2965112 G A 0.114576 0.059247 0.013124 0.033523 0.08497 4.514317 6.44e-06 5.190859 5.740817 0.124924 0.477426 4 13154 ++++
rs4571912 T C 0.367019 -0.04034 0.008937 -0.057857 -0.022823 -4.513619 6.47e-06 5.189431 0.915994 0.821567 0 4 13154 ----
rs4648834 G A 0.367576 -0.04032 0.008935 -0.057832 -0.022807 -4.512587 6.5e-06 5.187322 0.762825 0.858337 0 4 13154 ----
rs10453826 A G 0.367437 -0.040327 0.008937 -0.057843 -0.022812 -4.512574 6.5e-06 5.187296 0.791598 0.851476 0 4 13154 ----
rs519961 T C 0.322028 0.041623 0.009229 0.023534 0.059712 4.509937 6.58e-06 5.181905 6.349946 0.095772 0.527555 4 13154 ++++
rs35922532 A G 0.062644 0.080842 0.017926 0.045706 0.115978 4.509661 6.59e-06 5.181341 4.416494 0.219861 0.320728 4 13154 ++++
rs117310449 T C 0.015871 -0.183939 0.040864 -0.264033 -0.103845 -4.50121 6.85e-06 5.164088 13.527717 0.001155 0.852155 3 11658 ---?
rs10910058 T A 0.367506 -0.040214 0.008935 -0.057726 -0.022702 -4.500867 6.86e-06 5.163387 0.774144 0.855641 0 4 13154 ----
rs56124786 A C 0.337346 0.040722 0.009048 0.022988 0.058456 4.500779 6.87e-06 5.163207 5.470689 0.140402 0.451623 4 13154 ++++
rs77330409 G C 0.131365 0.057134 0.012707 0.032228 0.08204 4.49625 7.01e-06 5.153976 0.444548 0.930894 0 4 13154 ++++
rs10410651 C T 0.259238 0.043754 0.009741 0.024661 0.062847 4.491596 7.17e-06 5.144496 0.510704 0.916533 0 4 13153 ++++
rs34496912 A G 0.147966 0.053977 0.012021 0.030415 0.077539 4.490028 7.22e-06 5.141304 11.885762 0.007785 0.747597 4 13154 ++-+
rs79106748 C T 0.038125 -0.096375 0.021467 -0.138451 -0.0543 -4.489468 7.24e-06 5.140164 3.125873 0.372622 0.040268 4 13154 ----
rs7260482 C A 0.259807 0.043661 0.009732 0.024587 0.062735 4.486437 7.35e-06 5.133999 0.48344 0.922514 0 4 13148 ++++
rs573167 G A 0.322246 0.041365 0.009225 0.023284 0.059446 4.48406 7.43e-06 5.129166 6.440443 0.092041 0.534194 4 13154 ++++
rs586274 T G 0.323749 0.041356 0.009224 0.023276 0.059436 4.483322 7.45e-06 5.127666 6.153029 0.104398 0.512435 4 13154 ++++
rs147901416 A C 0.165897 -0.052485 0.011717 -0.07545 -0.029521 -4.479508 7.59e-06 5.119916 4.392025 0.222126 0.316944 4 13154 ----
rs13294998 G A 0.140965 0.054796 0.012235 0.030816 0.078776 4.478691 7.62e-06 5.118258 11.746717 0.008303 0.744609 4 13154 ++++
rs13284030 C T 0.148002 0.053794 0.012019 0.030237 0.077351 4.475826 7.72e-06 5.112442 12.095204 0.007064 0.751968 4 13154 ++-+
rs10113967 A G 0.13139 0.056346 0.012592 0.031665 0.081027 4.474649 7.76e-06 5.110055 8.072921 0.044528 0.628387 4 13151 ++++
rs74947867 C T 0.020297 0.13564 0.030317 0.076219 0.195062 4.474068 7.78e-06 5.108877 2.337831 0.505312 0 4 13154 ++++
rs34470972 A G 0.107671 -0.069988 0.015645 -0.100652 -0.039324 -4.473581 7.8e-06 5.107887 0.812144 0.666262 0 3 11658 ---?
rs56011444 T G 0.138049 0.055117 0.012327 0.030955 0.079278 4.471063 7.89e-06 5.102781 11.127389 0.011057 0.730395 4 13154 ++++
rs526904 T C 0.34215 0.040583 0.009081 0.022784 0.058382 4.469002 7.97e-06 5.098605 5.511878 0.13793 0.455721 4 13154 ++++
rs60601235 C G 0.037443 -0.099593 0.022296 -0.143294 -0.055893 -4.46682 8.05e-06 5.094185 0.821632 0.844286 0 4 13154 ----
rs28609943 G C 0.214399 0.047253 0.010589 0.0265 0.068007 4.462634 8.21e-06 5.085708 0.952356 0.812778 0 4 13154 ++++
rs472486 A G 0.340147 0.040528 0.009085 0.022721 0.058335 4.460963 8.27e-06 5.082328 6.546353 0.087852 0.54173 4 13154 ++++
rs79429216 A G 0.016998 -0.172348 0.038741 -0.24828 -0.096416 -4.448761 8.76e-06 5.057672 7.24367 0.026734 0.723897 3 11591 ---?
rs187959060 G T 0.020182 0.134194 0.030168 0.075063 0.193324 4.448141 8.78e-06 5.056421 2.343451 0.504248 0 4 13154 ++++
rs59921990 T C 0.136498 0.055021 0.012373 0.030769 0.079273 4.446771 8.84e-06 5.053658 11.401129 0.009743 0.736868 4 13154 ++++
rs56896861 T C 0.136498 0.055021 0.012373 0.030769 0.079273 4.446771 8.84e-06 5.053658 11.401129 0.009743 0.736868 4 13154 ++++
rs113651594 G T 0.019266 -0.145859 0.032833 -0.210212 -0.081505 -4.442382 9.02e-06 5.044809 0.212125 0.899369 0 3 12562 -?--
rs8045530 T C 0.038433 -0.097897 0.022046 -0.141108 -0.054686 -4.440495 9.1e-06 5.041007 0.825274 0.843413 0 4 13154 ----
rs13252768 T C 0.077623 0.070878 0.015966 0.039585 0.102171 4.439403 9.15e-06 5.038808 1.01358 0.797966 0 4 13153 ++++
rs724301 C T 0.120006 -0.058907 0.013274 -0.084925 -0.03289 -4.437671 9.22e-06 5.03532 5.533966 0.136621 0.457893 4 13153 ----
rs13275047 A T 0.361177 0.039958 0.009005 0.022309 0.057608 4.437502 9.23e-06 5.03498 2.344453 0.504058 0 4 13154 ++++
rs12555844 A G 0.145833 0.053595 0.012081 0.029917 0.077274 4.436334 9.28e-06 5.032628 6.234444 0.100745 0.518802 4 13154 ++++
rs73656413 C G 0.150228 0.053006 0.011948 0.029587 0.076425 4.436248 9.28e-06 5.032454 9.317136 0.025358 0.678013 4 13154 ++++
rs2967668 G A 0.111246 0.058782 0.013252 0.032808 0.084757 4.435605 9.31e-06 5.03116 7.3966 0.060276 0.594408 4 13154 ++++
rs74381974 T A 0.029989 -0.106547 0.024025 -0.153637 -0.059458 -4.434826 9.34e-06 5.029593 2.783656 0.426197 0 4 13154 ----
rs1487743 T C 0.360851 0.039944 0.009009 0.022288 0.057601 4.434059 9.37e-06 5.028051 2.414687 0.490906 0 4 13148 ++++
rs2376866 T C 0.165779 -0.051948 0.011718 -0.074915 -0.02898 -4.43306 9.42e-06 5.02604 3.934276 0.268649 0.237471 4 13154 ----
rs567075 T C 0.310739 0.041222 0.009312 0.022971 0.059474 4.42685 9.69e-06 5.013558 7.16356 0.066863 0.581214 4 13154 ++++
rs13298966 G A 0.137446 0.054642 0.012344 0.030448 0.078835 4.426631 9.7e-06 5.013117 11.712562 0.008436 0.743865 4 13154 ++++
