rs_number reference_allele other_allele eaf beta se beta_95L beta_95U z p-value -log10_p-value q_statistic q_p-value i2 n_studies n_samples effects
rs113820112 C T 0.028432 0.060323 0.01124 0.038293 0.082354 5.3668 8.19e-08 7.086497 1.886221 0.389415 0 3 5399 +++
rs6523945 A G 0.196556 -0.028855 0.005673 -0.039973 -0.017737 -5.086782 3.71e-07 6.430206 1.245404 0.536493 0 3 5229 ---
rs4826963 T C 0.183506 -0.029605 0.005824 -0.041021 -0.01819 -5.083082 3.79e-07 6.421756 1.721725 0.422797 0 3 5229 ---
rs6616627 A G 0.177597 -0.031817 0.006262 -0.04409 -0.019544 -5.081235 3.82e-07 6.417539 0.480693 0.488109 0 2 4424 ?--
rs6622222 A G 0.182826 -0.02962 0.005833 -0.041052 -0.018188 -5.078308 3.88e-07 6.410858 1.522521 0.467077 0 3 5229 ---
rs2189242 C G 0.196191 -0.028763 0.005672 -0.03988 -0.017646 -5.071219 4.03e-07 6.394697 0.654249 0.720994 0 3 5229 ---
rs6616629 G A 0.180002 -0.031529 0.006232 -0.043743 -0.019314 -5.059288 4.29e-07 6.367543 0.465917 0.494871 0 2 4424 ?--
rs6652956 G A 0.196855 -0.028609 0.00567 -0.039722 -0.017497 -5.046104 4.6e-07 6.337609 0.640454 0.725984 0 3 5229 ---
rs41307409 T C 0.17409 -0.029907 0.005947 -0.041562 -0.018252 -5.029261 5.02e-07 6.299472 1.563941 0.457504 0 3 5229 ---
rs74397177 A C 0.030401 0.054754 0.010899 0.033393 0.076115 5.023923 5.16e-07 6.287411 1.742423 0.418444 0 3 5399 +++
rs1859170 G A 0.198279 -0.02842 0.005659 -0.039511 -0.01733 -5.022596 5.19e-07 6.284415 0.74578 0.688741 0 3 5229 ---
rs4826961 T A 0.198279 -0.02842 0.005659 -0.039511 -0.01733 -5.022596 5.19e-07 6.284415 0.74578 0.688741 0 3 5229 ---
rs929251 G T 0.198279 -0.02842 0.005659 -0.039511 -0.01733 -5.022596 5.19e-07 6.284415 0.74578 0.688741 0 3 5229 ---
rs714539 G A 0.198279 -0.02842 0.005659 -0.039511 -0.01733 -5.022596 5.19e-07 6.284415 0.74578 0.688741 0 3 5229 ---
rs56729616 A C 0.198202 -0.02842 0.005659 -0.039511 -0.01733 -5.022596 5.19e-07 6.284415 0.74578 0.688741 0 3 5229 ---
rs376802957 G A 0.177484 -0.029443 0.0059 -0.041007 -0.017879 -4.990537 6.13e-07 6.212243 1.413697 0.493196 0 3 5229 ---
rs6622213 G A 0.198727 -0.028227 0.005658 -0.039316 -0.017138 -4.989135 6.18e-07 6.209095 0.734291 0.692709 0 3 5229 ---
rs7181209 G A 0.012898 0.083507 0.016741 0.050695 0.116319 4.988231 6.21e-07 6.207069 0.034714 0.852197 0 2 4594 ?++
rs6622141 C T 0.175458 -0.029511 0.005925 -0.041125 -0.017898 -4.980601 6.46e-07 6.189962 1.709238 0.425445 0 3 5222 ---
rs6622178 G T 0.177252 -0.029376 0.005901 -0.040941 -0.017811 -4.978464 6.53e-07 6.185176 1.409791 0.49416 0 3 5229 ---
rs6523947 A G 0.185237 -0.028897 0.005815 -0.040295 -0.0175 -4.969311 6.84e-07 6.164696 1.803051 0.40595 0 3 5229 ---
rs6616626 G A 0.175257 -0.029431 0.005927 -0.041047 -0.017815 -4.965938 6.96e-07 6.157158 1.723792 0.422361 0 3 5229 ---
rs6622208 C G 0.175683 -0.029377 0.005922 -0.040984 -0.017771 -4.96109 7.14e-07 6.146331 1.583135 0.453134 0 3 5229 ---
rs6622177 A G 0.177329 -0.029267 0.005901 -0.040832 -0.017701 -4.959974 7.18e-07 6.143842 1.403562 0.495702 0 3 5229 ---
rs1285742 A C 0.188104 -0.028678 0.005797 -0.040039 -0.017317 -4.947388 7.66e-07 6.115787 0.645216 0.724258 0 3 5210 ---
rs5962822 T C 0.197738 -0.027887 0.005662 -0.038985 -0.016789 -4.925065 8.59e-07 6.066192 0.846188 0.655017 0 3 5229 ---
rs4826955 T C 0.186093 -0.028535 0.005798 -0.039899 -0.01717 -4.921436 8.75e-07 6.05815 0.594697 0.742785 0 3 5229 ---
rs7060186 T C 0.195371 -0.027891 0.005694 -0.039051 -0.016731 -4.898268 9.84e-07 6.006934 0.537883 0.764188 0 3 5229 ---
rs1859172 A G 0.197179 -0.027799 0.005676 -0.038924 -0.016673 -4.897338 9.89e-07 6.004881 0.641486 0.72561 0 3 5229 ---
rs5962780 T C 0.189748 -0.028147 0.00575 -0.039418 -0.016876 -4.894733 1e-06 5.999138 0.26705 0.875006 0 3 5229 ---
rs1885643 T A 0.186635 -0.02831 0.005793 -0.039665 -0.016955 -4.886521 1.04e-06 5.98105 0.583374 0.747002 0 3 5229 ---
rs5962810 A G 0.186603 -0.028156 0.005789 -0.039503 -0.016809 -4.863369 1.17e-06 5.930208 0.607496 0.738047 0 3 5229 ---
rs6544443 G A 0.377884 -0.018122 0.003729 -0.02543 -0.010813 -4.860039 1.19e-06 5.922915 0.905961 0.635731 0 3 5399 ---
rs6616638 A C 0.186866 -0.028134 0.005791 -0.039485 -0.016784 -4.858177 1.21e-06 5.918838 0.574962 0.750151 0 3 5228 ---
rs12559122 G A 0.19605 -0.027652 0.005694 -0.038813 -0.016491 -4.85588 1.22e-06 5.913811 0.61808 0.734152 0 3 5228 ---
rs5962799 T C 0.189657 -0.027921 0.005753 -0.039197 -0.016644 -4.852788 1.24e-06 5.907047 0.36323 0.833922 0 3 5229 ---
rs6418251 A C 0.196515 -0.027594 0.00569 -0.038746 -0.016442 -4.849651 1.26e-06 5.900189 0.615982 0.734922 0 3 5229 ---
rs5962811 A G 0.186913 -0.028039 0.005789 -0.039385 -0.016693 -4.843788 1.3e-06 5.887384 0.601675 0.740198 0 3 5229 ---
rs6622193 A G 0.187067 -0.028039 0.005789 -0.039385 -0.016693 -4.843788 1.3e-06 5.887384 0.601675 0.740198 0 3 5229 ---
rs6622194 T C 0.18699 -0.028039 0.005789 -0.039385 -0.016693 -4.843788 1.3e-06 5.887384 0.601675 0.740198 0 3 5229 ---
rs4494037 T C 0.187956 -0.027943 0.005775 -0.039261 -0.016624 -4.83874 1.33e-06 5.876369 0.689124 0.708531 0 3 5229 ---
rs6622185 C T 0.186789 -0.027993 0.005785 -0.039332 -0.016655 -4.838979 1.33e-06 5.87689 0.568436 0.752602 0 3 5229 ---
rs5962377 T C 0.188111 -0.027903 0.005768 -0.039208 -0.016598 -4.837647 1.34e-06 5.873986 0.686868 0.70933 0 3 5229 ---
rs6622188 A G 0.186712 -0.028017 0.005792 -0.039369 -0.016665 -4.837235 1.34e-06 5.873088 0.569536 0.752189 0 3 5229 ---
rs6622216 G T 0.19687 -0.027443 0.005676 -0.038568 -0.016318 -4.834932 1.35e-06 5.868067 0.654076 0.721056 0 3 5229 ---
rs72618353 T A 0.186712 -0.02799 0.00579 -0.039339 -0.016641 -4.833943 1.36e-06 5.865914 0.639501 0.72633 0 3 5229 ---
rs5962390 G C 0.18648 -0.027951 0.005786 -0.039291 -0.016611 -4.831054 1.38e-06 5.859621 0.566546 0.753314 0 3 5229 ---
rs2343825 C T 0.196437 -0.027451 0.00569 -0.038603 -0.016299 -4.824528 1.43e-06 5.845418 0.611013 0.73675 0 3 5229 ---
rs5962389 G A 0.187021 -0.027909 0.005787 -0.039252 -0.016566 -4.822459 1.44e-06 5.840919 0.564671 0.754021 0 3 5229 ---
rs5962388 C T 0.187099 -0.027876 0.005784 -0.039213 -0.016539 -4.819356 1.46e-06 5.834175 0.56321 0.754572 0 3 5229 ---
rs201229980 C G 0.195603 -0.027437 0.005692 -0.038594 -0.01628 -4.819879 1.46e-06 5.835312 0.525674 0.768867 0 3 5229 ---
rs2007376 A G 0.195741 -0.027442 0.005694 -0.038601 -0.016282 -4.819655 1.46e-06 5.834824 0.610715 0.73686 0 3 5229 ---
rs6622146 C T 0.187923 -0.027837 0.005776 -0.039159 -0.016516 -4.819322 1.47e-06 5.834101 0.559828 0.755849 0 3 5224 ---
rs6622156 G A 0.187879 -0.02781 0.005771 -0.039121 -0.016499 -4.818963 1.47e-06 5.833321 0.681817 0.711124 0 3 5229 ---
rs5962788 G A 0.187895 -0.027817 0.005772 -0.03913 -0.016504 -4.819326 1.47e-06 5.834109 0.589676 0.744652 0 3 5229 ---
rs6523946 A G 0.197041 -0.027353 0.005677 -0.03848 -0.016226 -4.818333 1.47e-06 5.831951 0.604075 0.73931 0 3 5228 ---
rs5962823 C T 0.197256 -0.027334 0.005675 -0.038457 -0.01621 -4.816375 1.49e-06 5.8277 0.649898 0.722564 0 3 5229 ---
rs4826944 C T 0.188652 -0.027722 0.005757 -0.039006 -0.016438 -4.815247 1.5e-06 5.82525 0.677004 0.712837 0 3 5229 ---
rs6616633 T C 0.189979 -0.027688 0.005751 -0.03896 -0.016416 -4.81451 1.5e-06 5.82365 0.570655 0.751768 0 3 5227 ---
rs7886175 A G 0.188729 -0.027721 0.00576 -0.039011 -0.016431 -4.812522 1.52e-06 5.819336 0.676979 0.712846 0 3 5229 ---
rs6523915 G T 0.187724 -0.027784 0.005773 -0.0391 -0.016469 -4.812575 1.52e-06 5.819452 0.680445 0.711612 0 3 5229 ---
rs6622142 C G 0.187724 -0.027784 0.005773 -0.0391 -0.016469 -4.812575 1.52e-06 5.819452 0.680445 0.711612 0 3 5229 ---
rs6616625 A C 0.187724 -0.027784 0.005773 -0.0391 -0.016469 -4.812575 1.52e-06 5.819452 0.680445 0.711612 0 3 5229 ---
rs6622151 G C 0.187724 -0.027784 0.005773 -0.0391 -0.016469 -4.812575 1.52e-06 5.819452 0.680445 0.711612 0 3 5229 ---
rs6523920 A C 0.187724 -0.027784 0.005773 -0.0391 -0.016469 -4.812575 1.52e-06 5.819452 0.680445 0.711612 0 3 5229 ---
rs6523953 A G 0.196047 -0.027408 0.005695 -0.03857 -0.016245 -4.812395 1.52e-06 5.81906 0.60958 0.737278 0 3 5225 ---
rs6622138 C T 0.187879 -0.027776 0.005773 -0.039091 -0.01646 -4.811126 1.53e-06 5.816308 0.679996 0.711772 0 3 5229 ---
rs5962803 C A 0.18867 -0.02771 0.005764 -0.039007 -0.016413 -4.807683 1.55e-06 5.808841 0.509912 0.774951 0 3 5229 ---
rs7996092 T C 0.132773 0.025467 0.005299 0.015081 0.035852 4.806184 1.56e-06 5.805592 1.25864 0.532954 0 3 5399 +++
rs6622176 C T 0.189641 -0.027665 0.005755 -0.038944 -0.016386 -4.807369 1.56e-06 5.808161 0.492782 0.781616 0 3 5229 ---
rs2298179 T G 0.188206 -0.027718 0.005766 -0.039019 -0.016416 -4.807101 1.56e-06 5.807581 0.510306 0.774798 0 3 5229 ---
rs12557888 T C 0.188521 -0.027702 0.005763 -0.038997 -0.016407 -4.807133 1.56e-06 5.807649 0.667569 0.716208 0 3 5229 ---
rs6622210 C T 0.188443 -0.027702 0.005763 -0.038997 -0.016407 -4.807133 1.56e-06 5.807649 0.667569 0.716208 0 3 5229 ---
rs6622145 G T 0.19013 -0.029331 0.006104 -0.041294 -0.017368 -4.805516 1.57e-06 5.804145 0.125951 0.722667 0 2 4423 ?--
rs4826949 A G 0.187492 -0.027742 0.005774 -0.039059 -0.016425 -4.804652 1.58e-06 5.802273 0.678201 0.712411 0 3 5229 ---
rs1936015 C T 0.18702 -0.027784 0.005783 -0.039118 -0.01645 -4.804748 1.58e-06 5.802481 0.55922 0.756079 0 3 5228 ---
rs5962829 C A 0.196128 -0.027332 0.005694 -0.038492 -0.016173 -4.800461 1.61e-06 5.793196 0.607089 0.738197 0 3 5229 ---
rs5962395 T G 0.196051 -0.027332 0.005694 -0.038492 -0.016173 -4.800461 1.61e-06 5.793196 0.607089 0.738197 0 3 5229 ---
rs5962396 T C 0.196051 -0.027332 0.005694 -0.038492 -0.016173 -4.800461 1.61e-06 5.793196 0.607089 0.738197 0 3 5229 ---
rs6523954 G T 0.196051 -0.027332 0.005694 -0.038492 -0.016173 -4.800461 1.61e-06 5.793196 0.607089 0.738197 0 3 5229 ---
rs5962787 G A 0.188265 -0.027693 0.00577 -0.039003 -0.016384 -4.799342 1.62e-06 5.790773 0.675573 0.713348 0 3 5229 ---
rs11092593 A G 0.197318 -0.02722 0.005674 -0.03834 -0.016099 -4.797564 1.63e-06 5.786926 0.713044 0.700107 0 3 5229 ---
rs1343212 T C 0.189712 -0.027604 0.005754 -0.038883 -0.016326 -4.797081 1.64e-06 5.785881 0.504394 0.777091 0 3 5225 ---
rs1999003 G C 0.188033 -0.027667 0.005772 -0.038981 -0.016353 -4.792964 1.67e-06 5.776978 0.674236 0.713825 0 3 5229 ---
rs6523917 T A 0.188033 -0.027667 0.005772 -0.038981 -0.016353 -4.792964 1.67e-06 5.776978 0.674236 0.713825 0 3 5229 ---
rs6622149 A G 0.188033 -0.027667 0.005772 -0.038981 -0.016353 -4.792964 1.67e-06 5.776978 0.674236 0.713825 0 3 5229 ---
rs6523918 C T 0.188033 -0.027667 0.005772 -0.038981 -0.016353 -4.792964 1.67e-06 5.776978 0.674236 0.713825 0 3 5229 ---
rs6616628 C G 0.188033 -0.027667 0.005772 -0.038981 -0.016353 -4.792964 1.67e-06 5.776978 0.674236 0.713825 0 3 5229 ---
rs5962381 T A 0.188033 -0.027667 0.005772 -0.038981 -0.016353 -4.792964 1.67e-06 5.776978 0.674236 0.713825 0 3 5229 ---
rs6622154 G A 0.188033 -0.027667 0.005772 -0.038981 -0.016353 -4.792964 1.67e-06 5.776978 0.674236 0.713825 0 3 5229 ---
rs1578820 G A 0.188033 -0.027667 0.005772 -0.038981 -0.016353 -4.792964 1.67e-06 5.776978 0.674236 0.713825 0 3 5229 ---
rs1578819 C T 0.187956 -0.027667 0.005772 -0.038981 -0.016353 -4.792964 1.67e-06 5.776978 0.674236 0.713825 0 3 5229 ---
rs12556407 A G 0.187918 -0.027658 0.00577 -0.038968 -0.016349 -4.793281 1.67e-06 5.777664 0.583754 0.746861 0 3 5229 ---
rs5962391 C T 0.187918 -0.027658 0.00577 -0.038968 -0.016349 -4.793281 1.67e-06 5.777664 0.583754 0.746861 0 3 5229 ---
rs6523940 C T 0.187918 -0.027658 0.00577 -0.038968 -0.016349 -4.793281 1.67e-06 5.777664 0.583754 0.746861 0 3 5229 ---
rs58958250 C T 0.187918 -0.027658 0.00577 -0.038968 -0.016349 -4.793281 1.67e-06 5.777664 0.583754 0.746861 0 3 5229 ---
rs5962820 A G 0.187918 -0.027658 0.00577 -0.038968 -0.016349 -4.793281 1.67e-06 5.777664 0.583754 0.746861 0 3 5229 ---
rs12011415 G A 0.190039 -0.029256 0.006104 -0.041219 -0.017293 -4.793261 1.67e-06 5.777619 0.128254 0.720249 0 2 4424 ?--
rs5962786 T G 0.190131 -0.029256 0.006104 -0.041219 -0.017293 -4.793261 1.67e-06 5.777619 0.128254 0.720249 0 2 4424 ?--
rs6622152 T C 0.188065 -0.027657 0.005773 -0.038971 -0.016342 -4.790761 1.69e-06 5.772216 0.668352 0.715928 0 3 5228 ---
rs2051094 A C 0.189719 -0.027549 0.005751 -0.03882 -0.016277 -4.790367 1.69e-06 5.771367 0.487258 0.783778 0 3 5229 ---
rs6544444 A G 0.373466 -0.017886 0.003734 -0.025204 -0.010567 -4.789973 1.7e-06 5.770514 1.094604 0.578509 0 3 5399 ---
rs6523923 C G 0.189719 -0.02754 0.005751 -0.038812 -0.016269 -4.788911 1.71e-06 5.76822 0.486868 0.783931 0 3 5229 ---
rs7883009 A G 0.189719 -0.02754 0.005751 -0.038812 -0.016269 -4.788911 1.71e-06 5.76822 0.486868 0.783931 0 3 5229 ---
rs5962793 A G 0.189719 -0.02754 0.005751 -0.038812 -0.016269 -4.788911 1.71e-06 5.76822 0.486868 0.783931 0 3 5229 ---
rs56027657 C G 0.189719 -0.02754 0.005751 -0.038812 -0.016269 -4.788911 1.71e-06 5.76822 0.486868 0.783931 0 3 5229 ---
rs5962801 A T 0.189719 -0.02754 0.005751 -0.038812 -0.016269 -4.788911 1.71e-06 5.76822 0.486868 0.783931 0 3 5229 ---
rs2275790 A C 0.189719 -0.02754 0.005751 -0.038812 -0.016269 -4.788911 1.71e-06 5.76822 0.486868 0.783931 0 3 5229 ---
rs7065510 G A 0.189719 -0.02754 0.005751 -0.038812 -0.016269 -4.788911 1.71e-06 5.76822 0.486868 0.783931 0 3 5229 ---
rs2107066 T C 0.187763 -0.027616 0.005771 -0.038927 -0.016305 -4.785341 1.74e-06 5.760512 0.581891 0.747556 0 3 5229 ---
rs4826965 G A 0.196067 -0.027253 0.005695 -0.038415 -0.01609 -4.785335 1.74e-06 5.760499 0.558548 0.756333 0 3 5229 ---
rs6622150 T G 0.189765 -0.029209 0.006104 -0.041174 -0.017245 -4.78492 1.74e-06 5.759603 0.129702 0.718741 0 2 4424 ?--
rs5962385 C T 0.189767 -0.027512 0.005752 -0.038785 -0.016239 -4.783499 1.75e-06 5.756536 0.505779 0.776554 0 3 5228 ---
rs1285744 G A 0.189898 -0.027512 0.005753 -0.038789 -0.016236 -4.781872 1.77e-06 5.753027 0.786781 0.674765 0 3 5229 ---
rs6523933 C T 0.189487 -0.027498 0.005752 -0.038771 -0.016225 -4.780957 1.77e-06 5.751053 0.484925 0.784693 0 3 5229 ---
rs6523952 A G 0.196437 -0.027223 0.005693 -0.038381 -0.016065 -4.781939 1.77e-06 5.753171 0.603604 0.739485 0 3 5229 ---
rs5916781 A G 0.196437 -0.027223 0.005693 -0.038381 -0.016065 -4.781939 1.77e-06 5.753171 0.603604 0.739485 0 3 5229 ---
rs5916782 A T 0.196437 -0.027223 0.005693 -0.038381 -0.016065 -4.781939 1.77e-06 5.753171 0.603604 0.739485 0 3 5229 ---
rs4826946 G C 0.188807 -0.027513 0.005756 -0.038796 -0.01623 -4.779554 1.79e-06 5.748029 0.666176 0.716707 0 3 5229 ---
rs2275789 G A 0.189177 -0.027481 0.005753 -0.038757 -0.016205 -4.776702 1.81e-06 5.741879 0.484146 0.784999 0 3 5229 ---
rs4563279 A G 0.377653 -0.017816 0.003731 -0.025128 -0.010504 -4.775541 1.82e-06 5.73938 1.007673 0.604208 0 3 5399 ---
rs6523935 T G 0.188923 -0.027543 0.005767 -0.038846 -0.01624 -4.776197 1.82e-06 5.740792 0.562128 0.75498 0 3 5227 ---
rs10185379 C A 0.380728 -0.017776 0.003724 -0.025075 -0.010477 -4.773303 1.84e-06 5.734558 1.017281 0.601312 0 3 5399 ---
rs67864005 T C 0.188305 -0.027541 0.005769 -0.038849 -0.016233 -4.773597 1.84e-06 5.735191 0.578605 0.748785 0 3 5229 ---
rs6523938 A T 0.188073 -0.027541 0.005769 -0.038849 -0.016233 -4.773597 1.84e-06 5.735191 0.578605 0.748785 0 3 5229 ---
rs2343180 A T 0.188305 -0.027541 0.005769 -0.038849 -0.016233 -4.773597 1.84e-06 5.735191 0.578605 0.748785 0 3 5229 ---
rs4826957 C G 0.18815 -0.027541 0.005769 -0.038849 -0.016233 -4.773597 1.84e-06 5.735191 0.578605 0.748785 0 3 5229 ---
rs2107065 T G 0.188305 -0.027541 0.005769 -0.038849 -0.016233 -4.773597 1.84e-06 5.735191 0.578605 0.748785 0 3 5229 ---
rs4826958 T C 0.188305 -0.027541 0.005769 -0.038849 -0.016233 -4.773597 1.84e-06 5.735191 0.578605 0.748785 0 3 5229 ---
rs6622207 A G 0.187796 -0.027551 0.005772 -0.038863 -0.016238 -4.773316 1.84e-06 5.734587 0.602555 0.739872 0 3 5227 ---
rs6622143 A G 0.190405 -0.029125 0.006103 -0.041086 -0.017164 -4.772491 1.85e-06 5.732811 0.132338 0.71602 0 2 4424 ?--
rs2014379 T C 0.190405 -0.029125 0.006103 -0.041086 -0.017164 -4.772491 1.85e-06 5.732811 0.132338 0.71602 0 2 4424 ?--
rs5962382 C T 0.190496 -0.029125 0.006103 -0.041086 -0.017164 -4.772491 1.85e-06 5.732811 0.132338 0.71602 0 2 4424 ?--
rs7049908 A T 0.190028 -0.027431 0.005751 -0.038703 -0.01616 -4.769979 1.87e-06 5.727402 0.48187 0.785893 0 3 5229 ---
rs5962792 G A 0.190028 -0.027431 0.005751 -0.038703 -0.01616 -4.769979 1.87e-06 5.727402 0.48187 0.785893 0 3 5229 ---
rs201549121 C T 0.190028 -0.027431 0.005751 -0.038703 -0.01616 -4.769979 1.87e-06 5.727402 0.48187 0.785893 0 3 5229 ---
rs6523928 G C 0.190028 -0.027431 0.005751 -0.038703 -0.01616 -4.769979 1.87e-06 5.727402 0.48187 0.785893 0 3 5229 ---
rs6622170 C T 0.190028 -0.027431 0.005751 -0.038703 -0.01616 -4.769979 1.87e-06 5.727402 0.48187 0.785893 0 3 5229 ---
rs5962795 T A 0.189951 -0.027431 0.005751 -0.038703 -0.01616 -4.769979 1.87e-06 5.727402 0.48187 0.785893 0 3 5229 ---
rs6622173 T C 0.190028 -0.027431 0.005751 -0.038703 -0.01616 -4.769979 1.87e-06 5.727402 0.48187 0.785893 0 3 5229 ---
rs5962802 T C 0.190028 -0.027431 0.005751 -0.038703 -0.01616 -4.769979 1.87e-06 5.727402 0.48187 0.785893 0 3 5229 ---
rs6622218 A T 0.19656 -0.027133 0.005688 -0.038282 -0.015985 -4.770272 1.87e-06 5.728033 0.72951 0.694367 0 3 5229 ---
rs6616621 T G 0.188265 -0.027445 0.005759 -0.038732 -0.016158 -4.765897 1.91e-06 5.718621 0.662801 0.717917 0 3 5229 ---
rs6622134 T C 0.188729 -0.027437 0.005759 -0.038725 -0.016148 -4.763771 1.93e-06 5.71405 0.66238 0.718069 0 3 5229 ---
rs5962376 T C 0.188729 -0.027437 0.005759 -0.038725 -0.016148 -4.763771 1.93e-06 5.71405 0.66238 0.718069 0 3 5229 ---
rs12712776 G A 0.381776 -0.017678 0.003711 -0.024952 -0.010404 -4.763232 1.94e-06 5.712892 0.946515 0.62297 0 3 5399 ---
rs5962785 A G 0.188049 -0.027502 0.005774 -0.038818 -0.016186 -4.763381 1.94e-06 5.713212 0.590018 0.744525 0 3 5224 ---
rs1564802 G A 0.18926 -0.027379 0.005757 -0.038663 -0.016095 -4.755504 2.01e-06 5.696295 0.669333 0.715577 0 3 5226 ---
rs4826956 T G 0.186873 -0.02755 0.005797 -0.038912 -0.016187 -4.752231 2.05e-06 5.689274 0.658564 0.71944 0 3 5215 ---
rs6622190 C T 0.187478 -0.027485 0.00579 -0.038834 -0.016136 -4.74684 2.1e-06 5.677718 0.660862 0.718614 0 3 5229 ---
rs6622195 C T 0.18767 -0.027472 0.005788 -0.038817 -0.016127 -4.746139 2.11e-06 5.676215 0.674662 0.713673 0 3 5229 ---
rs6622135 T C 0.188831 -0.027286 0.005751 -0.038557 -0.016014 -4.744676 2.12e-06 5.673082 0.576447 0.749594 0 3 5229 ---
rs7586603 T G 0.377878 -0.017695 0.00373 -0.025006 -0.010384 -4.74395 2.13e-06 5.671529 0.971487 0.61524 0 3 5399 ---
rs4826948 T G 0.188961 -0.02732 0.005759 -0.038607 -0.016033 -4.744085 2.13e-06 5.671816 0.656647 0.72013 0 3 5229 ---
rs933315 G A 0.196773 -0.026957 0.005686 -0.038101 -0.015813 -4.741251 2.16e-06 5.665751 0.722098 0.696945 0 3 5210 ---
rs11092589 T C 0.187377 -0.02745 0.005791 -0.0388 -0.016101 -4.740376 2.17e-06 5.663879 0.640462 0.725981 0 3 5229 ---
rs5962808 A C 0.187377 -0.02745 0.005791 -0.0388 -0.016101 -4.740376 2.17e-06 5.663879 0.640462 0.725981 0 3 5229 ---
rs61852644 A G 0.077461 -0.031983 0.006749 -0.045211 -0.018754 -4.738803 2.19e-06 5.660513 1.797229 0.407133 0 3 5399 ---
rs5962790 A G 0.192233 -0.028784 0.006079 -0.040698 -0.016869 -4.735117 2.23e-06 5.652632 0.088388 0.766237 0 2 4424 ?--
rs6523924 G T 0.192233 -0.028784 0.006079 -0.040698 -0.016869 -4.735117 2.23e-06 5.652632 0.088388 0.766237 0 2 4424 ?--
rs2189241 T G 0.188288 -0.027249 0.005764 -0.038547 -0.015951 -4.727195 2.31e-06 5.635711 0.644805 0.724407 0 3 5229 ---
rs6523944 A C 0.188563 -0.027273 0.00577 -0.038582 -0.015964 -4.726845 2.32e-06 5.634964 0.458328 0.795198 0 3 5226 ---
rs7391969 A G 0.196283 -0.026879 0.005691 -0.038034 -0.015724 -4.722715 2.37e-06 5.626155 0.593524 0.743221 0 3 5229 ---
rs5962394 G C 0.196283 -0.026879 0.005691 -0.038034 -0.015724 -4.722715 2.37e-06 5.626155 0.593524 0.743221 0 3 5229 ---
rs1152333 T A 0.188497 -0.027231 0.005772 -0.038545 -0.015917 -4.717416 2.43e-06 5.614862 0.653313 0.721331 0 3 5229 ---
rs1152326 C A 0.188636 -0.027215 0.005772 -0.038529 -0.015902 -4.714928 2.46e-06 5.609562 0.752256 0.686515 0 3 5229 ---
rs6523925 C T 0.192638 -0.028662 0.006079 -0.040577 -0.016747 -4.714753 2.46e-06 5.60919 0.091807 0.761892 0 2 4423 ?--
rs6622169 A G 0.19269 -0.028662 0.006079 -0.040576 -0.016748 -4.715105 2.46e-06 5.609941 0.091534 0.762237 0 2 4424 ?--
rs6622171 G A 0.192599 -0.028662 0.006079 -0.040576 -0.016748 -4.715105 2.46e-06 5.609941 0.091534 0.762237 0 2 4424 ?--
rs5962809 G A 0.187454 -0.027287 0.005789 -0.038634 -0.015941 -4.713679 2.47e-06 5.606904 0.823027 0.662647 0 3 5229 ---
rs1152327 G T 0.188901 -0.0272 0.005772 -0.038514 -0.015887 -4.712372 2.49e-06 5.604123 0.65566 0.720486 0 3 5226 ---
rs10466697 T C 0.02487 -0.052766 0.011204 -0.074725 -0.030807 -4.709766 2.52e-06 5.598579 1.568285 0.456511 0 3 5399 ---
rs7577992 T C 0.383186 -0.017461 0.003709 -0.024731 -0.010192 -4.707647 2.55e-06 5.594073 0.848247 0.654343 0 3 5399 ---
rs1298577 G A 0.190373 -0.027134 0.005764 -0.038432 -0.015836 -4.70719 2.55e-06 5.5931 0.556825 0.756985 0 3 5217 ---
rs12390148 C T 0.19269 -0.028596 0.006078 -0.040509 -0.016684 -4.705007 2.58e-06 5.588461 0.093252 0.760083 0 2 4423 ?--
rs2217363 C T 0.38524 -0.017511 0.003723 -0.024807 -0.010214 -4.70372 2.6e-06 5.585726 2.623976 0.269284 0.237798 3 5398 ---
rs1285600 C T 0.190538 -0.027061 0.005754 -0.038338 -0.015784 -4.703409 2.6e-06 5.585067 0.553099 0.758396 0 3 5229 ---
rs4826964 G T 0.196592 -0.02677 0.005691 -0.037925 -0.015614 -4.703511 2.6e-06 5.585283 0.590617 0.744302 0 3 5229 ---
rs141927667 A T 0.196592 -0.02677 0.005691 -0.037925 -0.015614 -4.703511 2.6e-06 5.585283 0.590617 0.744302 0 3 5229 ---
rs1682037 A G 0.191227 -0.028666 0.006099 -0.04062 -0.016712 -4.700078 2.64e-06 5.577993 0.147135 0.701288 0 2 4424 ?--
rs5962386 A C 0.189334 -0.027085 0.005763 -0.038382 -0.015789 -4.699552 2.65e-06 5.576876 0.57398 0.750519 0 3 5229 ---
rs5962807 A G 0.190467 -0.02869 0.006107 -0.04066 -0.016719 -4.697555 2.68e-06 5.572639 0.138757 0.70952 0 2 4424 ?--
rs1152328 T C 0.188713 -0.027106 0.005772 -0.03842 -0.015793 -4.696088 2.69e-06 5.569525 0.746223 0.688589 0 3 5229 ---
rs1152329 A G 0.188713 -0.027106 0.005772 -0.03842 -0.015793 -4.696088 2.69e-06 5.569525 0.746223 0.688589 0 3 5229 ---
rs1152330 A G 0.188713 -0.027106 0.005772 -0.03842 -0.015793 -4.696088 2.69e-06 5.569525 0.746223 0.688589 0 3 5229 ---
rs1152334 A G 0.188713 -0.027106 0.005772 -0.03842 -0.015793 -4.696088 2.69e-06 5.569525 0.746223 0.688589 0 3 5229 ---
rs1285544 C T 0.188713 -0.027106 0.005772 -0.03842 -0.015793 -4.696088 2.69e-06 5.569525 0.746223 0.688589 0 3 5229 ---
rs1152335 T C 0.188713 -0.027106 0.005772 -0.03842 -0.015793 -4.696088 2.69e-06 5.569525 0.746223 0.688589 0 3 5229 ---
rs6622147 T C 0.188713 -0.027106 0.005772 -0.03842 -0.015793 -4.696088 2.69e-06 5.569525 0.746223 0.688589 0 3 5229 ---
rs1285563 C T 0.188664 -0.027162 0.005784 -0.038498 -0.015826 -4.696304 2.69e-06 5.569985 0.686934 0.709307 0 3 5206 ---
rs9697828 T A 0.188713 -0.027106 0.005772 -0.03842 -0.015793 -4.696088 2.69e-06 5.569525 0.746223 0.688589 0 3 5229 ---
rs9697835 G C 0.188713 -0.027106 0.005772 -0.03842 -0.015793 -4.696088 2.69e-06 5.569525 0.746223 0.688589 0 3 5229 ---
rs4826953 T C 0.189257 -0.027059 0.005766 -0.038361 -0.015757 -4.692518 2.74e-06 5.561957 0.572679 0.751008 0 3 5229 ---
rs1285561 T C 0.191045 -0.028639 0.006103 -0.0406 -0.016678 -4.692815 2.74e-06 5.562587 0.148054 0.700402 0 2 4424 ?--
rs1285584 A C 0.191045 -0.028639 0.006103 -0.0406 -0.016678 -4.692815 2.74e-06 5.562587 0.148054 0.700402 0 2 4424 ?--
rs980099 C T 0.188635 -0.027081 0.005772 -0.038395 -0.015768 -4.69174 2.75e-06 5.560307 0.74485 0.689061 0 3 5228 ---
rs2023846 A C 0.196031 -0.026742 0.0057 -0.037914 -0.01557 -4.691648 2.75e-06 5.560112 0.498817 0.779261 0 3 5215 ---
rs5962804 G A 0.189566 -0.027027 0.005763 -0.038321 -0.015732 -4.690016 2.78e-06 5.556655 0.571015 0.751633 0 3 5229 ---
rs5962806 G T 0.189489 -0.027027 0.005763 -0.038321 -0.015732 -4.690016 2.78e-06 5.556655 0.571015 0.751633 0 3 5229 ---
rs4952485 T C 0.379042 -0.017474 0.003728 -0.024781 -0.010168 -4.68746 2.81e-06 5.551241 0.599392 0.741043 0 3 5399 ---
rs1285546 G C 0.190717 -0.026949 0.005749 -0.038218 -0.01568 -4.687227 2.81e-06 5.550748 0.588703 0.745015 0 3 5229 ---
rs5962805 G A 0.193075 -0.028456 0.006073 -0.040358 -0.016554 -4.686034 2.83e-06 5.548222 0.074883 0.784355 0 2 4423 ?--
rs4270392 T C 0.378827 -0.017455 0.00373 -0.024766 -0.010144 -4.679453 2.92e-06 5.534298 1.05082 0.591313 0 3 5399 ---
rs1285593 C G 0.191063 -0.026883 0.005747 -0.038147 -0.015619 -4.677922 2.94e-06 5.531062 0.493901 0.781179 0 3 5229 ---
rs35721281 G A 0.183486 0.021794 0.004661 0.012658 0.03093 4.675621 2.98e-06 5.526199 2.477653 0.289724 0.192784 3 5399 +++
rs6616639 A G 0.18883 -0.026975 0.005769 -0.038282 -0.015667 -4.675679 2.98e-06 5.526323 0.650202 0.722454 0 3 5229 ---
rs7061361 A C 0.188907 -0.026975 0.005769 -0.038282 -0.015667 -4.675679 2.98e-06 5.526323 0.650202 0.722454 0 3 5229 ---
rs57057885 T A 0.188907 -0.026975 0.005769 -0.038282 -0.015667 -4.675679 2.98e-06 5.526323 0.650202 0.722454 0 3 5229 ---
rs6622199 T A 0.18883 -0.026975 0.005769 -0.038282 -0.015667 -4.675679 2.98e-06 5.526323 0.650202 0.722454 0 3 5229 ---
rs2880558 G C 0.188907 -0.026975 0.005769 -0.038282 -0.015667 -4.675679 2.98e-06 5.526323 0.650202 0.722454 0 3 5229 ---
rs757182 T G 0.18883 -0.026975 0.005769 -0.038282 -0.015667 -4.675679 2.98e-06 5.526323 0.650202 0.722454 0 3 5229 ---
rs2189240 A C 0.188907 -0.026975 0.005769 -0.038282 -0.015667 -4.675679 2.98e-06 5.526323 0.650202 0.722454 0 3 5229 ---
rs67685317 G A 0.188907 -0.026975 0.005769 -0.038282 -0.015667 -4.675679 2.98e-06 5.526323 0.650202 0.722454 0 3 5229 ---
rs7883883 G T 0.190615 -0.02687 0.00575 -0.038139 -0.0156 -4.673235 3.01e-06 5.521161 0.543703 0.761967 0 3 5229 ---
rs59299869 G A 0.190615 -0.02687 0.00575 -0.038139 -0.0156 -4.673235 3.01e-06 5.521161 0.543703 0.761967 0 3 5229 ---
rs1285567 C T 0.190615 -0.02687 0.00575 -0.038139 -0.0156 -4.673235 3.01e-06 5.521161 0.543703 0.761967 0 3 5229 ---
rs1285586 C T 0.190615 -0.02687 0.00575 -0.038139 -0.0156 -4.673235 3.01e-06 5.521161 0.543703 0.761967 0 3 5229 ---
rs1285588 G A 0.190538 -0.02687 0.00575 -0.038139 -0.0156 -4.673235 3.01e-06 5.521161 0.543703 0.761967 0 3 5229 ---
rs982835 G C 0.190615 -0.02687 0.00575 -0.038139 -0.0156 -4.673235 3.01e-06 5.521161 0.543703 0.761967 0 3 5229 ---
rs1285591 C G 0.190615 -0.02687 0.00575 -0.038139 -0.0156 -4.673235 3.01e-06 5.521161 0.543703 0.761967 0 3 5229 ---
rs1285573 A G 0.190615 -0.02687 0.00575 -0.038139 -0.0156 -4.673235 3.01e-06 5.521161 0.543703 0.761967 0 3 5229 ---
rs1285572 G C 0.190615 -0.02687 0.00575 -0.038139 -0.0156 -4.673235 3.01e-06 5.521161 0.543703 0.761967 0 3 5229 ---
rs1285569 A G 0.190615 -0.02687 0.00575 -0.038139 -0.0156 -4.673235 3.01e-06 5.521161 0.543703 0.761967 0 3 5229 ---
rs1285568 A C 0.190615 -0.02687 0.00575 -0.038139 -0.0156 -4.673235 3.01e-06 5.521161 0.543703 0.761967 0 3 5229 ---
rs6622172 T G 0.190615 -0.02687 0.00575 -0.038139 -0.0156 -4.673235 3.01e-06 5.521161 0.543703 0.761967 0 3 5229 ---
rs1682052 T C 0.190615 -0.02687 0.00575 -0.038139 -0.0156 -4.673235 3.01e-06 5.521161 0.543703 0.761967 0 3 5229 ---
rs1296382 G A 0.190615 -0.02687 0.00575 -0.038139 -0.0156 -4.673235 3.01e-06 5.521161 0.543703 0.761967 0 3 5229 ---
rs4826952 A G 0.190615 -0.02687 0.00575 -0.038139 -0.0156 -4.673235 3.01e-06 5.521161 0.543703 0.761967 0 3 5229 ---
rs5962384 T A 0.190615 -0.02687 0.00575 -0.038139 -0.0156 -4.673235 3.01e-06 5.521161 0.543703 0.761967 0 3 5229 ---
rs6523931 A G 0.190615 -0.02687 0.00575 -0.038139 -0.0156 -4.673235 3.01e-06 5.521161 0.543703 0.761967 0 3 5229 ---
rs6523932 G C 0.190615 -0.02687 0.00575 -0.038139 -0.0156 -4.673235 3.01e-06 5.521161 0.543703 0.761967 0 3 5229 ---
rs6616634 G T 0.190615 -0.02687 0.00575 -0.038139 -0.0156 -4.673235 3.01e-06 5.521161 0.543703 0.761967 0 3 5229 ---
rs5962813 A T 0.18883 -0.026974 0.005772 -0.038287 -0.01566 -4.673049 3.01e-06 5.520768 0.650183 0.722461 0 3 5229 ---
rs1848379 T A 0.38303 -0.01732 0.003708 -0.024588 -0.010052 -4.670696 3.05e-06 5.515801 0.98107 0.612299 0 3 5399 ---
rs1954366 T C 0.188498 -0.02703 0.005787 -0.038373 -0.015687 -4.670703 3.05e-06 5.515814 0.468018 0.791355 0 3 5218 ---
rs3747402 G A 0.19269 -0.028391 0.00608 -0.040307 -0.016475 -4.669793 3.06e-06 5.513895 0.098747 0.753339 0 2 4424 ?--
rs5962817 C T 0.188609 -0.026957 0.005774 -0.038274 -0.015639 -4.668562 3.08e-06 5.511298 0.671112 0.71494 0 3 5226 ---
rs4826954 A G 0.192324 -0.028401 0.006087 -0.040332 -0.016471 -4.665971 3.12e-06 5.505834 0.098477 0.753664 0 2 4424 ?--
rs1682045 T A 0.189719 -0.026844 0.005755 -0.038124 -0.015563 -4.664194 3.15e-06 5.502087 0.732094 0.69347 0 3 5229 ---
rs1682040 A G 0.189719 -0.026844 0.005755 -0.038124 -0.015563 -4.664194 3.15e-06 5.502087 0.732094 0.69347 0 3 5229 ---
rs6523914 G A 0.189719 -0.026844 0.005755 -0.038124 -0.015563 -4.664194 3.15e-06 5.502087 0.732094 0.69347 0 3 5229 ---
rs1152323 C T 0.189719 -0.026844 0.005755 -0.038124 -0.015563 -4.664194 3.15e-06 5.502087 0.732094 0.69347 0 3 5229 ---
rs6616619 T G 0.186664 -0.026998 0.00579 -0.038345 -0.01565 -4.663127 3.16e-06 5.499839 0.70133 0.70422 0 3 5229 ---
rs7561570 G A 0.375433 -0.017417 0.003735 -0.024738 -0.010096 -4.66282 3.17e-06 5.49919 0.964871 0.617278 0 3 5397 ---
rs1285559 C G 0.18879 -0.026873 0.00577 -0.038182 -0.015564 -4.657481 3.25e-06 5.487945 0.733718 0.692907 0 3 5229 ---
rs1682036 A T 0.18879 -0.026865 0.00577 -0.038173 -0.015556 -4.656031 3.27e-06 5.484893 0.733283 0.693058 0 3 5229 ---
rs1954365 T C 0.189839 -0.026771 0.005753 -0.038047 -0.015495 -4.653327 3.32e-06 5.479206 0.417986 0.811401 0 3 5220 ---
rs650930 T C 0.356557 0.017817 0.003831 0.010308 0.025326 4.650746 3.36e-06 5.473778 1.443726 0.485846 0 3 5392 +++
rs5962794 T C 0.190555 -0.02675 0.005752 -0.038024 -0.015476 -4.650417 3.36e-06 5.473087 0.631973 0.729069 0 3 5223 ---
rs1752316 A G 0.189719 -0.026768 0.005758 -0.038053 -0.015483 -4.649124 3.39e-06 5.470369 0.728213 0.694817 0 3 5229 ---
rs6523912 C G 0.189719 -0.026768 0.005758 -0.038053 -0.015483 -4.649124 3.39e-06 5.470369 0.728213 0.694817 0 3 5229 ---
rs5962375 C T 0.189719 -0.026768 0.005758 -0.038053 -0.015483 -4.649124 3.39e-06 5.470369 0.728213 0.694817 0 3 5229 ---
rs1285554 A G 0.189719 -0.026768 0.005758 -0.038053 -0.015483 -4.649124 3.39e-06 5.470369 0.728213 0.694817 0 3 5229 ---
rs1152324 T G 0.18964 -0.026759 0.005758 -0.038046 -0.015473 -4.647013 3.42e-06 5.465932 0.727783 0.694967 0 3 5227 ---
rs1889179 T C 0.110254 0.026667 0.005742 0.015413 0.037921 4.644216 3.47e-06 5.46006 1.245239 0.536537 0 3 5399 +++
rs5962818 A T 0.18883 -0.02679 0.005769 -0.038098 -0.015483 -4.643691 3.48e-06 5.458958 0.641911 0.725455 0 3 5229 ---
rs2003052 C T 0.193147 -0.028175 0.006078 -0.040088 -0.016263 -4.635723 3.61e-06 5.442245 0.104668 0.746298 0 2 4424 ?--
rs1285566 A G 0.193147 -0.028175 0.006078 -0.040088 -0.016263 -4.635723 3.61e-06 5.442245 0.104668 0.746298 0 2 4424 ?--
rs1285579 C T 0.193239 -0.028175 0.006078 -0.040088 -0.016263 -4.635723 3.61e-06 5.442245 0.104668 0.746298 0 2 4424 ?--
rs1285575 A G 0.193147 -0.028175 0.006078 -0.040088 -0.016263 -4.635723 3.61e-06 5.442245 0.104668 0.746298 0 2 4424 ?--
rs1285574 A C 0.193147 -0.028175 0.006078 -0.040088 -0.016263 -4.635723 3.61e-06 5.442245 0.104668 0.746298 0 2 4424 ?--
rs1285570 A G 0.193147 -0.028175 0.006078 -0.040088 -0.016263 -4.635723 3.61e-06 5.442245 0.104668 0.746298 0 2 4424 ?--
rs9567799 G A 0.11276 0.026437 0.005703 0.015259 0.037616 4.635446 3.62e-06 5.441662 1.372813 0.503382 0 3 5381 +++
rs1984429 A T 0.380359 -0.017205 0.003718 -0.024492 -0.009917 -4.627253 3.76e-06 5.424507 0.906169 0.635665 0 3 5399 ---
rs4952486 G A 0.380659 -0.017175 0.003714 -0.024454 -0.009897 -4.625055 3.8e-06 5.419907 0.700295 0.704584 0 3 5399 ---
rs1285565 A G 0.190352 -0.026647 0.005765 -0.037946 -0.015348 -4.622337 3.85e-06 5.414224 0.445661 0.80025 0 3 5217 ---
rs34816485 T C 0.181917 0.021545 0.004668 0.012395 0.030694 4.615294 3.99e-06 5.399513 2.055451 0.35782 0.026977 3 5399 +++
rs1285590 G A 0.190489 -0.026555 0.005759 -0.037843 -0.015267 -4.610801 4.07e-06 5.390139 0.520071 0.771024 0 3 5222 ---
rs6712352 A C 0.382199 -0.017097 0.003711 -0.02437 -0.009823 -4.607062 4.15e-06 5.382344 0.839137 0.65733 0 3 5399 ---
rs113512906 C G 0.193848 -0.026116 0.00567 -0.037229 -0.015003 -4.606168 4.16e-06 5.38048 0.841862 0.656435 0 3 5229 ---
rs13073868 T G 0.453396 0.033756 0.007344 0.019362 0.048151 4.596473 4.36e-06 5.3603 1.162612 0.280925 0.139868 2 1353 +?+
rs115448102 C T 0.017509 0.063855 0.013911 0.03659 0.09112 4.590338 4.49e-06 5.347549 1.925131 0.381912 0 3 5399 +++
rs623343 T C 0.466027 0.017842 0.003892 0.010213 0.025472 4.583873 4.63e-06 5.33413 0.440693 0.506788 0 2 4851 ++?
rs9467446 A T 0.182456 0.021381 0.004666 0.012235 0.030527 4.581802 4.68e-06 5.329835 2.175482 0.336977 0.080663 3 5399 +++
rs7758541 G C 0.182381 0.021381 0.004666 0.012235 0.030527 4.581802 4.68e-06 5.329835 2.175482 0.336977 0.080663 3 5399 +++
rs16944793 A G 0.044312 0.041976 0.00917 0.024003 0.059948 4.577666 4.77e-06 5.321263 5.583272 0.061321 0.641787 3 5399 ++-
rs1006233 C T 0.044312 0.041976 0.00917 0.024003 0.059948 4.577666 4.77e-06 5.321263 5.583272 0.061321 0.641787 3 5399 ++-
rs1006234 G A 0.04432 0.041972 0.00917 0.023999 0.059946 4.576981 4.79e-06 5.319845 5.582465 0.061346 0.641735 3 5398 ++-
rs35528016 A T 0.182007 0.021356 0.004668 0.012207 0.030505 4.575253 4.83e-06 5.316265 1.861353 0.394287 0 3 5399 +++
rs10466716 G A 0.02376 -0.052538 0.011487 -0.075051 -0.030024 -4.573819 4.86e-06 5.313296 2.082005 0.3531 0.039388 3 5399 ---
rs2064207 C T 0.182655 0.021342 0.004668 0.012192 0.030492 4.57155 4.91e-06 5.3086 2.217493 0.329972 0.098081 3 5397 +++
rs1285576 A T 0.191275 -0.026203 0.005738 -0.037449 -0.014957 -4.566753 5.03e-06 5.298679 0.573888 0.750554 0 3 5229 ---
rs4597576 C T 0.381252 -0.016945 0.003715 -0.024227 -0.009663 -4.561135 5.16e-06 5.287073 1.067538 0.586391 0 3 5399 ---
rs56927735 T C 0.023281 -0.052801 0.011577 -0.075492 -0.03011 -4.560836 5.17e-06 5.286455 2.067233 0.355718 0.032523 3 5399 ---
rs117756740 A G 0.046434 0.039678 0.008716 0.022595 0.056761 4.552343 5.38e-06 5.268935 0.25428 0.88061 0 3 5399 +++
rs2324363 A G 0.453013 0.033372 0.007356 0.018954 0.04779 4.536582 5.8e-06 5.236502 1.058768 0.303496 0.055506 2 1352 +?+
rs75649298 T C 0.048615 0.039108 0.008626 0.022201 0.056015 4.533788 5.88e-06 5.230761 4.199331 0.122497 0.523734 3 5399 +++
rs610179 G T 0.468594 0.017694 0.003905 0.010041 0.025348 4.531263 5.95e-06 5.225578 0.604845 0.436736 0 2 4851 ++?
rs11760097 C A 0.187443 0.020886 0.004611 0.011848 0.029925 4.529209 6.01e-06 5.221363 1.950366 0.377123 0 3 5399 +++
rs35133360 A T 0.187443 0.020886 0.004611 0.011848 0.029925 4.529209 6.01e-06 5.221363 1.950366 0.377123 0 3 5399 +++
rs2064208 A C 0.187443 0.020886 0.004611 0.011848 0.029925 4.529209 6.01e-06 5.221363 1.950366 0.377123 0 3 5399 +++
rs34044829 G A 0.182546 0.021107 0.004666 0.011961 0.030253 4.523127 6.18e-06 5.208894 1.96639 0.374114 0 3 5399 +++
rs592363 C T 0.470628 0.01763 0.003901 0.009984 0.025275 4.519596 6.29e-06 5.201662 0.580214 0.446228 0 2 4851 ++?
rs58597163 G A 0.182081 0.021094 0.004668 0.011945 0.030243 4.519009 6.3e-06 5.20046 1.837136 0.39909 0 3 5399 +++
rs592331 G T 0.470528 0.017593 0.003897 0.009956 0.025231 4.515004 6.42e-06 5.192263 0.562581 0.453222 0 2 4851 ++?
rs4985349 A G 0.367155 -0.017003 0.003768 -0.024389 -0.009618 -4.512264 6.51e-06 5.186661 1.313392 0.518562 0 3 5399 ---
rs113133086 A G 0.041054 0.042861 0.009509 0.024223 0.0615 4.507279 6.66e-06 5.176475 5.698754 0.05788 0.649046 3 5399 ++-
rs623881 G A 0.469046 0.017485 0.003885 0.009871 0.025099 4.501125 6.86e-06 5.163914 0.480802 0.488059 0 2 4851 ++?
rs11752587 A G 0.21913 0.019741 0.004386 0.011144 0.028338 4.500616 6.87e-06 5.162876 1.704957 0.426357 0 3 5399 +++
rs141570560 A G 0.02891 0.06071 0.013514 0.034223 0.087197 4.492421 7.14e-06 5.146175 4.293228 0.116879 0.53415 3 5229 ++-
chr1:119467866:A:G A G 0.293354 -0.017873 0.003979 -0.025673 -0.010074 -4.491528 7.17e-06 5.144356 0.642475 0.725251 0 3 5399 ---
rs13085656 A T 0.451611 0.033073 0.007365 0.018638 0.047509 4.490648 7.2e-06 5.142565 1.110288 0.292019 0.099332 2 1353 +?+
rs114290327 A G 0.017034 0.063385 0.01413 0.035691 0.091079 4.485996 7.36e-06 5.133101 2.978934 0.225493 0.328619 3 5399 +++
rs4952471 C T 0.384466 -0.016615 0.00371 -0.023886 -0.009343 -4.478197 7.63e-06 5.117255 1.041924 0.593949 0 3 5399 ---
rs6729426 T C 0.382288 -0.01661 0.003712 -0.023886 -0.009335 -4.474619 7.76e-06 5.109994 0.774408 0.678952 0 3 5399 ---
chr17:11467670:G:C C G 0.045201 0.040301 0.00901 0.022641 0.05796 4.472939 7.82e-06 5.106585 5.396408 0.067326 0.629383 3 5399 ++-
rs28692522 T G 0.045201 0.040301 0.00901 0.022641 0.05796 4.472939 7.82e-06 5.106585 5.396408 0.067326 0.629383 3 5399 ++-
rs7210815 A G 0.045261 0.040301 0.00901 0.022641 0.05796 4.472939 7.82e-06 5.106585 5.396408 0.067326 0.629383 3 5399 ++-
rs184544708 T C 0.014445 0.067542 0.015118 0.037911 0.097174 4.467683 8.02e-06 5.095933 1.045383 0.592923 0 3 5399 +++
rs112036626 C T 0.016232 -0.066236 0.014833 -0.095309 -0.037163 -4.465418 8.1e-06 5.091345 1.925807 0.381783 0 3 5399 ---
rs35997400 A C 0.187069 0.020598 0.004613 0.011557 0.029639 4.465311 8.11e-06 5.091127 1.628707 0.442926 0 3 5399 +++
rs35618329 A C 0.187069 0.020598 0.004613 0.011557 0.029639 4.465311 8.11e-06 5.091127 1.628707 0.442926 0 3 5399 +++
rs59060048 T A 0.187069 0.020598 0.004613 0.011557 0.029639 4.465311 8.11e-06 5.091127 1.628707 0.442926 0 3 5399 +++
rs11755567 A G 0.187324 0.020605 0.004615 0.01156 0.02965 4.464848 8.12e-06 5.090191 1.977179 0.372101 0 3 5397 +++
rs1927309 G A 0.153471 -0.028037 0.006283 -0.040352 -0.015723 -4.462504 8.21e-06 5.085446 1.066946 0.586564 0 3 5227 ---
rs5917052 T C 0.273778 -0.022513 0.005047 -0.032406 -0.01262 -4.46031 8.3e-06 5.081007 3.064737 0.216023 0.347415 3 5226 +--
rs61852642 A G 0.119521 -0.024632 0.005523 -0.035457 -0.013806 -4.459781 8.32e-06 5.079937 0.037025 0.981658 0 3 5399 ---
rs12770749 G A 0.197155 -0.021992 0.004932 -0.031659 -0.012325 -4.4588 8.36e-06 5.077954 0.004856 0.944444 0 2 4851 --?
rs138511719 C T 0.023929 -0.052182 0.011706 -0.075126 -0.029239 -4.457804 8.4e-06 5.07594 1.172857 0.556311 0 3 5399 ---
rs666535 A C 0.468629 0.017298 0.003885 0.009684 0.024912 4.453065 8.58e-06 5.066363 1.056486 0.304018 0.053466 2 4851 ++?
rs6544428 T C 0.382548 -0.016531 0.003713 -0.02381 -0.009253 -4.451708 8.64e-06 5.063623 0.957999 0.619403 0 3 5399 ---
rs9562710 G T 0.0792 0.029771 0.006688 0.016663 0.042879 4.451667 8.64e-06 5.063539 0.448222 0.799226 0 3 5399 +++
rs4247679 C T 0.371055 -0.016688 0.003751 -0.024039 -0.009336 -4.449262 8.74e-06 5.058683 0.882113 0.643356 0 3 5399 ---
rs7895324 C G 0.040516 0.041184 0.009258 0.023038 0.05933 4.448355 8.77e-06 5.056855 2.39746 0.301577 0.165784 3 5399 +++
rs72807177 A G 0.043951 0.040926 0.009206 0.022882 0.05897 4.445601 8.89e-06 5.051299 4.735193 0.093706 0.577631 3 5399 ++-
rs77378661 T C 0.019148 0.062481 0.014083 0.034878 0.090085 4.436526 9.27e-06 5.033014 0.142989 0.705328 0 2 4851 ++?
rs74028577 C T 0.080371 -0.029741 0.006704 -0.042882 -0.016601 -4.436182 9.28e-06 5.032323 0.470283 0.790459 0 3 5398 ---
rs2343826 A G 0.211505 -0.024141 0.005456 -0.034834 -0.013447 -4.424703 9.79e-06 5.009246 1.174476 0.555861 0 3 5229 ---
