rs_number reference_allele other_allele eaf beta se beta_95L beta_95U z p-value -log10_p-value q_statistic q_p-value i2 n_studies n_samples effects
rs36028249 T C 0.015895 -0.31919 0.06746 -0.451411 -0.186968 -4.731553 2.26e-06 5.645017 0.074332 0.963516 0 3 1384 ---
rs12932818 A T 0.015895 -0.31919 0.06746 -0.451411 -0.186968 -4.731553 2.26e-06 5.645017 0.074332 0.963516 0 3 1384 ---
rs1280725 C A 0.472372 -0.09173 0.019665 -0.130273 -0.053186 -4.664601 3.14e-06 5.502944 0.603119 0.43739 0 2 1067 --?
rs7766941 T C 0.472844 -0.091496 0.019638 -0.129987 -0.053004 -4.659034 3.23e-06 5.491217 0.608236 0.435453 0 2 1067 --?
rs79763343 T C 0.044799 0.180366 0.038721 0.104472 0.256259 4.658072 3.24e-06 5.489189 2.065114 0.356095 0.03153 3 1384 +++
rs6971297 T A 0.37967 -0.074708 0.016111 -0.106287 -0.04313 -4.636958 3.59e-06 5.444831 0.383821 0.825381 0 3 1384 ---
rs773972103 A C 0.021318 0.261017 0.056373 0.150525 0.371509 4.630135 3.71e-06 5.430538 0.993853 0.608398 0 3 1384 +++
rs3802367 T C 0.387035 0.093107 0.020178 0.053557 0.132656 4.614215 4.01e-06 5.39726 8.233269 0.004113 0.878542 2 1067 ++?
rs13055576 C T 0.049856 -0.168377 0.036508 -0.239932 -0.096822 -4.61212 4.05e-06 5.39289 0.575835 0.749823 0 3 1384 ---
rs10908948 A G 0.436386 0.07287 0.015811 0.041881 0.103859 4.608885 4.11e-06 5.386143 7.610035 0.022259 0.737189 3 1383 +++
rs6871209 C T 0.076229 0.139487 0.030306 0.080086 0.198887 4.602556 4.24e-06 5.372957 0.251621 0.881782 0 3 1384 +++
rs9802310 T C 0.437114 0.072805 0.015826 0.041787 0.103824 4.600419 4.28e-06 5.368508 7.602487 0.022343 0.736928 3 1384 +++
chr1:34585436:A:C C A 0.393403 -0.075482 0.016451 -0.107727 -0.043237 -4.588163 4.54e-06 5.343033 0.150365 0.927574 0 3 1384 ---
rs1280719 A G 0.468125 -0.089757 0.019701 -0.12837 -0.051144 -4.556046 5.29e-06 5.27657 0.366773 0.544769 0 2 1067 --?
rs1280710 A C 0.468125 -0.089757 0.019701 -0.12837 -0.051144 -4.556046 5.29e-06 5.27657 0.366773 0.544769 0 2 1067 --?
rs534685 A T 0.468125 -0.089757 0.019701 -0.12837 -0.051144 -4.556046 5.29e-06 5.27657 0.366773 0.544769 0 2 1067 --?
rs1298465 A T 0.468125 -0.089757 0.019701 -0.12837 -0.051144 -4.556046 5.29e-06 5.27657 0.366773 0.544769 0 2 1067 --?
rs694600 C T 0.468125 -0.089757 0.019701 -0.12837 -0.051144 -4.556046 5.29e-06 5.27657 0.366773 0.544769 0 2 1067 --?
rs590594 T C 0.468125 -0.089757 0.019701 -0.12837 -0.051144 -4.556046 5.29e-06 5.27657 0.366773 0.544769 0 2 1067 --?
rs511441 G A 0.469067 -0.089694 0.019736 -0.128378 -0.051011 -4.544605 5.58e-06 5.252998 0.367929 0.544135 0 2 1066 --?
rs28540065 T C 0.249315 -0.106114 0.023351 -0.151882 -0.060345 -4.5442 5.6e-06 5.252165 3.11763 0.077449 0.679244 2 1067 +-?
rs76035818 G C 0.019258 0.262826 0.0583 0.148557 0.377095 4.50813 6.63e-06 5.178212 1.24901 0.263742 0.199366 2 1324 ?++
rs541689 C G 0.468597 -0.088851 0.019718 -0.1275 -0.050203 -4.505998 6.7e-06 5.173858 0.382268 0.536392 0 2 1067 --?
rs7753964 G A 0.461146 -0.088592 0.019677 -0.127159 -0.050025 -4.502333 6.82e-06 5.166377 0.709377 0.399651 0 2 1067 --?
rs12664014 A G 0.461146 -0.088592 0.019677 -0.127159 -0.050025 -4.502333 6.82e-06 5.166377 0.709377 0.399651 0 2 1067 --?
rs12075173 A G 0.392671 -0.073952 0.01644 -0.106175 -0.041729 -4.498213 6.95e-06 5.157975 0.214765 0.898182 0 3 1384 ---
rs111899649 G T 0.38763 -0.074562 0.016593 -0.107083 -0.04204 -4.493689 7.1e-06 5.148758 2.767868 0.250591 0.277422 3 1384 ---
rs16885654 A G 0.460674 -0.088223 0.019704 -0.126842 -0.049603 -4.477425 7.66e-06 5.115688 0.718139 0.396755 0 2 1067 --?
rs12527767 A G 0.460674 -0.088223 0.019704 -0.126842 -0.049603 -4.477425 7.66e-06 5.115688 0.718139 0.396755 0 2 1067 --?
rs113141514 G C 0.214631 0.086237 0.019388 0.048235 0.124238 4.447835 8.79e-06 5.055805 1.079843 0.582794 0 3 1384 +++
rs7381111 T C 0.280709 0.080722 0.018209 0.045034 0.116411 4.433194 9.41e-06 5.02631 1.90124 0.386501 0 3 1384 +++
rs17013209 A G 0.075869 0.130876 0.029568 0.072922 0.188829 4.426253 9.72e-06 5.012359 5.731899 0.056929 0.651076 3 1384 +++
