rs_number reference_allele other_allele eaf beta se beta_95L beta_95U z p-value -log10_p-value q_statistic q_p-value i2 n_studies n_samples effects
rs148894398 A G 0.03978 -0.082569 0.016797 -0.115491 -0.049646 -4.915569 9.01e-07 6.045157 0.453541 0.500658 0 2 9163 --
rs115114903 C T 0.039835 -0.081767 0.016783 -0.114661 -0.048873 -4.872084 1.12e-06 5.949321 0.469427 0.493251 0 2 9163 --
rs12046843 C T 0.424498 0.032302 0.006677 0.019215 0.04539 4.837521 1.34e-06 5.873713 0.153282 0.695419 0 2 9223 ++
rs12738587 C T 0.449429 0.031602 0.006541 0.018782 0.044422 4.831568 1.38e-06 5.86074 0.201796 0.653275 0 2 9223 ++
rs2875257 A G 0.327595 0.033887 0.007026 0.020117 0.047657 4.823345 1.44e-06 5.842845 0.227509 0.633377 0 2 9222 ++
rs11118982 A G 0.448574 0.031498 0.006535 0.018689 0.044307 4.819733 1.46e-06 5.834995 0.284568 0.593723 0 2 9221 ++
rs12565252 C G 0.452853 0.032797 0.006831 0.019408 0.046186 4.801168 1.6e-06 5.794726 0.049182 0.824493 0 2 8906 ++
rs6680104 C T 0.424703 0.032053 0.006676 0.018968 0.045138 4.801131 1.6e-06 5.794646 0.220729 0.638485 0 2 9223 ++
rs13254216 C T 0.050687 -0.072077 0.015017 -0.101511 -0.042643 -4.799626 1.62e-06 5.791387 1.100654 0.294123 0.091449 2 9223 -+
rs10159299 C T 0.449544 0.031213 0.006537 0.018401 0.044025 4.775093 1.83e-06 5.738413 0.183535 0.668353 0 2 9223 ++
rs6696689 T G 0.423636 0.031897 0.006685 0.018794 0.044999 4.771446 1.86e-06 5.730561 0.041486 0.838602 0 2 9223 ++
rs6784317 T G 0.329277 0.033385 0.007021 0.019622 0.047147 4.754617 2.02e-06 5.694392 0.451082 0.501821 0 2 9223 ++
rs12033354 G A 0.424067 0.03177 0.006685 0.018667 0.044873 4.752251 2.04e-06 5.689316 0.096706 0.755819 0 2 9218 ++
rs111546860 T C 0.063463 -0.065445 0.013811 -0.092516 -0.038375 -4.738483 2.19e-06 5.65983 1.033466 0.309346 0.032383 2 9163 --
rs76354707 T C 0.041743 -0.077757 0.016434 -0.109968 -0.045547 -4.731498 2.27e-06 5.644898 0.517024 0.472114 0 2 9163 --
rs11919396 T C 0.328944 0.033167 0.007022 0.019404 0.046929 4.723517 2.36e-06 5.627865 0.246386 0.619631 0 2 9223 ++
rs11210111 A C 0.46564 0.032082 0.006798 0.018759 0.045406 4.71965 2.4e-06 5.619621 0.33381 0.563424 0 2 8906 ++
rs7516446 A G 0.450544 0.030592 0.0065 0.017851 0.043332 4.706218 2.56e-06 5.591035 1.599061 0.206036 0.374633 2 9179 ++
rs12731586 C A 0.064728 0.062879 0.013379 0.036656 0.089102 4.699758 2.65e-06 5.577315 0.864376 0.352517 0 2 9223 ++
rs4330880 G A 0.444904 0.031151 0.00664 0.018137 0.044165 4.691589 2.75e-06 5.559986 0.708882 0.399815 0 2 9223 ++
rs74539488 A G 0.036001 0.081682 0.017428 0.047523 0.11584 4.686797 2.82e-06 5.549836 0.162894 0.686506 0 2 9223 ++
rs114810658 C T 0.040653 -0.077421 0.016555 -0.109869 -0.044973 -4.676581 2.96e-06 5.528228 0.30652 0.579824 0 2 9163 --
rs74381227 C G 0.067601 0.060788 0.013003 0.035303 0.086274 4.674999 2.99e-06 5.524887 1.476714 0.224289 0.322821 2 9223 ++
rs34539883 G C 0.067658 0.060744 0.012999 0.035266 0.086222 4.672967 3.02e-06 5.520594 1.47285 0.224897 0.321044 2 9223 ++
rs75325684 T A 0.089297 0.05388 0.011551 0.03124 0.076519 4.664626 3.14e-06 5.502998 0.027721 0.867766 0 2 9223 ++
rs28461583 T C 0.067821 0.060302 0.012971 0.034879 0.085726 4.648975 3.39e-06 5.470056 1.275062 0.258819 0.215725 2 9223 ++
rs7519251 A G 0.45286 0.030636 0.006596 0.017708 0.043564 4.64481 3.46e-06 5.461307 0.373644 0.541025 0 2 9223 ++
rs724420 T C 0.067168 -0.061822 0.013325 -0.08794 -0.035705 -4.639493 3.55e-06 5.450148 0.770429 0.380084 0 2 9223 --
rs12404978 G A 0.457638 0.030702 0.006622 0.017723 0.043681 4.636334 3.6e-06 5.443524 0.010068 0.920076 0 2 9223 ++
rs2901713 T C 0.452818 0.030546 0.006596 0.017617 0.043474 4.630875 3.7e-06 5.432088 0.374807 0.540396 0 2 9223 ++
chr1:246134805:C:G G C 0.060609 0.06379 0.013799 0.036744 0.090836 4.622785 3.84e-06 5.41516 0.908547 0.3405 0 2 9223 ++
rs10889994 T C 0.44853 0.030621 0.006624 0.017638 0.043603 4.622693 3.85e-06 5.414969 0.332555 0.564159 0 2 9221 ++
rs75687318 A C 0.064781 0.061892 0.013391 0.035647 0.088138 4.622055 3.86e-06 5.413635 0.942797 0.331559 0 2 9223 ++
rs16933742 C T 0.064554 -0.063303 0.013705 -0.090165 -0.036441 -4.618887 3.92e-06 5.407016 1.300285 0.254161 0.230938 2 9163 -+
rs75565404 G C 0.064677 0.061541 0.013344 0.035387 0.087695 4.611945 4.05e-06 5.392524 1.667154 0.19664 0.400175 2 9223 ++
rs78456343 G A 0.024738 0.097236 0.021116 0.05585 0.138623 4.604953 4.19e-06 5.377949 0.195411 0.658451 0 2 9216 ++
rs34354280 G A 0.068471 0.059241 0.012875 0.034006 0.084475 4.601343 4.26e-06 5.370433 1.603022 0.205475 0.376178 2 9223 ++
rs6657082 T A 0.452364 0.030426 0.006617 0.017458 0.043395 4.598524 4.32e-06 5.364566 1.180435 0.277268 0.152854 2 9223 ++
rs34264700 A G 0.082731 0.054475 0.011862 0.031225 0.077725 4.592234 4.45e-06 5.351487 3.33024 0.068017 0.699721 2 9223 ++
rs77841854 T G 0.039016 -0.077477 0.016878 -0.110558 -0.044396 -4.590393 4.49e-06 5.347663 0.185488 0.666699 0 2 9163 --
rs10983312 C G 0.068794 -0.060282 0.013136 -0.086029 -0.034535 -4.588959 4.52e-06 5.344686 1.525926 0.216725 0.34466 2 9223 --
rs9812333 C G 0.359141 0.032702 0.00714 0.018708 0.046696 4.580326 4.71e-06 5.326776 0.088783 0.76573 0 2 8906 ++
rs56146709 A G 0.069175 0.059156 0.012918 0.033837 0.084474 4.579454 4.73e-06 5.324968 2.769452 0.096079 0.638918 2 9223 ++
rs6424507 C T 0.447968 0.030525 0.006668 0.017457 0.043594 4.57822 4.76e-06 5.32241 0.755584 0.384714 0 2 9157 ++
rs55719198 A C 0.085116 0.053927 0.011785 0.030828 0.077026 4.575761 4.82e-06 5.317317 2.805536 0.093939 0.643562 2 9223 ++
rs11791132 A G 0.067764 -0.060316 0.013227 -0.086241 -0.034392 -4.560143 5.19e-06 5.285024 2.911691 0.08794 0.656557 2 9223 --
rs12063895 T C 0.067015 0.059485 0.013048 0.03391 0.085059 4.558849 5.22e-06 5.282353 1.698914 0.19243 0.411389 2 9222 ++
rs6672297 G T 0.066736 0.059907 0.013145 0.034143 0.085671 4.557453 5.25e-06 5.279472 1.728824 0.188561 0.421572 2 9223 ++
rs78483177 G A 0.066413 0.065947 0.014476 0.037575 0.09432 4.555704 5.3e-06 5.275865 2.371522 0.123567 0.57833 2 8906 ++
rs11793867 C T 0.068847 -0.059797 0.013131 -0.085534 -0.034061 -4.553932 5.34e-06 5.27221 1.659421 0.197682 0.39738 2 9223 --
rs880991 A G 0.04971 0.069489 0.015271 0.039558 0.099419 4.550434 5.43e-06 5.265 0.001813 0.96604 0 2 9223 ++
rs13254048 T C 0.059483 -0.062522 0.013744 -0.08946 -0.035584 -4.549109 5.47e-06 5.262271 0.687654 0.406964 0 2 9213 --
rs10817917 T C 0.068964 -0.059678 0.013124 -0.085402 -0.033954 -4.54707 5.52e-06 5.258072 1.650088 0.198947 0.393972 2 9222 --
rs11757948 G C 0.36446 0.030891 0.006809 0.017546 0.044236 4.536978 5.79e-06 5.237315 0.258432 0.611199 0 2 9223 ++
rs1525996 A G 0.450911 0.029934 0.006599 0.017 0.042868 4.536274 5.81e-06 5.235869 0.319425 0.571953 0 2 9223 ++
rs12044445 G A 0.457158 0.030062 0.006635 0.017058 0.043067 4.530874 5.96e-06 5.22478 0.005683 0.939907 0 2 9222 ++
rs1550000 C T 0.157926 -0.041088 0.009075 -0.058874 -0.023301 -4.52773 6.05e-06 5.218329 0.016471 0.897879 0 2 9218 --
rs11210080 C A 0.450162 0.030913 0.00683 0.017527 0.0443 4.526293 6.09e-06 5.215384 0.123654 0.725105 0 2 8906 ++
rs6681796 A C 0.099974 0.049351 0.01092 0.027948 0.070753 4.519476 6.29e-06 5.201416 3.222965 0.072612 0.689727 2 9223 ++
rs6681797 A C 0.099974 0.049351 0.01092 0.027948 0.070753 4.519476 6.29e-06 5.201416 3.222965 0.072612 0.689727 2 9223 ++
rs2021969 A C 0.072053 -0.061531 0.013624 -0.088235 -0.034828 -4.516304 6.38e-06 5.194924 2.029941 0.154227 0.507375 2 8216 -+
rs2021970 A C 0.072053 -0.061531 0.013624 -0.088235 -0.034828 -4.516304 6.38e-06 5.194924 2.029941 0.154227 0.507375 2 8216 -+
rs2042531 A G 0.209599 0.036134 0.00801 0.020433 0.051834 4.510798 6.55e-06 5.183665 3.31728 0.068555 0.698548 2 9223 ++
rs13194318 T A 0.067115 0.059382 0.013169 0.03357 0.085194 4.509131 6.6e-06 5.180257 0.142507 0.705801 0 2 9223 ++
rs75627662 T C 0.190136 -0.038033 0.008448 -0.054592 -0.021475 -4.501969 6.83e-06 5.165636 1.410298 0.235007 0.29093 2 9223 --
rs61985827 T C 0.231038 0.034986 0.007777 0.019743 0.050229 4.498645 6.94e-06 5.158856 2.659208 0.102952 0.623948 2 9223 ++
rs117454930 T C 0.063973 0.059916 0.013329 0.033791 0.086042 4.495102 7.05e-06 5.151636 2.384148 0.122572 0.580563 2 9223 ++
rs918934 T A 0.231086 0.034923 0.007777 0.01968 0.050166 4.490572 7.2e-06 5.142411 2.670834 0.102202 0.625585 2 9223 ++
rs10983299 A G 0.069064 -0.058913 0.013122 -0.084632 -0.033193 -4.489593 7.24e-06 5.140419 1.592443 0.206978 0.372034 2 9223 --
rs17678413 T C 0.040164 -0.074478 0.016592 -0.106999 -0.041957 -4.488712 7.27e-06 5.138626 0.006947 0.933574 0 2 9163 --
rs114284905 G C 0.016412 -0.161191 0.035988 -0.231728 -0.090654 -4.479001 7.61e-06 5.118887 0.852868 0.355742 0 2 3747 --
rs10234440 C T 0.173639 0.039673 0.008862 0.022304 0.057042 4.476954 7.68e-06 5.114732 0.324559 0.568881 0 2 9222 ++
rs10983322 A G 0.072114 -0.060955 0.01362 -0.08765 -0.034261 -4.47552 7.73e-06 5.111821 1.999649 0.157336 0.499912 2 8216 -+
rs10983325 A C 0.072114 -0.060955 0.01362 -0.08765 -0.034261 -4.47552 7.73e-06 5.111821 1.999649 0.157336 0.499912 2 8216 -+
rs149210699 G C 0.039889 -0.074618 0.016683 -0.107318 -0.041919 -4.472595 7.84e-06 5.105888 0.065866 0.797454 0 2 9163 --
rs144481336 A G 0.028299 0.088675 0.019836 0.049797 0.127553 4.47046 7.91e-06 5.101559 0.552144 0.457443 0 2 9223 ++
rs1884258 A G 0.094455 0.05037 0.011285 0.028252 0.072488 4.463534 8.17e-06 5.087531 0.00035 0.98507 0 2 9222 ++
rs11778371 T C 0.052443 0.066397 0.014893 0.037207 0.095588 4.458249 8.38e-06 5.076838 0.612527 0.433838 0 2 9220 ++
rs11210146 G A 0.443894 0.02947 0.006617 0.0165 0.04244 4.453376 8.57e-06 5.066992 3.020476 0.082219 0.668926 2 9223 ++
rs10924495 G A 0.072591 0.05583 0.012546 0.031239 0.080421 4.449834 8.71e-06 5.059839 3.274129 0.07038 0.694575 2 9223 ++
rs56276482 G C 0.048391 0.071635 0.01612 0.04004 0.10323 4.443831 8.96e-06 5.04773 0.14792 0.700531 0 2 8906 ++
rs7540406 A G 0.071018 0.056531 0.012724 0.031593 0.081469 4.443035 8.99e-06 5.046125 3.696778 0.054518 0.729494 2 9223 ++
rs12060886 A G 0.072644 0.055724 0.012544 0.031137 0.080311 4.442174 9.03e-06 5.04439 3.258307 0.071062 0.693092 2 9223 ++
rs11562332 T C 0.07236 -0.060357 0.013603 -0.08702 -0.033695 -4.436972 9.25e-06 5.033913 1.96824 0.160635 0.491932 2 8216 -+
rs11558410 A T 0.07236 -0.060357 0.013603 -0.08702 -0.033695 -4.436972 9.25e-06 5.033913 1.96824 0.160635 0.491932 2 8216 -+
rs74688407 A G 0.038414 -0.075535 0.017031 -0.108916 -0.042153 -4.435046 9.33e-06 5.030036 0.056605 0.811945 0 2 9163 --
rs71638315 T C 0.071073 0.056339 0.012719 0.03141 0.081269 4.4295 9.57e-06 5.018882 3.668371 0.055454 0.727399 2 9223 ++
rs12742623 A G 0.07259 0.055575 0.012547 0.030983 0.080167 4.429315 9.58e-06 5.01851 3.223376 0.072594 0.689766 2 9223 ++
rs10085471 A C 0.174165 0.039135 0.008842 0.021805 0.056465 4.426153 9.72e-06 5.012157 0.421269 0.516304 0 2 9223 ++
rs10510351 C T 0.3629 0.031582 0.007137 0.017594 0.04557 4.425274 9.76e-06 5.010392 0.684081 0.408185 0 2 8906 ++
rs13263584 T A 0.05958 -0.060777 0.013737 -0.087702 -0.033852 -4.424218 9.81e-06 5.008271 0.736319 0.390843 0 2 9223 --
rs10924485 C T 0.072644 0.055465 0.012546 0.030875 0.080054 4.421041 9.96e-06 5.001894 3.20713 0.073318 0.688195 2 9223 ++
