rs_number reference_allele other_allele eaf beta se beta_95L beta_95U z p-value -log10_p-value q_statistic q_p-value i2 n_studies n_samples effects
rs11118982 A G 0.44841 0.03315 0.006708 0.020002 0.046298 4.941672 7.89e-07 6.103068 0.280613 0.596299 0 2 8631 ++
rs12738587 C T 0.449284 0.033157 0.006713 0.02 0.046313 4.939378 7.98e-07 6.097967 0.229646 0.631787 0 2 8633 ++
rs10159299 C T 0.449414 0.032788 0.006711 0.019634 0.045942 4.885677 1.05e-06 5.979193 0.22984 0.631643 0 2 8633 ++
rs880991 A G 0.04958 0.075569 0.015709 0.044779 0.10636 4.810428 1.53e-06 5.814794 0.070025 0.7913 0 2 8633 ++
rs28398808 A T 0.224893 0.040741 0.008487 0.024106 0.057375 4.800299 1.61e-06 5.792844 2.498328 0.113967 0.599732 2 8316 ++
rs78456343 G A 0.024732 0.102699 0.021609 0.060345 0.145054 4.75253 2.04e-06 5.689915 0.502037 0.478607 0 2 8626 ++
rs148894398 A G 0.039835 -0.081476 0.017145 -0.115081 -0.047872 -4.752166 2.05e-06 5.689135 0.019037 0.89026 0 2 8573 --
rs11778371 T C 0.052305 0.07236 0.015301 0.04237 0.10235 4.729064 2.29e-06 5.639702 0.282959 0.594768 0 2 8630 ++
rs13254216 C T 0.050824 -0.072661 0.015383 -0.102812 -0.04251 -4.723348 2.36e-06 5.627505 0.450064 0.502305 0 2 8633 --
rs115114903 C T 0.039894 -0.080643 0.01713 -0.114216 -0.047069 -4.707813 2.54e-06 5.594425 0.022439 0.880924 0 2 8573 --
rs74539488 A G 0.036063 0.083508 0.017789 0.048642 0.118374 4.69444 2.72e-06 5.566031 0.088556 0.766021 0 2 8633 ++
rs114810658 C T 0.040782 -0.078665 0.016894 -0.111778 -0.045552 -4.65627 3.27e-06 5.485397 0.195635 0.658268 0 2 8573 --
rs34264700 A G 0.083003 0.0567 0.012184 0.032819 0.08058 4.653581 3.31e-06 5.479739 2.138296 0.143661 0.532338 2 8633 ++
rs2241653 A T 0.148417 0.0439 0.009441 0.025396 0.062404 4.650105 3.37e-06 5.472431 0.003194 0.954933 0 2 8633 ++
rs1550000 C T 0.157958 -0.043283 0.009319 -0.061548 -0.025018 -4.644712 3.46e-06 5.461101 0.351292 0.553383 0 2 8628 --
rs78299830 T C 0.046725 -0.072975 0.015846 -0.104033 -0.041918 -4.605359 4.18e-06 5.378795 0.199833 0.654856 0 2 8632 --
rs67533908 T C 0.249874 0.035763 0.007793 0.020489 0.051036 4.589347 4.51e-06 5.345491 0.095834 0.756888 0 2 8633 ++
chr1:246134805:C:G G C 0.060792 0.064795 0.014152 0.037058 0.092532 4.57861 4.75e-06 5.323219 0.693522 0.404969 0 2 8633 ++
rs12731586 C A 0.064971 0.062697 0.013704 0.035836 0.089557 4.574932 4.84e-06 5.3156 0.61419 0.433215 0 2 8633 ++
rs28411776 T C 0.249871 0.035647 0.007794 0.020371 0.050923 4.573762 4.86e-06 5.313179 0.049401 0.824108 0 2 8633 ++
rs75565404 G C 0.064903 0.062409 0.013654 0.035648 0.08917 4.570839 4.93e-06 5.307128 1.127306 0.288351 0.11293 2 8633 ++
rs74381227 C G 0.067865 0.060872 0.013341 0.034724 0.08702 4.562837 5.12e-06 5.290587 1.385063 0.239241 0.278011 2 8633 ++
rs79916117 A G 0.050637 0.069182 0.015168 0.039453 0.098911 4.561142 5.16e-06 5.287086 4.259912 0.039022 0.765253 2 8633 ++
rs34539883 G C 0.067921 0.06083 0.013337 0.03469 0.086971 4.560991 5.17e-06 5.286776 1.381641 0.239822 0.276223 2 8633 ++
rs76354707 T C 0.041773 -0.076455 0.016769 -0.109322 -0.043588 -4.559326 5.21e-06 5.283339 0.03862 0.844202 0 2 8573 --
rs55719198 A C 0.084937 0.0549 0.012101 0.031182 0.078617 4.536872 5.79e-06 5.237096 1.990439 0.158295 0.497598 2 8633 ++
rs28461583 T C 0.068085 0.060356 0.013306 0.034276 0.086437 4.535894 5.82e-06 5.235088 1.187123 0.275911 0.157627 2 8633 ++
rs76385959 T G 0.137315 -0.044116 0.00973 -0.063188 -0.025045 -4.533865 5.88e-06 5.23092 0.06473 0.799171 0 2 8633 --
rs56146709 A G 0.069432 0.059813 0.013226 0.033891 0.085735 4.522494 6.2e-06 5.207596 2.424142 0.119479 0.587483 2 8633 ++
rs2875257 A G 0.328288 0.032496 0.007203 0.018378 0.046614 4.511418 6.53e-06 5.184932 0.290866 0.589666 0 2 8632 ++
rs75687318 A C 0.06502 0.061675 0.013723 0.034779 0.088572 4.494385 7.08e-06 5.150175 0.684584 0.408013 0 2 8633 ++
rs6784317 T G 0.329981 0.032291 0.007199 0.018181 0.0464 4.485624 7.37e-06 5.132346 0.570384 0.450106 0 2 8633 ++
rs12063895 T C 0.067268 0.060005 0.013387 0.033766 0.086244 4.482284 7.49e-06 5.125555 1.393432 0.237826 0.282347 2 8632 ++
rs114284905 G C 0.016412 -0.161191 0.035988 -0.231728 -0.090654 -4.479001 7.61e-06 5.118887 0.852868 0.355742 0 2 3747 --
rs6672297 G T 0.06697 0.060371 0.013481 0.033949 0.086794 4.478311 7.63e-06 5.117486 1.130701 0.287626 0.115593 2 8633 ++
rs34354280 G A 0.068734 0.05918 0.013232 0.033245 0.085114 4.472522 7.84e-06 5.105741 1.574106 0.209612 0.364719 2 8633 ++
rs11919396 T C 0.329656 0.032038 0.0072 0.017927 0.046149 4.449981 8.71e-06 5.060135 0.33826 0.560835 0 2 8633 ++
rs79533914 C T 0.04678 -0.070443 0.015833 -0.101476 -0.039409 -4.449005 8.75e-06 5.058165 0.263484 0.607737 0 2 8633 --
rs77841854 T G 0.039147 -0.076487 0.017202 -0.110203 -0.042771 -4.446337 8.86e-06 5.052784 0.043911 0.834019 0 2 8573 --
rs75325684 T A 0.089112 0.052601 0.011849 0.029378 0.075825 4.4394 9.15e-06 5.0388 0.099358 0.752601 0 2 8633 ++
rs17669863 C T 0.109845 0.048166 0.010864 0.026872 0.06946 4.433384 9.4e-06 5.026692 0.053602 0.81691 0 2 8633 ++
rs79385752 G A 0.08579 -0.053587 0.012103 -0.077309 -0.029865 -4.42748 9.66e-06 5.014824 0.007355 0.931655 0 2 8632 --
