rs_number reference_allele other_allele eaf beta se beta_95L beta_95U z p-value -log10_p-value q_statistic q_p-value i2 n_studies n_samples effects
rs112829554 G A 0.018918 -1.273351 0.224116 -1.712619 -0.834084 -5.681663 1.37e-08 7.863916 12.119622 0.000499 0.917489 2 1242 --
rs28729931 C T 0.153768 -0.435738 0.089884 -0.61191 -0.259566 -4.847796 1.27e-06 5.896138 1.102511 0.293716 0.09298 2 1242 --
rs2061867 A T 0.153011 -0.431275 0.089923 -0.607525 -0.255026 -4.796043 1.65e-06 5.783636 1.010779 0.314716 0.010665 2 1242 --
rs111410320 A G 0.013285 1.429516 0.298596 0.844269 2.014764 4.787468 1.72e-06 5.765103 1.457319 0.227357 0.313808 2 1242 ++
rs10282969 T C 0.15257 -0.427038 0.089282 -0.60203 -0.252046 -4.783038 1.76e-06 5.755541 0.950963 0.329474 0 2 1242 --
rs3733728 T C 0.013686 1.384484 0.291703 0.812747 1.956222 4.746217 2.11e-06 5.676383 2.30372 0.129065 0.56592 2 1242 ++
rs142538295 A C 0.013686 -1.160473 0.245407 -1.64147 -0.679475 -4.728769 2.3e-06 5.639071 3.720288 0.053755 0.731204 2 1242 --
rs76603063 G A 0.013281 1.372396 0.290437 0.803138 1.941653 4.725271 2.34e-06 5.631606 1.791546 0.180738 0.441823 2 1242 ++
rs703253 A G 0.013281 1.37223 0.292396 0.799134 1.945327 4.69305 2.73e-06 5.563085 2.212673 0.136881 0.548058 2 1242 ++
rs2714262 G A 0.024553 -1.023263 0.219774 -1.45402 -0.592506 -4.655981 3.27e-06 5.484789 13.262859 0.000271 0.924601 2 1242 --
rs12812783 A C 0.018117 -1.060328 0.22947 -1.510089 -0.610567 -4.620773 3.88e-06 5.410956 8.912849 0.002832 0.887802 2 1242 --
rs17779592 A G 0.012078 -1.264219 0.273632 -1.800538 -0.727901 -4.620144 3.89e-06 5.409642 7.745582 0.005384 0.870894 2 1242 --
rs112184658 C T 0.013686 1.347494 0.291703 0.775756 1.919231 4.619407 3.91e-06 5.408102 2.016359 0.155612 0.504056 2 1242 ++
rs7975865 A C 0.018522 -1.043387 0.225948 -1.486245 -0.600529 -4.617822 3.94e-06 5.404791 9.084559 0.002578 0.889923 2 1242 --
rs12677743 G A 0.14577 -0.413855 0.090372 -0.590984 -0.236726 -4.579464 4.73e-06 5.324989 0.771132 0.379867 0 2 1242 --
rs13273502 G T 0.263219 -0.325675 0.071218 -0.465261 -0.186088 -4.572958 4.88e-06 5.311514 0.101914 0.749545 0 2 1233 --
rs7823733 T A 0.158231 -0.405584 0.088766 -0.579566 -0.231603 -4.569127 4.97e-06 5.303588 0.640515 0.423524 0 2 1242 --
rs1397086 G T 0.158231 -0.405584 0.088766 -0.579566 -0.231603 -4.569127 4.97e-06 5.303588 0.640515 0.423524 0 2 1242 --
rs740867 G A 0.331188 0.292618 0.064169 0.166847 0.418389 4.560129 5.19e-06 5.284996 4.087285 0.043207 0.755339 2 1235 ++
rs113310167 G C 0.010061 -1.453164 0.319506 -2.079396 -0.826932 -4.548158 5.49e-06 5.260313 4.333264 0.037375 0.769227 2 1242 --
rs147761802 C G 0.02134 -0.89256 0.196403 -1.277511 -0.50761 -4.544532 5.59e-06 5.252849 0.505111 0.477263 0 2 1242 --
rs2816118 C G 0.165077 -0.367726 0.081428 -0.527326 -0.208127 -4.51595 6.39e-06 5.194199 1.452632 0.228106 0.311595 2 1242 --
rs10107017 A G 0.157385 -0.400558 0.08878 -0.574567 -0.226549 -4.51179 6.52e-06 5.185691 0.56698 0.451461 0 2 1242 --
rs10102416 T G 0.157385 -0.396653 0.088154 -0.569434 -0.223871 -4.499541 6.91e-06 5.160684 0.524692 0.468847 0 2 1242 --
rs28881587 T C 0.145377 -0.410476 0.091416 -0.589652 -0.231301 -4.490204 7.22e-06 5.141663 0.880118 0.348169 0 2 1242 --
rs4366906 T C 0.348605 0.289171 0.064504 0.162743 0.415599 4.482989 7.46e-06 5.126989 2.781103 0.095382 0.64043 2 1242 ++
rs12335321 T C 0.157033 -0.39793 0.08878 -0.571939 -0.22392 -4.482183 7.49e-06 5.125351 0.540198 0.462351 0 2 1242 --
rs13279464 A C 0.157033 -0.39793 0.08878 -0.571939 -0.22392 -4.482183 7.49e-06 5.125351 0.540198 0.462351 0 2 1242 --
rs13253586 A G 0.157033 -0.39793 0.08878 -0.571939 -0.22392 -4.482183 7.49e-06 5.125351 0.540198 0.462351 0 2 1242 --
rs79542343 T G 0.010462 -1.263198 0.282335 -1.816575 -0.709821 -4.474107 7.78e-06 5.108954 5.137453 0.023415 0.805351 2 1242 --
rs5931709 A G 0.010046 1.862279 0.41887 1.041294 2.683264 4.445961 8.87e-06 5.052025 2.507407 0.113312 0.601182 2 1228 ++
rs61951764 A G 0.010061 -1.484807 0.334021 -2.139487 -0.830126 -4.445251 8.9e-06 5.050594 12.716265 0.000362 0.921361 2 1242 --
rs113441839 A G 0.01127 -1.215653 0.273752 -1.752206 -0.6791 -4.440714 9.09e-06 5.041449 22.254745 2.39e-06 0.955066 2 1242 --
rs117470158 T C 0.017314 -0.902816 0.203466 -1.301609 -0.504023 -4.437185 9.24e-06 5.034341 0.468028 0.493896 0 2 1242 --
rs112408054 A G 0.010467 -1.152663 0.260337 -1.662923 -0.642402 -4.427579 9.66e-06 5.015021 2.770456 0.096019 0.639049 2 1242 --
rs112826792 G T 0.012095 -1.392717 0.314605 -2.009342 -0.776091 -4.426874 9.69e-06 5.013605 8.783849 0.003039 0.886155 2 1240 --
rs12153707 G T 0.010063 -1.374244 0.310815 -1.983441 -0.765047 -4.421425 9.94e-06 5.002666 4.74511 0.029382 0.789257 2 1242 --
