rs_number reference_allele other_allele eaf beta se beta_95L beta_95U z p-value -log10_p-value q_statistic q_p-value i2 n_studies n_samples effects
rs429358 C T 0.145243 -0.015197 0.001619 -0.018369 -0.012024 -9.388679 6.46e-21 20.18945 1.172034 0.278984 0.146783 2 3428 --
rs769449 A G 0.104122 -0.015944 0.001861 -0.019591 -0.012296 -8.567773 1.11e-17 16.953187 3.092216 0.078668 0.676607 2 3430 -+
rs34095326 A G 0.110356 -0.01231 0.001473 -0.015197 -0.009423 -8.357833 6.73e-17 16.171985 1.848358 0.173975 0.458979 2 7288 -+
rs7256200 T G 0.122447 -0.014387 0.001747 -0.017811 -0.010963 -8.235579 1.88e-16 15.725775 12.545258 0.000397 0.920289 2 3430 -+
rs10414043 A G 0.122589 -0.014358 0.001747 -0.017781 -0.010934 -8.219845 2.14e-16 15.668815 12.841964 0.000339 0.92213 2 3430 -+
rs73052335 C A 0.114094 -0.014359 0.00179 -0.017867 -0.010852 -8.023504 1.08e-15 14.966923 4.017638 0.045027 0.751098 2 3430 -+
rs12721051 G C 0.166096 -0.012209 0.001542 -0.015232 -0.009186 -7.916038 2.57e-15 14.589738 0.5017 0.478754 0 2 3430 --
rs6857 T C 0.154893 -0.012277 0.001581 -0.015376 -0.009179 -7.766589 8.44e-15 14.07342 9.085163 0.002577 0.88993 2 3429 -+
rs56131196 A G 0.176715 -0.011563 0.001513 -0.014529 -0.008597 -7.642219 2.23e-14 13.651032 5.222511 0.022296 0.808521 2 3426 --
rs4420638 G A 0.177578 -0.011451 0.001511 -0.014413 -0.008489 -7.576605 3.71e-14 13.430857 5.830667 0.015749 0.828493 2 3427 -+
rs10119 A G 0.292933 -0.007605 0.001005 -0.009574 -0.005636 -7.569103 3.93e-14 13.405801 0.996116 0.318252 0 2 7288 --
rs111789331 A T 0.134337 -0.012179 0.001687 -0.015485 -0.008874 -7.220952 5.38e-13 12.269439 4.640858 0.031219 0.784523 2 3430 -+
rs12721046 A G 0.133136 -0.012081 0.001691 -0.015395 -0.008768 -7.146286 9.28e-13 12.032473 4.603299 0.03191 0.782764 2 3430 -+
rs11556505 T C 0.137659 -0.01185 0.001665 -0.015114 -0.008586 -7.116387 1.15e-12 11.938248 6.785647 0.009189 0.85263 2 3430 -+
rs34404554 G C 0.136 -0.011755 0.001672 -0.015033 -0.008476 -7.028121 2.18e-12 11.662313 8.445744 0.003659 0.881597 2 3430 -+
rs2075650 G A 0.139202 -0.011597 0.001661 -0.014852 -0.008342 -6.982628 3.01e-12 11.521387 9.84142 0.001706 0.898389 2 3430 -+
rs12972156 G C 0.129685 -0.011836 0.001709 -0.015187 -0.008485 -6.923733 4.57e-12 11.340263 4.20369 0.040336 0.762114 2 3430 -+
rs12972970 A G 0.129685 -0.011836 0.001709 -0.015187 -0.008485 -6.923733 4.57e-12 11.340263 4.20369 0.040336 0.762114 2 3430 -+
rs71352238 C T 0.133066 -0.011581 0.001701 -0.014914 -0.008248 -6.81035 1.01e-11 10.995722 4.647302 0.031102 0.784821 2 3430 -+
rs66626994 A G 0.145019 -0.010953 0.001636 -0.01416 -0.007746 -6.693799 2.25e-11 10.647265 11.998375 0.000532 0.916655 2 3430 -+
rs34342646 A G 0.133652 -0.010934 0.001697 -0.01426 -0.007608 -6.443777 1.2e-10 9.919266 4.765461 0.029036 0.790157 2 3430 -+
rs75627662 T C 0.190029 -0.007066 0.001111 -0.009243 -0.004888 -6.36027 2.08e-10 9.682038 11.297184 0.000776 0.911482 2 8113 -+
chr19:44893408:G:T T G 0.209839 -0.008823 0.001418 -0.011603 -0.006043 -6.220288 5.12e-10 9.291016 9.032586 0.002652 0.88929 2 3428 -+
rs5117 C T 0.225269 -0.007953 0.001398 -0.010694 -0.005213 -5.688348 1.32e-08 7.880877 8.595154 0.003371 0.883655 2 3430 -+
rs157581 C T 0.260828 -0.007178 0.00129 -0.009706 -0.00465 -5.566109 2.67e-08 7.573745 7.596883 0.005847 0.868367 2 3952 --
rs438811 T C 0.270471 -0.006878 0.001263 -0.009353 -0.004403 -5.447439 5.23e-08 7.281617 8.833748 0.002957 0.886798 2 3952 --
rs184017 G T 0.256753 -0.006924 0.001292 -0.009456 -0.004393 -5.360715 8.47e-08 7.071884 10.840709 0.000993 0.907755 2 3952 -+
rs283811 G A 0.246691 -0.006797 0.00129 -0.009326 -0.004269 -5.268904 1.4e-07 6.853304 8.442493 0.003666 0.881552 2 3952 --
rs9529176 C A 0.415102 -0.004524 0.000896 -0.00628 -0.002768 -5.048847 4.53e-07 6.34383 0.546181 0.459882 0 2 7810 --
rs7259620 A G 0.437366 0.004415 0.000876 0.002697 0.006132 5.038507 4.78e-07 6.320394 1.197832 0.273755 0.165159 2 8112 ++
rs9317638 C G 0.23348 -0.005115 0.001025 -0.007124 -0.003105 -4.989004 6.18e-07 6.208802 0.491741 0.483152 0 2 8113 --
rs9529175 C T 0.405193 -0.004434 0.000909 -0.006217 -0.002652 -4.876316 1.1e-06 5.958613 0.590319 0.442296 0 2 7806 --
rs260156 C A 0.391834 -0.005284 0.001091 -0.007422 -0.003146 -4.843998 1.29e-06 5.887841 0.084454 0.77135 0 2 4253 --
rs13229167 A G 0.257046 -0.004743 0.000981 -0.006666 -0.00282 -4.834423 1.36e-06 5.866959 0.159814 0.689328 0 2 8113 --
rs1023033 G A 0.394406 -0.004359 0.000907 -0.006136 -0.002582 -4.807337 1.56e-06 5.808092 0.586903 0.443619 0 2 7810 --
rs9540978 C T 0.409542 -0.00432 0.000902 -0.006088 -0.002552 -4.788816 1.71e-06 5.768015 1.487595 0.22259 0.327774 2 7810 --
rs74834851 T C 0.063301 -0.008341 0.001752 -0.011774 -0.004908 -4.761849 1.95e-06 5.709921 1.081383 0.298388 0.075258 2 8113 --
rs9571711 T C 0.390871 -0.004327 0.000909 -0.006109 -0.002545 -4.7584 1.98e-06 5.702512 0.544301 0.460656 0 2 7810 --
rs11764404 T C 0.246514 -0.004747 0.000998 -0.006704 -0.00279 -4.754745 2.02e-06 5.694667 0.299007 0.584506 0 2 8113 --
rs9529177 T C 0.428392 -0.004233 0.000894 -0.005984 -0.002481 -4.736295 2.21e-06 5.655149 0.005373 0.941569 0 2 7810 --
rs9540991 C T 0.403336 -0.004282 0.000906 -0.006057 -0.002507 -4.72792 2.31e-06 5.637259 0.954545 0.328565 0 2 7810 --
rs260153 C G 0.273373 -0.004558 0.000967 -0.006453 -0.002664 -4.715352 2.45e-06 5.610466 0.082123 0.774441 0 2 8113 --
rs9317635 T C 0.402395 -0.004257 0.000906 -0.006033 -0.002482 -4.699439 2.65e-06 5.576636 0.823083 0.36428 0 2 7810 --
rs260150 T C 0.414791 -0.004124 0.000878 -0.005844 -0.002403 -4.697508 2.68e-06 5.57254 0.318192 0.572696 0 2 8112 --
rs149174406 T C 0.034579 -0.011021 0.002353 -0.015633 -0.006409 -4.683578 2.86e-06 5.543023 0.000265 0.987013 0 2 8113 --
rs9571712 G A 0.405587 -0.004237 0.000906 -0.006012 -0.002462 -4.678475 2.94e-06 5.532231 0.811586 0.367652 0 2 7796 --
rs155016 T G 0.414403 -0.004105 0.000879 -0.005827 -0.002383 -4.672478 3.02e-06 5.519563 0.259833 0.610235 0 2 8113 --
rs28588142 T C 0.163775 -0.005501 0.001179 -0.007812 -0.00319 -4.665071 3.13e-06 5.503934 0.388308 0.53319 0 2 8113 --
rs4784698 A C 0.184131 -0.005269 0.001131 -0.007487 -0.003052 -4.657529 3.25e-06 5.488048 0.007306 0.931885 0 2 8113 --
rs9540976 G A 0.273948 -0.004498 0.000967 -0.006394 -0.002602 -4.650194 3.37e-06 5.472618 0.00335 0.953848 0 2 8113 --
rs28644184 T C 0.450483 -0.004079 0.000879 -0.005802 -0.002355 -4.638164 3.57e-06 5.447362 1.410277 0.23501 0.29092 2 8112 --
rs2325020 G A 0.407285 -0.004102 0.000885 -0.005835 -0.002368 -4.636448 3.6e-06 5.443764 0.344174 0.55743 0 2 8113 --
rs9529173 T C 0.407436 -0.004191 0.000905 -0.005965 -0.002417 -4.630254 3.71e-06 5.430786 0.739575 0.389797 0 2 7810 --
rs56755987 A G 0.055196 -0.008751 0.001892 -0.012459 -0.005043 -4.625476 3.79e-06 5.420789 0.144849 0.703507 0 2 8113 --
rs9540972 T C 0.407818 -0.004086 0.000883 -0.005818 -0.002355 -4.625605 3.79e-06 5.421058 0.301511 0.582936 0 2 8113 --
rs260152 T C 0.280823 -0.004418 0.000956 -0.006293 -0.002544 -4.620441 3.89e-06 5.410262 0.000492 0.982297 0 2 8112 --
rs75592842 A G 0.074206 -0.007554 0.001637 -0.010764 -0.004345 -4.613784 4.01e-06 5.39636 0.54911 0.458682 0 2 8113 --
rs769450 A G 0.398433 0.004129 0.000895 0.002374 0.005884 4.611874 4.05e-06 5.392376 1.346329 0.245921 0.257239 2 8113 ++
rs9571707 A G 0.275824 -0.00444 0.000964 -0.006329 -0.00255 -4.605391 4.18e-06 5.378861 3.3e-05 0.995409 0 2 8113 --
rs2001985 C A 0.184683 -0.005204 0.001132 -0.007423 -0.002984 -4.59556 4.38e-06 5.358401 0.071846 0.788667 0 2 8093 --
rs77553312 C A 0.066999 -0.008099 0.001764 -0.011557 -0.004642 -4.59154 4.47e-06 5.350047 0.254508 0.613919 0 2 8112 --
rs112019714 C T 0.032975 -0.011228 0.002446 -0.016021 -0.006434 -4.590675 4.48e-06 5.348249 0.020547 0.886021 0 2 8113 --
rs9304332 T C 0.254241 0.004562 0.000994 0.002613 0.00651 4.589229 4.52e-06 5.345245 3.392691 0.065486 0.705249 2 8113 ++
rs1323903 C T 0.407432 -0.004059 0.000885 -0.005793 -0.002325 -4.587821 4.55e-06 5.342323 0.306795 0.579653 0 2 8100 --
rs17220908 T C 0.061215 -0.008513 0.001866 -0.01217 -0.004857 -4.563616 5.1e-06 5.292196 5.955679 0.01467 0.832093 2 7751 -+
rs10520306 G A 0.035881 -0.011318 0.002483 -0.016184 -0.006453 -4.559093 5.21e-06 5.282857 0.311276 0.576898 0 2 7288 --
rs76847183 C T 0.035881 -0.011318 0.002483 -0.016184 -0.006453 -4.559093 5.21e-06 5.282857 0.311276 0.576898 0 2 7288 --
rs4980995 C T 0.446225 -0.004024 0.000883 -0.005755 -0.002293 -4.556236 5.28e-06 5.276961 0.495475 0.481495 0 2 8113 --
rs34878901 T C 0.403569 0.004057 0.000891 0.002311 0.005803 4.55322 5.36e-06 5.270742 1.513811 0.218558 0.339416 2 8113 ++
rs4142274 T G 0.234706 -0.004647 0.001022 -0.006649 -0.002644 -4.547604 5.51e-06 5.259172 0.102579 0.748756 0 2 8107 --
rs9540981 A T 0.234226 -0.004624 0.001021 -0.006625 -0.002623 -4.529227 6.01e-06 5.221401 0.015878 0.899726 0 2 8113 --
rs3819547 C G 0.09185 -0.006712 0.001483 -0.009619 -0.003806 -4.526061 6.1e-06 5.214907 0.56895 0.450676 0 2 8113 --
rs9529179 T C 0.234992 -0.004606 0.00102 -0.006606 -0.002607 -4.514998 6.42e-06 5.192251 0.093076 0.760303 0 2 8113 --
rs79098863 A G 0.035886 -0.011214 0.002485 -0.016085 -0.006342 -4.511619 6.53e-06 5.185343 0.484978 0.486176 0 2 7288 --
rs11773115 G A 0.233363 -0.004617 0.001027 -0.006629 -0.002604 -4.495822 7.03e-06 5.153102 0.205935 0.649973 0 2 8106 --
rs6572472 C T 0.226133 0.004661 0.001038 0.002626 0.006696 4.489478 7.24e-06 5.140184 1.886941 0.169547 0.470042 2 8113 ++
rs9529165 G A 0.246996 -0.0045 0.001003 -0.006465 -0.002535 -4.487699 7.3e-06 5.136566 0.009099 0.924004 0 2 8113 --
rs9540985 A G 0.24636 -0.004499 0.001004 -0.006466 -0.002533 -4.483534 7.45e-06 5.128095 0.000589 0.980642 0 2 8113 --
rs77730074 C T 0.036383 -0.011027 0.00246 -0.015849 -0.006205 -4.481945 7.5e-06 5.124867 0.334177 0.56321 0 2 7288 --
rs11773147 G A 0.235144 -0.004693 0.001047 -0.006745 -0.00264 -4.481418 7.52e-06 5.123797 1.166611 0.280099 0.142816 2 7809 --
rs62241188 G C 0.157329 -0.005392 0.001209 -0.007763 -0.003022 -4.45847 8.37e-06 5.077286 0.058339 0.80914 0 2 8113 --
rs34242080 G A 0.206006 0.004806 0.001079 0.002692 0.006921 4.455061 8.5e-06 5.070395 3.619406 0.057109 0.723712 2 8113 ++
rs11854194 T C 0.258628 0.004467 0.001003 0.002501 0.006432 4.454933 8.51e-06 5.070137 0.435696 0.509207 0 2 8113 ++
rs77863707 T G 0.096954 0.006578 0.001483 0.003672 0.009484 4.43671 9.26e-06 5.033384 0.251623 0.615934 0 2 8113 ++
rs2643987 A G 0.037816 -0.010697 0.002412 -0.015424 -0.005969 -4.434758 9.34e-06 5.029456 1.221271 0.269111 0.181181 2 7288 --
rs61792873 G A 0.061203 -0.008059 0.001817 -0.01162 -0.004497 -4.434648 9.35e-06 5.029234 0.039765 0.841942 0 2 8113 --
rs1305062 C G 0.395226 0.003962 0.000893 0.002211 0.005713 4.434336 9.36e-06 5.028608 1.84774 0.174046 0.458798 2 8113 ++
rs79506809 A C 0.055273 0.008462 0.001909 0.00472 0.012204 4.432683 9.43e-06 5.025283 1.831033 0.176006 0.45386 2 8113 +-
rs4505781 G C 0.06126 -0.008044 0.001817 -0.011605 -0.004483 -4.427964 9.64e-06 5.015795 0.042113 0.837404 0 2 8113 --
rs61924870 G A 0.026703 -0.011918 0.002694 -0.017199 -0.006637 -4.423446 9.85e-06 5.006722 1.222641 0.268843 0.182098 2 8055 --
