rs_number reference_allele other_allele eaf beta se beta_95L beta_95U z p-value -log10_p-value q_statistic q_p-value i2 n_studies n_samples effects
rs116345549 A G 0.010923 -0.057795 0.010916 -0.07919 -0.036399 -5.294462 1.22e-07 6.913793 0.424165 0.808898 0 3 1181 ---
rs7243554 A T 0.242085 -0.013227 0.002525 -0.018175 -0.008278 -5.238275 1.66e-07 6.781171 0.270499 0.873498 0 3 1181 ---
rs2711406 G A 0.242208 -0.013018 0.002507 -0.017931 -0.008106 -5.193813 2.1e-07 6.677166 0.098056 0.952154 0 3 1181 ---
rs2439263 T C 0.242208 -0.013018 0.002507 -0.017931 -0.008106 -5.193813 2.1e-07 6.677166 0.098056 0.952154 0 3 1181 ---
rs2439264 A C 0.242208 -0.013018 0.002507 -0.017931 -0.008106 -5.193813 2.1e-07 6.677166 0.098056 0.952154 0 3 1181 ---
rs2439265 C T 0.242208 -0.013018 0.002507 -0.017931 -0.008106 -5.193813 2.1e-07 6.677166 0.098056 0.952154 0 3 1181 ---
rs2711403 C T 0.241859 -0.012979 0.002507 -0.017893 -0.008065 -5.176884 2.3e-07 6.637783 0.095644 0.953304 0 3 1181 ---
rs2581713 C T 0.241859 -0.012979 0.002507 -0.017893 -0.008065 -5.176884 2.3e-07 6.637783 0.095644 0.953304 0 3 1181 ---
rs2581711 T C 0.241859 -0.012979 0.002507 -0.017893 -0.008065 -5.176884 2.3e-07 6.637783 0.095644 0.953304 0 3 1181 ---
rs2581710 T C 0.241859 -0.012979 0.002507 -0.017893 -0.008065 -5.176884 2.3e-07 6.637783 0.095644 0.953304 0 3 1181 ---
rs2581709 C T 0.241859 -0.012979 0.002507 -0.017893 -0.008065 -5.176884 2.3e-07 6.637783 0.095644 0.953304 0 3 1181 ---
rs2711400 G T 0.241859 -0.012979 0.002507 -0.017893 -0.008065 -5.176884 2.3e-07 6.637783 0.095644 0.953304 0 3 1181 ---
rs17082459 C A 0.241859 -0.012979 0.002507 -0.017893 -0.008065 -5.176884 2.3e-07 6.637783 0.095644 0.953304 0 3 1181 ---
rs4891849 T G 0.242208 -0.012933 0.002507 -0.017847 -0.008019 -5.158468 2.54e-07 6.595079 0.093157 0.95449 0 3 1181 ---
rs2581712 C T 0.242269 -0.012908 0.002507 -0.017821 -0.007995 -5.149596 2.66e-07 6.574556 0.091453 0.955303 0 3 1181 ---
rs2711402 A G 0.242208 -0.012886 0.002508 -0.017801 -0.007972 -5.138932 2.82e-07 6.549933 0.091019 0.95551 0 3 1181 ---
rs3865254 A G 0.333713 -0.013126 0.002563 -0.018149 -0.008103 -5.12161 3.09e-07 6.510039 1.028601 0.310487 0.027806 2 878 --?
rs2244420 G C 0.241831 -0.012861 0.002517 -0.017795 -0.007927 -5.109394 3.3e-07 6.481979 0.069317 0.965935 0 3 1181 ---
rs2439266 T G 0.241831 -0.012861 0.002517 -0.017795 -0.007927 -5.109394 3.3e-07 6.481979 0.069317 0.965935 0 3 1181 ---
rs8110536 G T 0.109524 -0.021316 0.004199 -0.029547 -0.013086 -5.076486 3.92e-07 6.406702 0.6973 0.403692 0 2 854 --?
rs76014762 C A 0.010576 -0.057422 0.011353 -0.079675 -0.035169 -5.05765 4.33e-07 6.363821 0.415595 0.812372 0 3 1181 ---
rs56054062 C T 0.244169 -0.012447 0.002503 -0.017352 -0.007541 -4.973156 6.71e-07 6.173295 0.394841 0.820845 0 3 1181 ---
rs2581708 G A 0.331608 -0.011316 0.002278 -0.015781 -0.006851 -4.967304 6.91e-07 6.160211 0.001027 0.999487 0 3 1181 ---
rs35757399 A G 0.044757 -0.026858 0.005416 -0.037473 -0.016242 -4.958975 7.22e-07 6.141612 0.306915 0.857737 0 3 1181 ---
rs2711407 C T 0.331957 -0.011283 0.002279 -0.015749 -0.006817 -4.951589 7.5e-07 6.125144 0.001335 0.999333 0 3 1181 ---
rs12605538 G A 0.237313 -0.012262 0.002521 -0.017204 -0.007321 -4.864026 1.17e-06 5.931648 0.696662 0.705865 0 3 1181 ---
rs34606248 T A 0.119012 -0.018675 0.003869 -0.026258 -0.011091 -4.826435 1.41e-06 5.849566 0.792571 0.373324 0 2 878 --?
rs111672041 G A 0.018582 -0.042012 0.008718 -0.059098 -0.024926 -4.81923 1.47e-06 5.833901 0.809986 0.666982 0 3 1181 ---
rs10795020 A G 0.418001 0.01062 0.002207 0.006293 0.014946 4.811146 1.53e-06 5.81635 1.60488 0.448234 0 3 1181 +++
rs9912213 T C 0.318203 -0.012561 0.002618 -0.017693 -0.007429 -4.7974 1.63e-06 5.786572 1.126209 0.288586 0.112065 2 878 --?
rs3865253 A G 0.318203 -0.012561 0.002618 -0.017693 -0.007429 -4.7974 1.63e-06 5.786572 1.126209 0.288586 0.112065 2 878 --?
rs7689528 A T 0.169728 -0.013922 0.002906 -0.019619 -0.008225 -4.790012 1.7e-06 5.770598 1.508187 0.470437 0 3 1181 ---
rs6503284 A G 0.311088 -0.012548 0.002626 -0.017695 -0.0074 -4.778039 1.8e-06 5.744762 0.906095 0.341153 0 2 878 --?
rs4525593 C T 0.238868 -0.011972 0.002508 -0.016888 -0.007055 -4.772783 1.85e-06 5.733439 0.499354 0.779052 0 3 1181 ---
rs17082439 A C 0.239421 -0.011986 0.002517 -0.016919 -0.007052 -4.761693 1.95e-06 5.709584 0.222401 0.894759 0 3 1181 ---
rs2119255 T A 0.234188 -0.012121 0.00255 -0.017119 -0.007123 -4.753065 2.04e-06 5.691061 0.309369 0.856685 0 3 1181 ---
rs16838441 C T 0.057011 -0.0377 0.007945 -0.053272 -0.022128 -4.745269 2.12e-06 5.674354 0.130049 0.718381 0 2 356 -?-
rs10904018 T G 0.418248 0.010399 0.002201 0.006085 0.014713 4.72479 2.34e-06 5.630581 1.498062 0.472824 0 3 1180 +++
rs7241843 C T 0.238024 -0.011872 0.002518 -0.016806 -0.006937 -4.715506 2.45e-06 5.610794 0.24732 0.88368 0 3 1181 ---
rs4833031 C T 0.082624 -0.031761 0.006746 -0.044984 -0.018539 -4.708227 2.54e-06 5.595306 1.677124 0.195307 0.403741 2 356 -?-
rs4583935 C A 0.016035 -0.041559 0.008842 -0.058889 -0.02423 -4.700407 2.64e-06 5.578691 0.010764 0.917368 0 2 1128 ?--
rs4891844 C T 0.236941 -0.011835 0.002526 -0.016787 -0.006884 -4.684735 2.85e-06 5.545471 0.572494 0.751077 0 3 1181 ---
rs2119252 T C 0.239133 -0.011652 0.002513 -0.016577 -0.006728 -4.63759 3.58e-06 5.446156 0.231028 0.890908 0 3 1181 ---
rs61868113 C T 0.050518 -0.023163 0.005007 -0.032976 -0.01335 -4.62629 3.78e-06 5.42249 0.166796 0.919985 0 3 1181 ---
rs55837035 A G 0.059363 -0.021154 0.004573 -0.030117 -0.01219 -4.625639 3.79e-06 5.42113 4.187073 0.123251 0.522339 3 1174 +--
rs16838445 A G 0.059597 -0.035787 0.007744 -0.050966 -0.020608 -4.621019 3.88e-06 5.411469 0.030038 0.862404 0 2 356 -?-
rs17286091 A T 0.12794 -0.014652 0.003178 -0.02088 -0.008423 -4.610596 4.08e-06 5.389711 0.694694 0.70656 0 3 1181 ---
rs117816918 C G 0.019334 -0.035997 0.007819 -0.051321 -0.020673 -4.6041 4.21e-06 5.376173 1.359754 0.506679 0 3 1181 ---
rs11097638 G T 0.168643 -0.013393 0.002911 -0.019099 -0.007687 -4.600752 4.27e-06 5.369202 1.939509 0.379176 0 3 1181 ---
rs8085120 A G 0.326542 -0.01061 0.002309 -0.015136 -0.006085 -4.595359 4.39e-06 5.357983 0.949713 0.621974 0 3 1181 ---
rs6506578 A G 0.059199 -0.020785 0.004531 -0.029666 -0.011904 -4.587345 4.56e-06 5.341334 4.448171 0.108166 0.550377 3 1181 +--
rs9411300 A T 0.09127 -0.020328 0.004436 -0.029022 -0.011634 -4.582599 4.66e-06 5.331487 1.494149 0.221574 0.330723 2 878 --?
rs73258371 G A 0.01505 0.043847 0.009571 0.025087 0.062607 4.581024 4.7e-06 5.328221 0.011846 0.913332 0 2 877 ++?
rs28470877 C T 0.101719 -0.016179 0.003536 -0.023109 -0.009249 -4.57607 4.81e-06 5.317957 0.852868 0.652833 0 3 1181 ---
rs149529718 A G 0.011742 -0.048723 0.010658 -0.069612 -0.027833 -4.571517 4.91e-06 5.308531 0.918834 0.337781 0 2 1128 ?--
rs72723597 C T 0.061953 0.024252 0.005307 0.013851 0.034653 4.569974 4.95e-06 5.305339 0.242779 0.622206 0 2 878 ++?
rs72829116 T C 0.01318 -0.04046 0.008859 -0.057825 -0.023096 -4.566914 5.02e-06 5.299011 3.600268 0.165277 0.444486 3 1181 ---
rs4779606 A G 0.178477 -0.014656 0.003213 -0.020954 -0.008358 -4.561141 5.16e-06 5.287085 1.216636 0.270022 0.178062 2 878 --?
rs17048943 T C 0.215161 0.011976 0.002628 0.006826 0.017126 4.557905 5.24e-06 5.280406 0.182216 0.912919 0 3 1181 +++
rs8099212 C G 0.445609 0.011441 0.002515 0.006512 0.01637 4.549662 5.45e-06 5.26341 2.293592 0.129909 0.564003 2 878 -+?
rs7234306 T C 0.229184 -0.011544 0.002538 -0.016519 -0.006569 -4.547648 5.5e-06 5.259262 0.291654 0.864307 0 3 1181 ---
rs17048937 A C 0.220898 0.011848 0.002607 0.006738 0.016958 4.544123 5.6e-06 5.252006 0.205654 0.902283 0 3 1181 +++
rs227853 C T 0.308891 0.010605 0.002334 0.00603 0.015181 4.543106 5.62e-06 5.249913 6.41216 0.040515 0.688093 3 1181 +++
rs75379772 T A 0.021179 -0.034279 0.007562 -0.0491 -0.019458 -4.533263 5.89e-06 5.229684 3.390663 0.183538 0.410145 3 1181 ---
rs3973448 G C 0.48402 0.011204 0.002473 0.006357 0.016052 4.530501 5.97e-06 5.224014 0.015058 0.902334 0 2 877 ++?
rs57294488 A G 0.166055 0.012661 0.002796 0.007182 0.018141 4.528816 6.02e-06 5.220557 4.786475 0.091333 0.582156 3 1181 -++
rs995352 T C 0.043084 -0.025192 0.005564 -0.036097 -0.014287 -4.527737 6.05e-06 5.218344 0.732986 0.693161 0 3 1181 ---
rs4865808 C T 0.274412 -0.010926 0.002414 -0.015657 -0.006195 -4.526593 6.08e-06 5.215998 2.599144 0.272648 0.230516 3 1181 ---
rs17490329 A T 0.060553 0.024177 0.005345 0.013701 0.034652 4.523425 6.17e-06 5.209505 0.23898 0.624944 0 2 878 ++?
rs8085011 A G 0.391978 0.011292 0.002497 0.006399 0.016186 4.522587 6.2e-06 5.207788 0.56684 0.451517 0 2 874 ++?
rs3852804 T C 0.464445 -0.011228 0.002484 -0.016096 -0.006359 -4.520234 6.27e-06 5.202968 1.694615 0.192994 0.409896 2 878 --?
rs77545918 G A 0.074163 -0.030687 0.006791 -0.043998 -0.017376 -4.518591 6.32e-06 5.199604 0.570134 0.450206 0 2 356 -?-
rs79814257 G A 0.01552 -0.03876 0.008581 -0.05558 -0.021941 -4.516805 6.37e-06 5.195948 1.695439 0.428391 0 3 1181 ---
rs75308776 A T 0.028986 -0.027486 0.00612 -0.039482 -0.015491 -4.491028 7.19e-06 5.143339 0.859686 0.650611 0 3 1181 ---
rs74883500 C T 0.017714 -0.037633 0.008392 -0.054081 -0.021185 -4.484529 7.41e-06 5.130119 0.276991 0.870667 0 3 1181 ---
rs76705950 A G 0.127473 0.014406 0.003214 0.008107 0.020705 4.482652 7.48e-06 5.126305 3.830578 0.147299 0.477886 3 1181 -++
rs73678519 A G 0.043254 0.023623 0.00527 0.013293 0.033952 4.482383 7.49e-06 5.125757 0.156817 0.924587 0 3 1181 +++
rs7506384 G C 0.500339 0.011233 0.002507 0.00632 0.016146 4.48126 7.53e-06 5.123475 1.14177 0.285279 0.124167 2 878 ++?
rs61079153 G T 0.165706 0.012521 0.002797 0.007039 0.018003 4.476641 7.69e-06 5.114096 4.676651 0.096489 0.572343 3 1181 -++
rs60269219 T C 0.165706 0.012521 0.002797 0.007039 0.018003 4.476641 7.69e-06 5.114096 4.676651 0.096489 0.572343 3 1181 -++
rs59356929 C T 0.165357 0.012521 0.002797 0.007039 0.018003 4.476641 7.69e-06 5.114096 4.676651 0.096489 0.572343 3 1181 -++
rs75748525 C T 0.044734 0.023921 0.005352 0.013431 0.034412 4.469298 7.96e-06 5.099204 5.314257 0.070149 0.623654 3 1181 -++
rs35286451 C A 0.044734 0.023921 0.005352 0.013431 0.034412 4.469298 7.96e-06 5.099204 5.314257 0.070149 0.623654 3 1181 -++
rs4859120 C A 0.256242 0.011291 0.00253 0.006333 0.01625 4.463208 8.19e-06 5.08687 2.058494 0.357276 0.028416 3 1180 +++
rs118149572 G A 0.029071 -0.029675 0.00665 -0.042709 -0.016642 -4.462589 8.21e-06 5.085618 3.813668 0.14855 0.475571 3 1181 +--
rs74656729 G A 0.029071 -0.029675 0.00665 -0.042709 -0.016642 -4.462589 8.21e-06 5.085618 3.813668 0.14855 0.475571 3 1181 +--
rs760660 A C 0.259954 0.012374 0.002778 0.00693 0.017818 4.455125 8.5e-06 5.070524 1.694087 0.193063 0.409711 2 878 ++?
rs7597888 T C 0.188169 -0.02104 0.004723 -0.030297 -0.011783 -4.454819 8.51e-06 5.069905 0.017079 0.896024 0 2 356 -?-
rs113045530 G A 0.160345 0.012533 0.002823 0.007001 0.018066 4.440159 9.11e-06 5.040329 4.23578 0.120285 0.527832 3 1181 -++
rs143154520 A G 0.160345 0.012533 0.002823 0.007001 0.018066 4.440159 9.11e-06 5.040329 4.23578 0.120285 0.527832 3 1181 -++
rs73568222 G A 0.160694 0.012522 0.002822 0.006991 0.018052 4.437823 9.21e-06 5.035626 4.227521 0.120783 0.52691 3 1181 -++
rs10422797 C T 0.160694 0.012522 0.002822 0.006991 0.018052 4.437823 9.21e-06 5.035626 4.227521 0.120783 0.52691 3 1181 -++
rs10421938 T C 0.160694 0.012522 0.002822 0.006991 0.018052 4.437823 9.21e-06 5.035626 4.227521 0.120783 0.52691 3 1181 -++
rs10423753 C T 0.160694 0.012522 0.002822 0.006991 0.018052 4.437823 9.21e-06 5.035626 4.227521 0.120783 0.52691 3 1181 -++
rs113728460 A G 0.160694 0.012522 0.002822 0.006991 0.018052 4.437823 9.21e-06 5.035626 4.227521 0.120783 0.52691 3 1181 -++
rs142415915 C T 0.160694 0.012522 0.002822 0.006991 0.018052 4.437823 9.21e-06 5.035626 4.227521 0.120783 0.52691 3 1181 -++
rs146871722 G A 0.160694 0.012522 0.002822 0.006991 0.018052 4.437823 9.21e-06 5.035626 4.227521 0.120783 0.52691 3 1181 -++
rs111691933 G T 0.160694 0.012522 0.002822 0.006991 0.018052 4.437823 9.21e-06 5.035626 4.227521 0.120783 0.52691 3 1181 -++
rs112909419 A G 0.160345 0.012522 0.002822 0.006991 0.018052 4.437823 9.21e-06 5.035626 4.227521 0.120783 0.52691 3 1181 -++
rs112668741 G A 0.160694 0.012522 0.002822 0.006991 0.018052 4.437823 9.21e-06 5.035626 4.227521 0.120783 0.52691 3 1181 -++
rs111462669 A G 0.160694 0.012522 0.002822 0.006991 0.018052 4.437823 9.21e-06 5.035626 4.227521 0.120783 0.52691 3 1181 -++
rs115000917 T C 0.160694 0.012522 0.002822 0.006991 0.018052 4.437823 9.21e-06 5.035626 4.227521 0.120783 0.52691 3 1181 -++
rs114034486 G A 0.160694 0.012522 0.002822 0.006991 0.018052 4.437823 9.21e-06 5.035626 4.227521 0.120783 0.52691 3 1181 -++
rs11881161 C T 0.160694 0.012522 0.002822 0.006991 0.018052 4.437823 9.21e-06 5.035626 4.227521 0.120783 0.52691 3 1181 -++
rs4624280 C T 0.025166 -0.030425 0.006857 -0.043865 -0.016985 -4.436888 9.25e-06 5.033744 4.308201 0.116007 0.535769 3 1181 ---
rs203665 T C 0.022505 -0.031221 0.007042 -0.045022 -0.017419 -4.433814 9.39e-06 5.027558 0.73548 0.692297 0 3 1181 ---
rs35487210 T C 0.013578 -0.041919 0.009469 -0.060478 -0.02336 -4.427037 9.68e-06 5.013934 3.210243 0.200865 0.376994 3 1181 +--
rs2119254 A G 0.420902 -0.009594 0.002167 -0.013842 -0.005347 -4.427082 9.68e-06 5.014023 0.617828 0.734244 0 3 1181 ---
rs72818268 C G 0.163982 -0.012236 0.002768 -0.017661 -0.006811 -4.420691 9.97e-06 5.001193 7.736852 0.020891 0.741497 3 1181 ---
