rs_number reference_allele other_allele eaf beta se beta_95L beta_95U z p-value -log10_p-value q_statistic q_p-value i2 n_studies n_samples effects
rs429358 C T 0.140369 -0.015817 0.001717 -0.019183 -0.012451 -9.209802 3.47e-20 19.459597 3.393839 0.183247 0.410697 3 3072 --?-
rs10414043 A G 0.115314 -0.0167 0.001865 -0.020355 -0.013045 -8.954683 3.61e-19 18.442445 6.19691 0.045119 0.677258 3 3074 --?-
rs7256200 T G 0.115314 -0.0167 0.001865 -0.020355 -0.013045 -8.954683 3.61e-19 18.442445 6.19691 0.045119 0.677258 3 3074 --?-
rs769449 A G 0.113394 -0.016426 0.001881 -0.020112 -0.012739 -8.733261 2.62e-18 17.582305 8.543089 0.01396 0.765893 3 3074 --?-
rs34095326 A G 0.115188 -0.012585 0.001509 -0.015543 -0.009628 -8.340349 7.8e-17 16.107777 4.053922 0.2557 0.259976 4 6546 ----
rs73052335 C A 0.124066 -0.014915 0.001811 -0.018464 -0.011366 -8.236381 1.87e-16 15.728679 4.043217 0.132442 0.505344 3 3074 --?-
rs6857 T C 0.165199 -0.013303 0.001617 -0.016473 -0.010133 -8.225955 2.04e-16 15.690919 1.165173 0.558452 0 3 3074 --?-
rs56131196 A G 0.174937 -0.012642 0.001585 -0.015749 -0.009536 -7.976008 1.59e-15 14.799613 1.358831 0.506913 0 3 3072 --?-
rs4420638 G A 0.174791 -0.012612 0.001586 -0.01572 -0.009504 -7.952895 1.91e-15 14.718544 1.459246 0.482091 0 3 3071 --?-
rs12721051 G C 0.174843 -0.012471 0.001586 -0.015579 -0.009363 -7.864769 3.88e-15 14.411539 1.457637 0.482479 0 3 3074 --?-
rs10119 A G 0.291869 -0.008078 0.001057 -0.010149 -0.006006 -7.641775 2.24e-14 13.649538 0.355962 0.949182 0 4 6546 ----
rs2075650 G A 0.142111 -0.013036 0.001723 -0.016413 -0.00966 -7.567617 3.97e-14 13.400839 2.570469 0.276586 0.221932 3 3074 --?-
rs11556505 T C 0.141774 -0.013003 0.001723 -0.016381 -0.009625 -7.544883 4.73e-14 13.32507 2.580627 0.275184 0.224995 3 3074 --?-
rs34404554 G C 0.141774 -0.01297 0.001724 -0.016349 -0.00959 -7.522177 5.63e-14 13.249615 2.590925 0.273771 0.228075 3 3074 --?-
rs111789331 A T 0.146343 -0.012731 0.001706 -0.016074 -0.009388 -7.464363 8.74e-14 13.058486 3.881642 0.143586 0.484754 3 3074 --?-
rs66626994 A G 0.14658 -0.012625 0.001706 -0.015968 -0.009281 -7.400362 1.42e-13 12.848567 3.584096 0.166619 0.441979 3 3074 --?-
rs12721046 A G 0.145002 -0.012633 0.00171 -0.015985 -0.009281 -7.386452 1.57e-13 12.803172 4.45728 0.107675 0.551296 3 3074 --?-
rs75627662 T C 0.19397 -0.008909 0.001227 -0.011314 -0.006503 -7.25823 4.09e-13 12.388641 3.065178 0.381685 0.021264 4 6546 ----
rs12972156 G C 0.141917 -0.012339 0.001727 -0.015723 -0.008955 -7.146391 9.27e-13 12.032803 1.73601 0.419788 0 3 3074 --?-
rs12972970 A G 0.141917 -0.012339 0.001727 -0.015723 -0.008955 -7.146391 9.27e-13 12.032803 1.73601 0.419788 0 3 3074 --?-
rs71352238 C T 0.145534 -0.012108 0.001718 -0.015475 -0.008742 -7.049577 1.87e-12 11.72908 2.286281 0.318816 0.125217 3 3074 --?-
chr19:44893408:G:T T G 0.201322 -0.010317 0.001503 -0.013263 -0.007371 -6.864032 6.95e-12 11.158165 1.471313 0.479191 0 3 3073 --?-
rs34342646 A G 0.145435 -0.011521 0.001718 -0.014888 -0.008155 -6.70799 2.04e-11 10.689383 1.251278 0.53492 0 3 3074 --?-
rs147711004 A G 0.031689 -0.018131 0.002821 -0.023659 -0.012602 -6.428056 1.34e-10 9.87438 6.652112 0.083853 0.549015 4 6546 ----
rs5117 C T 0.216356 -0.009284 0.00147 -0.012165 -0.006404 -6.317575 2.74e-10 9.561892 2.747889 0.253107 0.272169 3 3074 --?-
rs184017 G T 0.212717 -0.009276 0.001476 -0.012169 -0.006382 -6.283852 3.41e-10 9.467542 0.368682 0.831652 0 3 3074 --?-
rs483082 T G 0.217664 -0.00911 0.001466 -0.011984 -0.006236 -6.213122 5.36e-10 9.271222 2.42988 0.296728 0.176914 3 3074 --?-
rs157581 C T 0.213668 -0.009157 0.001476 -0.012049 -0.006264 -6.204185 5.67e-10 9.246566 0.234025 0.889574 0 3 3074 --?-
rs438811 T C 0.217409 -0.009098 0.001467 -0.011973 -0.006224 -6.203932 5.68e-10 9.24587 2.179254 0.336342 0.082255 3 3074 --?-
rs41289512 G C 0.03802 -0.016009 0.002586 -0.021078 -0.01094 -6.189965 6.2e-10 9.207408 10.690607 0.013522 0.71938 4 6546 ----
rs157582 T C 0.211928 -0.009087 0.001478 -0.011985 -0.00619 -6.147191 8.13e-10 9.090133 0.316092 0.853811 0 3 3074 --?-
rs283815 G A 0.213077 -0.009054 0.001477 -0.011949 -0.006159 -6.130049 9.05e-10 9.043353 0.311107 0.855941 0 3 3069 --?-
rs283811 G A 0.213031 -0.008869 0.001474 -0.011758 -0.005981 -6.017791 1.82e-09 8.740078 0.070102 0.965556 0 3 3074 --?-
rs146275714 A G 0.01897 -0.020818 0.003632 -0.027936 -0.0137 -5.732497 1.02e-08 7.993355 14.258536 0.002574 0.7896 4 6546 ----
rs28399664 G C 0.018277 -0.020167 0.003689 -0.027398 -0.012937 -5.466817 4.69e-08 7.328912 11.985717 0.007432 0.749702 4 6546 ----
rs12691088 A G 0.019119 -0.019707 0.003608 -0.026779 -0.012636 -5.462593 4.8e-08 7.318589 12.874151 0.004917 0.766975 4 6546 ----
rs1038026 G A 0.43706 0.004957 0.00098 0.003035 0.006878 5.055242 4.38e-07 6.358349 2.145393 0.542784 0 4 6546 ++++
rs74834851 T C 0.069558 -0.009326 0.001847 -0.012947 -0.005705 -5.047903 4.55e-07 6.341689 0.889256 0.82802 0 4 6546 ----
rs1160985 T C 0.437007 0.004947 0.00098 0.003025 0.006869 5.045729 4.61e-07 6.336758 2.153057 0.541254 0 4 6546 ++++
rs760136 G A 0.43706 0.004942 0.00098 0.00302 0.006863 5.041218 4.71e-07 6.326533 2.153217 0.541222 0 4 6546 ++++
rs58142675 T G 0.015034 -0.02042 0.004076 -0.028408 -0.012432 -5.010348 5.54e-07 6.256791 0.894742 0.639307 0 3 5505 ---?
rs57349827 G A 0.015034 -0.02042 0.004076 -0.028408 -0.012432 -5.010348 5.54e-07 6.256791 0.894742 0.639307 0 3 5505 ---?
rs741780 C T 0.43722 0.004865 0.00098 0.002943 0.006786 4.962658 7.08e-07 6.149832 2.166691 0.538539 0 4 6546 ++++
rs7259620 A G 0.433684 0.004826 0.000979 0.002908 0.006745 4.931143 8.32e-07 6.079675 2.742765 0.433009 0 4 6545 ++++
rs1038025 C T 0.43692 0.004841 0.000982 0.002917 0.006766 4.930122 8.37e-07 6.077408 2.164973 0.538881 0 4 6546 ++++
rs17220908 T C 0.06976 -0.009499 0.001945 -0.013311 -0.005687 -4.884261 1.06e-06 5.976078 6.860929 0.032372 0.708494 3 6213 -?--
rs75592842 A G 0.081486 -0.008326 0.001728 -0.011712 -0.004939 -4.817971 1.48e-06 5.831166 2.099395 0.552035 0 4 6546 ----
rs28644184 T C 0.458353 -0.004678 0.000977 -0.006593 -0.002764 -4.78883 1.71e-06 5.768045 2.481435 0.478656 0 4 6545 ----
rs9638321 G C 0.318238 0.004949 0.001035 0.002921 0.006977 4.782355 1.76e-06 5.754069 0.670642 0.880087 0 4 6546 +-++
rs4717137 A G 0.318238 0.004908 0.001034 0.002882 0.006935 4.746713 2.1e-06 5.677446 0.69505 0.874368 0 4 6546 +-++
rs10225008 A C 0.317994 0.004908 0.001035 0.002879 0.006938 4.741125 2.16e-06 5.665482 0.721673 0.868095 0 4 6546 +-++
rs9529176 C A 0.433894 -0.004548 0.000963 -0.006435 -0.00266 -4.722044 2.37e-06 5.624723 1.955862 0.581618 0 4 6546 ----
rs9529177 T C 0.445678 -0.004529 0.000964 -0.006418 -0.00264 -4.698995 2.66e-06 5.575695 2.52608 0.470596 0 4 6546 ----
rs60005475 T G 0.014944 -0.019109 0.004088 -0.027122 -0.011095 -4.673744 3e-06 5.522235 2.482631 0.289004 0.194403 3 5505 ---?
rs56849294 T C 0.014944 -0.019109 0.004088 -0.027122 -0.011095 -4.673744 3e-06 5.522235 2.482631 0.289004 0.194403 3 5505 ---?
rs73324731 A G 0.049268 -0.010463 0.002243 -0.014858 -0.006067 -4.665585 3.13e-06 5.505018 8.288793 0.040405 0.638066 4 6546 -+--
rs73324729 A G 0.049085 -0.010476 0.002247 -0.014879 -0.006072 -4.662738 3.17e-06 5.499017 8.170384 0.042619 0.63282 4 6546 -+--
rs73799183 A C 0.049085 -0.010476 0.002247 -0.014879 -0.006072 -4.662738 3.17e-06 5.499017 8.170384 0.042619 0.63282 4 6546 -+--
rs73324732 A C 0.049085 -0.010476 0.002247 -0.014879 -0.006072 -4.662738 3.17e-06 5.499017 8.170384 0.042619 0.63282 4 6546 -+--
rs73324733 G C 0.049085 -0.010476 0.002247 -0.014879 -0.006072 -4.662738 3.17e-06 5.499017 8.170384 0.042619 0.63282 4 6546 -+--
rs10515851 C G 0.049085 -0.010476 0.002247 -0.014879 -0.006072 -4.662738 3.17e-06 5.499017 8.170384 0.042619 0.63282 4 6546 -+--
rs73324741 A T 0.049085 -0.010476 0.002247 -0.014879 -0.006072 -4.662738 3.17e-06 5.499017 8.170384 0.042619 0.63282 4 6546 -+--
rs73324747 T C 0.049085 -0.010476 0.002247 -0.014879 -0.006072 -4.662738 3.17e-06 5.499017 8.170384 0.042619 0.63282 4 6546 -+--
rs73324751 G A 0.049144 -0.010476 0.002247 -0.014879 -0.006072 -4.662738 3.17e-06 5.499017 8.170384 0.042619 0.63282 4 6546 -+--
rs12423334 T C 0.412466 -0.004582 0.000983 -0.006509 -0.002656 -4.662849 3.17e-06 5.499253 2.67079 0.445214 0 4 6546 ----
rs17061334 C T 0.049092 -0.010475 0.002247 -0.014879 -0.006071 -4.662022 3.18e-06 5.497508 8.17106 0.042606 0.632851 4 6545 -+--
rs73324750 C G 0.049085 -0.010453 0.002248 -0.014858 -0.006047 -4.650522 3.36e-06 5.473306 8.150141 0.043009 0.631908 4 6546 -+--
rs532156473 T A 0.049146 -0.010445 0.002249 -0.014854 -0.006037 -4.644261 3.47e-06 5.460153 7.658018 0.053634 0.608254 4 6546 -+--
rs8106922 G A 0.395243 0.004611 0.000993 0.002665 0.006558 4.643457 3.48e-06 5.458466 3.180271 0.364657 0.056684 4 6544 +++-
rs73324753 C T 0.049217 -0.010403 0.002246 -0.014805 -0.006 -4.631577 3.69e-06 5.433557 7.720022 0.052167 0.6114 4 6546 -+--
rs73324754 T A 0.049217 -0.010403 0.002246 -0.014805 -0.006 -4.631577 3.69e-06 5.433557 7.720022 0.052167 0.6114 4 6546 -+--
rs57505550 A T 0.049217 -0.010403 0.002246 -0.014805 -0.006 -4.631577 3.69e-06 5.433557 7.720022 0.052167 0.6114 4 6546 -+--
rs56830205 G A 0.049217 -0.010403 0.002246 -0.014805 -0.006 -4.631577 3.69e-06 5.433557 7.720022 0.052167 0.6114 4 6546 -+--
rs58701669 T C 0.049217 -0.010403 0.002246 -0.014805 -0.006 -4.631577 3.69e-06 5.433557 7.720022 0.052167 0.6114 4 6546 -+--
rs10515852 C T 0.049217 -0.010403 0.002246 -0.014805 -0.006 -4.631577 3.69e-06 5.433557 7.720022 0.052167 0.6114 4 6546 -+--
rs10515853 A G 0.049217 -0.010403 0.002246 -0.014805 -0.006 -4.631577 3.69e-06 5.433557 7.720022 0.052167 0.6114 4 6546 -+--
rs59199395 A T 0.049217 -0.010403 0.002246 -0.014805 -0.006 -4.631577 3.69e-06 5.433557 7.720022 0.052167 0.6114 4 6546 -+--
rs60074657 C T 0.049217 -0.010403 0.002246 -0.014805 -0.006 -4.631577 3.69e-06 5.433557 7.720022 0.052167 0.6114 4 6546 -+--
rs57542060 T C 0.049217 -0.010403 0.002246 -0.014805 -0.006 -4.631577 3.69e-06 5.433557 7.720022 0.052167 0.6114 4 6546 -+--
rs73324767 A C 0.049217 -0.010403 0.002246 -0.014805 -0.006 -4.631577 3.69e-06 5.433557 7.720022 0.052167 0.6114 4 6546 -+--
rs73324769 T G 0.049217 -0.010403 0.002246 -0.014805 -0.006 -4.631577 3.69e-06 5.433557 7.720022 0.052167 0.6114 4 6546 -+--
rs73324775 T A 0.049217 -0.010403 0.002246 -0.014805 -0.006 -4.631577 3.69e-06 5.433557 7.720022 0.052167 0.6114 4 6546 -+--
rs111889812 T C 0.049217 -0.010403 0.002246 -0.014805 -0.006 -4.631577 3.69e-06 5.433557 7.720022 0.052167 0.6114 4 6546 -+--
rs73324781 A G 0.049217 -0.010403 0.002246 -0.014805 -0.006 -4.631577 3.69e-06 5.433557 7.720022 0.052167 0.6114 4 6546 -+--
rs76662174 A T 0.049217 -0.010403 0.002246 -0.014805 -0.006 -4.631577 3.69e-06 5.433557 7.720022 0.052167 0.6114 4 6546 -+--
rs112982875 A T 0.049217 -0.010403 0.002246 -0.014805 -0.006 -4.631577 3.69e-06 5.433557 7.720022 0.052167 0.6114 4 6546 -+--
rs73324784 G T 0.049217 -0.010403 0.002246 -0.014805 -0.006 -4.631577 3.69e-06 5.433557 7.720022 0.052167 0.6114 4 6546 -+--
rs112630573 A G 0.049271 -0.010403 0.002246 -0.014805 -0.006 -4.631577 3.69e-06 5.433557 7.720022 0.052167 0.6114 4 6546 -+--
rs115799066 T C 0.049217 -0.010403 0.002246 -0.014805 -0.006 -4.631577 3.69e-06 5.433557 7.720022 0.052167 0.6114 4 6546 -+--
rs114585550 T G 0.049217 -0.010403 0.002246 -0.014805 -0.006 -4.631577 3.69e-06 5.433557 7.720022 0.052167 0.6114 4 6546 -+--
rs59791106 T G 0.049217 -0.010403 0.002246 -0.014805 -0.006 -4.631577 3.69e-06 5.433557 7.720022 0.052167 0.6114 4 6546 -+--
rs149923521 A G 0.049217 -0.010403 0.002246 -0.014805 -0.006 -4.631577 3.69e-06 5.433557 7.720022 0.052167 0.6114 4 6546 -+--
rs144054403 A G 0.049217 -0.010403 0.002246 -0.014805 -0.006 -4.631577 3.69e-06 5.433557 7.720022 0.052167 0.6114 4 6546 -+--
rs73326708 A T 0.049217 -0.010403 0.002246 -0.014805 -0.006 -4.631577 3.69e-06 5.433557 7.720022 0.052167 0.6114 4 6546 -+--
rs146440653 T C 0.049217 -0.010403 0.002246 -0.014805 -0.006 -4.631577 3.69e-06 5.433557 7.720022 0.052167 0.6114 4 6546 -+--
rs140789798 T G 0.049217 -0.010403 0.002246 -0.014805 -0.006 -4.631577 3.69e-06 5.433557 7.720022 0.052167 0.6114 4 6546 -+--
rs79017712 T C 0.049217 -0.010403 0.002246 -0.014805 -0.006 -4.631577 3.69e-06 5.433557 7.720022 0.052167 0.6114 4 6546 -+--
rs6862784 A G 0.049217 -0.010403 0.002246 -0.014805 -0.006 -4.631577 3.69e-06 5.433557 7.720022 0.052167 0.6114 4 6546 -+--
rs58348716 A G 0.049158 -0.010397 0.002247 -0.014801 -0.005993 -4.626993 3.77e-06 5.423962 7.715628 0.052269 0.611179 4 6546 -+--
rs9845438 C A 0.230095 -0.00535 0.001157 -0.007618 -0.003083 -4.625497 3.79e-06 5.420833 4.208363 0.239826 0.287134 4 6546 -+--
rs17061344 A G 0.049144 -0.010381 0.002246 -0.014783 -0.00598 -4.622789 3.84e-06 5.41517 8.084056 0.044306 0.628899 4 6546 -+--
rs56133049 T C 0.049158 -0.010383 0.002247 -0.014787 -0.005979 -4.620879 3.88e-06 5.411177 7.702404 0.05258 0.610511 4 6546 -+--
rs6868301 A G 0.049348 -0.010334 0.002244 -0.014732 -0.005935 -4.604508 4.2e-06 5.377021 7.358765 0.061301 0.592323 4 6546 -+--
rs73326722 A G 0.049348 -0.010334 0.002244 -0.014732 -0.005935 -4.604508 4.2e-06 5.377021 7.358765 0.061301 0.592323 4 6546 -+--
rs113476241 T C 0.049348 -0.010334 0.002244 -0.014732 -0.005935 -4.604508 4.2e-06 5.377021 7.358765 0.061301 0.592323 4 6546 -+--
rs9529175 C T 0.430871 -0.004453 0.000968 -0.006351 -0.002556 -4.600554 4.28e-06 5.368789 2.07452 0.557085 0 4 6542 ----
rs3819547 C G 0.090956 -0.007575 0.001647 -0.010803 -0.004347 -4.599479 4.3e-06 5.366553 1.872673 0.59925 0 4 6546 ----
rs769450 A G 0.398443 0.004574 0.000995 0.002624 0.006524 4.597677 4.34e-06 5.362803 3.354356 0.340149 0.105641 4 6546 +++-
rs10849893 G C 0.416898 -0.004509 0.000981 -0.006432 -0.002587 -4.59684 4.35e-06 5.361062 1.81829 0.610963 0 4 6546 ----
rs113746588 T C 0.073229 0.008639 0.00188 0.004954 0.012325 4.594475 4.4e-06 5.356145 2.983543 0.394169 0 4 6546 +-++
rs73324771 A G 0.049397 -0.010292 0.002243 -0.014688 -0.005895 -4.588378 4.53e-06 5.343479 7.614336 0.054692 0.606006 4 6546 -+--
rs73002440 A G 0.024313 0.014934 0.003261 0.008543 0.021325 4.579755 4.73e-06 5.325592 2.069502 0.355315 0.033584 3 5504 +++?
rs28588142 T C 0.180774 -0.005702 0.001249 -0.008151 -0.003254 -4.56435 5.08e-06 5.293712 0.100144 0.99182 0 4 6546 ----
rs12153297 T C 0.049434 -0.010221 0.002244 -0.014619 -0.005824 -4.555624 5.3e-06 5.275699 6.754582 0.080145 0.555857 4 6544 -+--
rs34878901 T C 0.395617 0.00452 0.000993 0.002574 0.006466 4.552477 5.38e-06 5.26921 2.894009 0.408257 0 4 6546 +++-
rs1023033 G A 0.416863 -0.004397 0.000968 -0.006295 -0.002499 -4.541225 5.67e-06 5.246045 1.436187 0.697075 0 4 6546 ----
rs9536655 C T 0.077363 -0.008033 0.001769 -0.011501 -0.004566 -4.541063 5.68e-06 5.245711 4.830565 0.184633 0.378955 4 6541 ----
rs142547591 T G 0.01577 -0.021166 0.004677 -0.030333 -0.012 -4.525801 6.1e-06 5.214375 0.242861 0.885653 0 3 3074 --?-
rs147091659 G A 0.015237 -0.018428 0.004077 -0.026419 -0.010436 -4.519408 6.29e-06 5.201278 1.973545 0.372778 0 3 5505 -+-?
rs4980995 C T 0.4614 -0.004413 0.000978 -0.00633 -0.002496 -4.511181 6.54e-06 5.184447 2.372215 0.498828 0 4 6546 ----
rs11040777 C T 0.072363 0.008528 0.001892 0.00482 0.012237 4.507157 6.66e-06 5.176225 3.732068 0.291887 0.196156 4 6546 +-++
rs9571711 T C 0.415222 -0.004361 0.000968 -0.006257 -0.002464 -4.50685 6.67e-06 5.175598 1.476336 0.687743 0 4 6546 ----
rs1305062 C G 0.394907 0.004471 0.000994 0.002522 0.006419 4.497993 6.96e-06 5.157528 2.863018 0.413231 0 4 6546 +++-
rs12537953 T C 0.320633 0.004646 0.001036 0.002616 0.006675 4.485727 7.37e-06 5.132555 1.173107 0.759461 0 4 6546 +-++
rs79506809 A C 0.061763 0.008966 0.001999 0.005048 0.012884 4.485285 7.38e-06 5.131656 2.56073 0.464416 0 4 6546 +++-
rs62476444 G A 0.322156 0.00463 0.001034 0.002603 0.006656 4.47783 7.65e-06 5.116509 0.893466 0.827004 0 4 6546 +-++
rs72850940 T C 0.071977 0.008477 0.001896 0.004761 0.012192 4.471712 7.87e-06 5.104097 3.677269 0.298488 0.184177 4 6546 +-++
rs9540991 C T 0.426539 -0.004326 0.000968 -0.006223 -0.00243 -4.471247 7.89e-06 5.103155 2.041432 0.563852 0 4 6546 ----
rs4530242 G A 0.095478 0.007218 0.001616 0.004051 0.010384 4.467338 8.03e-06 5.095232 1.093804 0.77857 0 4 6546 ++++
rs9571712 G A 0.428803 -0.00432 0.000968 -0.006217 -0.002424 -4.464476 8.14e-06 5.089438 2.387613 0.495945 0 4 6533 ----
rs4899611 A G 0.080911 -0.007864 0.001765 -0.011323 -0.004406 -4.456638 8.44e-06 5.073582 5.172216 0.159612 0.419978 4 6546 -+--
rs77916371 T C 0.060104 0.009162 0.002058 0.005129 0.013195 4.452506 8.61e-06 5.065234 0.742845 0.863083 0 4 6545 ++++
rs144480040 A G 0.014043 -0.019067 0.004286 -0.027467 -0.010667 -4.448826 8.75e-06 5.057805 3.468114 0.176567 0.423318 3 5505 -+-?
rs139184624 T C 0.041731 -0.011315 0.002544 -0.016302 -0.006328 -4.447124 8.82e-06 5.054371 0.719287 0.697925 0 3 5505 ---?
rs75220298 G A 0.043107 -0.010605 0.002388 -0.015286 -0.005925 -4.441296 9.07e-06 5.042621 0.33576 0.953169 0 4 6546 ----
rs62295228 C T 0.103693 -0.00696 0.001567 -0.010032 -0.003888 -4.44084 9.08e-06 5.041702 2.782906 0.426322 0 4 6546 ----
rs9317635 T C 0.425523 -0.004294 0.000968 -0.006191 -0.002397 -4.436301 9.28e-06 5.032561 2.062178 0.559602 0 4 6546 ----
rs149174406 T C 0.038126 -0.010987 0.002478 -0.015844 -0.00613 -4.433616 9.39e-06 5.027158 1.886813 0.596228 0 4 6546 ----
rs258563 A G 0.049093 0.012255 0.002764 0.006837 0.017673 4.433304 9.41e-06 5.026532 0.176496 0.915534 0 3 3074 ++?+
rs699853 A G 0.365806 -0.004468 0.001009 -0.006445 -0.002491 -4.4292 9.59e-06 5.018279 2.087522 0.554441 0 4 6546 ----
rs609073 G A 0.353246 -0.004491 0.001014 -0.00648 -0.002503 -4.427264 9.67e-06 5.014388 1.63221 0.652109 0 4 6546 ----
rs62293944 T C 0.101319 -0.007045 0.001592 -0.010164 -0.003925 -4.426068 9.73e-06 5.011986 2.43022 0.488034 0 4 6546 ----
