rs_number reference_allele other_allele eaf beta se beta_95L beta_95U z p-value -log10_p-value q_statistic q_p-value i2 n_studies n_samples effects
rs11879304 A G 0.42262 0.229464 0.047003 0.137338 0.321591 4.881861 1.07e-06 5.9708 1.258213 0.26199 0.205222 2 2844 ++?
rs72836244 A G 0.059403 -0.367979 0.077886 -0.520636 -0.215321 -4.724558 2.34e-06 5.630084 0.206052 0.902103 0 3 3367 ---
rs72836240 G A 0.05955 -0.365497 0.07771 -0.51781 -0.213185 -4.703318 2.6e-06 5.584874 0.215497 0.897853 0 3 3367 ---
rs72836241 G A 0.05955 -0.365497 0.07771 -0.51781 -0.213185 -4.703318 2.6e-06 5.584874 0.215497 0.897853 0 3 3367 ---
rs72836243 T C 0.05955 -0.365497 0.07771 -0.51781 -0.213185 -4.703318 2.6e-06 5.584874 0.215497 0.897853 0 3 3367 ---
rs72836246 C T 0.05955 -0.365497 0.07771 -0.51781 -0.213185 -4.703318 2.6e-06 5.584874 0.215497 0.897853 0 3 3367 ---
rs72836248 G A 0.05955 -0.365497 0.07771 -0.51781 -0.213185 -4.703318 2.6e-06 5.584874 0.215497 0.897853 0 3 3367 ---
rs72836249 G C 0.05955 -0.365497 0.07771 -0.51781 -0.213185 -4.703318 2.6e-06 5.584874 0.215497 0.897853 0 3 3367 ---
rs72836251 A C 0.05955 -0.365497 0.07771 -0.51781 -0.213185 -4.703318 2.6e-06 5.584874 0.215497 0.897853 0 3 3367 ---
rs79156617 T G 0.059697 -0.361292 0.07704 -0.512291 -0.210293 -4.689656 2.78e-06 5.555891 0.156033 0.924949 0 3 3367 ---
rs742079 T C 0.521132 0.173538 0.037071 0.100879 0.246198 4.681218 2.9e-06 5.53803 0.552879 0.758479 0 3 3366 +++
rs9878159 T C 0.352015 -0.225279 0.048506 -0.32035 -0.130207 -4.644352 3.46e-06 5.460346 0.001477 0.969341 0 2 2844 --?
rs9882482 A G 0.352015 -0.225279 0.048506 -0.32035 -0.130207 -4.644352 3.46e-06 5.460346 0.001477 0.969341 0 2 2844 --?
rs1979703 T C 0.351822 -0.225279 0.048514 -0.320367 -0.130191 -4.643563 3.48e-06 5.458688 0.001477 0.969341 0 2 2844 --?
rs7194801 T C 0.443453 -0.166205 0.03596 -0.236686 -0.095724 -4.621996 3.86e-06 5.413511 3.374575 0.185021 0.407333 3 3367 +--
rs2539503 G A 0.141099 0.265282 0.057634 0.15232 0.378245 4.602897 4.23e-06 5.373667 0.997036 0.60743 0 3 3367 +++
rs1669498 T C 0.478443 0.163473 0.035818 0.09327 0.233676 4.56403 5.09e-06 5.293052 1.127983 0.568934 0 3 3367 +++
rs9931601 T C 0.44196 -0.163255 0.035968 -0.233753 -0.092757 -4.538831 5.74e-06 5.241122 3.314001 0.19071 0.3965 3 3367 +--
rs6569757 T C 0.182382 0.220175 0.048603 0.124914 0.315436 4.5301 5.98e-06 5.223192 1.156716 0.560819 0 3 3367 +++
rs6073705 G C 0.523789 0.167389 0.037075 0.094721 0.240057 4.514827 6.43e-06 5.191903 0.470824 0.790245 0 3 3367 +++
rs2539502 T C 0.138524 0.261321 0.057918 0.147801 0.37484 4.511905 6.52e-06 5.185927 1.027276 0.598315 0 3 3367 +++
rs12970702 C T 0.17929 -0.269954 0.059883 -0.387326 -0.152583 -4.508 6.64e-06 5.177946 0.404546 0.524751 0 2 2844 --?
rs35732851 C T 0.194852 -0.208294 0.046225 -0.298895 -0.117693 -4.506101 6.7e-06 5.17407 0.77039 0.680318 0 3 3367 ---
rs1462771 G A 0.194689 -0.208354 0.046243 -0.29899 -0.117718 -4.505648 6.71e-06 5.173145 0.770303 0.680348 0 3 3367 ---
rs1848388 G A 0.442507 -0.16183 0.035916 -0.232225 -0.091435 -4.505808 6.71e-06 5.173471 3.336395 0.188587 0.400551 3 3367 +--
rs12373060 G A 0.442507 -0.16183 0.035916 -0.232225 -0.091435 -4.505808 6.71e-06 5.173471 3.336395 0.188587 0.400551 3 3367 +--
rs2055726 G A 0.474599 -0.162909 0.036237 -0.233933 -0.091885 -4.495699 7.03e-06 5.152852 2.776391 0.249525 0.27964 3 3367 +--
rs876972 C T 0.442262 -0.161446 0.035912 -0.231833 -0.091059 -4.495627 7.04e-06 5.152706 3.336031 0.188621 0.400485 3 3367 +--
rs4576351 A T 0.138435 0.26037 0.058031 0.146629 0.374111 4.486726 7.34e-06 5.134587 1.038658 0.59492 0 3 3367 +++
rs12445483 C A 0.456791 -0.162547 0.03624 -0.233577 -0.091517 -4.48531 7.38e-06 5.131706 3.080426 0.214335 0.350739 3 3367 +--
rs7971698 A T 0.043077 -0.502663 0.112124 -0.722426 -0.2829 -4.4831 7.46e-06 5.127214 1.244001 0.264701 0.196142 2 2844 --?
rs7184122 G A 0.442204 -0.160917 0.035915 -0.231311 -0.090524 -4.480499 7.55e-06 5.12193 3.326692 0.189504 0.398802 3 3367 +--
rs720063 G T 0.524336 0.166018 0.037081 0.09334 0.238696 4.477212 7.67e-06 5.115256 0.457531 0.795515 0 3 3367 +++
rs1478581 A G 0.192023 -0.222126 0.049625 -0.319391 -0.124862 -4.476125 7.71e-06 5.11305 2.812376 0.245076 0.288857 3 3357 +--
rs4496141 G T 0.457206 -0.162003 0.036245 -0.233044 -0.090963 -4.469666 7.94e-06 5.09995 3.041725 0.218523 0.342478 3 3367 +--
rs1423791 A C 0.457206 -0.162003 0.036245 -0.233044 -0.090963 -4.469666 7.94e-06 5.09995 3.041725 0.218523 0.342478 3 3367 +--
rs1423792 C T 0.457206 -0.162003 0.036245 -0.233044 -0.090963 -4.469666 7.94e-06 5.09995 3.041725 0.218523 0.342478 3 3367 +--
rs12486232 G A 0.249769 -0.197065 0.044095 -0.283491 -0.11064 -4.469131 7.96e-06 5.098865 0.036332 0.981998 0 3 3367 ---
rs12496138 A T 0.249769 -0.197065 0.044095 -0.283491 -0.11064 -4.469131 7.96e-06 5.098865 0.036332 0.981998 0 3 3367 ---
rs7765331 C T 0.182382 0.2173 0.04862 0.122005 0.312595 4.469367 7.96e-06 5.099344 1.266784 0.530788 0 3 3367 +++
rs11220765 C A 0.198678 -0.20425 0.045748 -0.293916 -0.114583 -4.464638 8.13e-06 5.089765 4.909451 0.085887 0.592622 3 3367 ---
rs12373118 T G 0.442049 -0.160388 0.035927 -0.230805 -0.089971 -4.464263 8.15e-06 5.089006 3.295483 0.192484 0.393109 3 3367 +--
rs876971 A C 0.442123 -0.160314 0.035911 -0.2307 -0.089929 -4.464208 8.15e-06 5.088894 3.32666 0.189507 0.398796 3 3367 +--
rs889448 A T 0.441167 -0.159704 0.035857 -0.229984 -0.089423 -4.453861 8.55e-06 5.06797 3.64877 0.161317 0.45187 3 3367 +--
rs6734808 T C 0.192034 -0.220629 0.049559 -0.317765 -0.123493 -4.451841 8.63e-06 5.063891 2.829841 0.242945 0.293247 3 3367 +--
rs28633979 A C 0.441967 -0.159784 0.035923 -0.230194 -0.089375 -4.447967 8.79e-06 5.056072 3.294956 0.192535 0.393012 3 3367 +--
rs60666077 G A 0.202703 -0.199569 0.044882 -0.287538 -0.1116 -4.446526 8.85e-06 5.053165 0.72718 0.695176 0 3 3367 ---
rs13106175 C T 0.202703 -0.199569 0.044882 -0.287538 -0.1116 -4.446526 8.85e-06 5.053165 0.72718 0.695176 0 3 3367 ---
rs4320142 G T 0.202703 -0.199569 0.044882 -0.287538 -0.1116 -4.446526 8.85e-06 5.053165 0.72718 0.695176 0 3 3367 ---
rs11772484 G T 0.139005 0.257618 0.057949 0.144038 0.371198 4.445607 8.89e-06 5.05131 1.071683 0.585177 0 3 3367 +++
rs62043031 G A 0.456903 -0.161093 0.036245 -0.232132 -0.090054 -4.444618 8.93e-06 5.049317 3.046019 0.218055 0.343405 3 3367 +--
rs3732009 A G 0.192034 -0.220248 0.049559 -0.317384 -0.123112 -4.444155 8.95e-06 5.048383 2.834506 0.242379 0.29441 3 3367 +--
rs9921437 T C 0.442375 -0.159675 0.035939 -0.230116 -0.089234 -4.442896 9e-06 5.045845 3.29491 0.192539 0.393003 3 3367 +--
rs72880276 C T 0.202533 -0.198802 0.044893 -0.286792 -0.110812 -4.428363 9.63e-06 5.016598 0.703663 0.703399 0 3 3367 ---
rs4766960 C T 0.509517 0.202422 0.045737 0.112778 0.292066 4.425799 9.74e-06 5.011447 0.511949 0.474296 0 2 2844 ++?
