rs_number reference_allele other_allele eaf beta se beta_95L beta_95U z p-value -log10_p-value q_statistic q_p-value i2 n_studies n_samples effects
rs10119 A G 0.404619 -0.160255 0.015353 -0.190347 -0.130164 -10.43817 1.78e-25 24.748838 0.129732 0.937193 0 3 4478 ---
rs34095326 A G 0.191497 -0.166353 0.019146 -0.20388 -0.128826 -8.688452 3.88e-18 17.410799 3.863265 0.144911 0.482303 3 4478 ---
rs75627662 T C 0.282252 -0.138744 0.016844 -0.171758 -0.105729 -8.236934 1.86e-16 15.730684 1.962055 0.374926 0 3 4477 ---
rs1160985 T C 0.375707 0.105069 0.015647 0.074401 0.135736 6.715049 1.95e-11 10.710366 2.240067 0.326269 0.107169 3 4478 +++
rs1038026 G A 0.376263 0.104597 0.015637 0.07395 0.135245 6.689259 2.32e-11 10.633809 2.56196 0.277765 0.219348 3 4478 +++
rs760136 G A 0.375875 0.1046 0.015647 0.073932 0.135268 6.685102 2.39e-11 10.621497 2.272313 0.321051 0.11984 3 4478 +++
rs741780 C T 0.375875 0.1046 0.015647 0.073932 0.135268 6.685102 2.39e-11 10.621497 2.272313 0.321051 0.11984 3 4478 +++
rs1081105 C A 0.055828 -0.220859 0.033059 -0.285655 -0.156063 -6.680742 2.46e-11 10.608589 2.00648 0.36669 0.003229 3 4478 ---
rs1038025 C T 0.375875 0.103855 0.015647 0.073187 0.134522 6.63746 3.3e-11 10.480901 2.325125 0.312684 0.139831 3 4478 +++
rs429358 C T 0.271607 -0.206475 0.031381 -0.267982 -0.144968 -6.579619 4.88e-11 10.311503 0.008448 0.926769 0 2 718 -?-
rs484195 A G 0.317972 0.111675 0.017088 0.078182 0.145168 6.53523 6.57e-11 10.18247 3.362378 0.066702 0.702591 2 4276 ++?
rs112019714 C T 0.055937 -0.215597 0.033041 -0.280357 -0.150837 -6.525161 7.03e-11 10.153318 2.282921 0.319352 0.12393 3 4478 ---
rs115881343 T C 0.055317 -0.215653 0.033441 -0.281197 -0.150109 -6.448797 1.17e-10 9.933621 2.361081 0.307113 0.15293 3 4456 ---
rs440446 C G 0.302895 0.106805 0.016572 0.074324 0.139287 6.444879 1.2e-10 9.922417 6.467432 0.039411 0.690758 3 4478 +++
rs114536010 T C 0.051231 -0.220251 0.034583 -0.288033 -0.152469 -6.368805 1.97e-10 9.706147 1.994659 0.368863 0 3 4470 ---
rs7259620 A G 0.372183 0.099928 0.015691 0.069174 0.130682 6.368528 1.97e-10 9.705366 2.3258 0.312578 0.140081 3 4478 +++
rs157595 A G 0.317951 0.10811 0.017086 0.074622 0.141599 6.327396 2.57e-10 9.589459 4.285428 0.03844 0.766651 2 4276 ++?
rs79398853 T C 0.051382 -0.218427 0.034522 -0.286091 -0.150764 -6.327193 2.58e-10 9.588888 2.080879 0.353299 0.038868 3 4476 ---
rs157594 T G 0.318302 0.108033 0.017086 0.074544 0.141521 6.322842 2.65e-10 9.576671 4.275364 0.038669 0.766102 2 4276 ++?
rs112849259 T C 0.051259 -0.216551 0.034377 -0.283929 -0.149172 -6.299316 3.08e-10 9.510747 1.700345 0.427341 0 3 4477 ---
chr19:44909976:G:T T G 0.051024 0.22 0.034979 0.151441 0.288558 6.289535 3.29e-10 9.483408 2.218571 0.329794 0.098519 3 4478 +++
rs75687619 T G 0.051359 -0.215511 0.034347 -0.282831 -0.14819 -6.274511 3.62e-10 9.441492 1.747557 0.417371 0 3 4478 ---
rs584007 A G 0.30189 0.109285 0.017518 0.07495 0.143619 6.238558 4.55e-10 9.341578 3.313098 0.06873 0.698168 2 4276 ++?
rs116881820 C T 0.052036 -0.214341 0.034363 -0.281694 -0.146989 -6.237468 4.59e-10 9.338557 2.280166 0.319792 0.122871 3 4478 ---
rs77301115 A G 0.051138 -0.213609 0.034431 -0.281093 -0.146124 -6.203982 5.68e-10 9.246006 1.368614 0.50444 0 3 4478 ---
rs140480140 A G 0.056056 -0.204711 0.033225 -0.269831 -0.139591 -6.161423 7.43e-10 9.129068 2.02823 0.362723 0.013919 3 4478 ---
rs190712692 A G 0.03566 0.269564 0.043793 0.183729 0.355398 6.155362 7.72e-10 9.112475 0.116155 0.733243 0 2 4276 ++?
rs150966173 T C 0.054073 -0.211266 0.034354 -0.278599 -0.143933 -6.149735 8e-10 9.097087 1.425418 0.490314 0 3 4429 ---
rs3826688 T C 0.302836 0.107037 0.017504 0.07273 0.141344 6.115168 9.93e-10 9.002844 3.486886 0.061857 0.713211 2 4276 ++?
rs141622900 A G 0.03573 0.2525 0.042042 0.170097 0.334903 6.00585 1.96e-09 8.708132 2.16252 0.339168 0.075153 3 4478 +++
rs188535946 A G 0.052254 -0.20547 0.034245 -0.27259 -0.138351 -6.000049 2.03e-09 8.692635 1.258068 0.533107 0 3 4478 ---
rs7412 T C 0.050852 0.209133 0.035119 0.140299 0.277967 5.954934 2.68e-09 8.572599 2.301672 0.316372 0.131066 3 4474 +++
rs4420638 G A 0.295971 -0.181965 0.030817 -0.242366 -0.121565 -5.90475 3.63e-09 8.440085 0.374578 0.540519 0 2 718 -?-
rs56131196 A G 0.293556 -0.183185 0.031048 -0.244038 -0.122331 -5.900085 3.73e-09 8.427823 0.365656 0.545382 0 2 717 -?-
rs3925681 A G 0.350632 0.097189 0.016642 0.06457 0.129807 5.839968 5.36e-09 8.270605 0.156022 0.692846 0 2 4276 ++?
rs12721051 G C 0.293013 -0.179579 0.031048 -0.240433 -0.118726 -5.783969 7.49e-09 8.125529 0.30269 0.582201 0 2 720 -?-
rs6857 T C 0.28125 -0.182063 0.032096 -0.244971 -0.119156 -5.672504 1.44e-08 7.840711 0.041988 0.837643 0 2 720 -?-
rs438811 T C 0.320835 -0.167037 0.030913 -0.227626 -0.106448 -5.403496 6.68e-08 7.17495 0.085641 0.769794 0 2 720 -?-
rs5117 C T 0.319468 -0.166382 0.030956 -0.227055 -0.105708 -5.374772 7.84e-08 7.105665 0.079682 0.777729 0 2 720 -?-
rs59325138 T C 0.342923 0.085892 0.016056 0.054422 0.117361 5.349489 9.02e-08 7.044968 2.154105 0.340598 0.07154 3 4478 +++
rs8106922 G A 0.344136 0.085698 0.01612 0.054102 0.117294 5.316128 1.08e-07 6.96529 0.988865 0.609917 0 3 4478 +++
rs4803770 G C 0.324889 0.086063 0.016268 0.054178 0.117948 5.290409 1.25e-07 6.904183 0.436314 0.803999 0 3 4478 +++
rs483082 T G 0.31945 -0.162344 0.031095 -0.223289 -0.101398 -5.220936 1.82e-07 6.740513 0.043928 0.833987 0 2 720 -?-
rs28399637 A G 0.3663 -0.08134 0.015794 -0.112296 -0.050383 -5.149967 2.66e-07 6.575413 3.332821 0.188924 0.399908 3 4473 ---
rs28399596 A G 0.025904 0.248653 0.048467 0.153657 0.343648 5.130334 2.95e-07 6.530116 5.842466 0.053867 0.657679 3 4478 +++
rs1305062 C G 0.342986 0.082581 0.016145 0.050938 0.114224 5.115109 3.2e-07 6.495099 1.673492 0.433118 0 3 4478 +++
rs34878901 T C 0.343258 0.082391 0.016132 0.050773 0.114009 5.107364 3.33e-07 6.477323 1.906794 0.385429 0 3 4478 +++
rs11668327 C G 0.14502 0.108322 0.021387 0.066404 0.15024 5.064913 4.17e-07 6.380338 7.300307 0.025987 0.726039 3 4478 ++-
rs112619823 A G 0.025793 0.246423 0.048663 0.151044 0.341803 5.063866 4.19e-07 6.377955 5.582088 0.061357 0.641711 3 4478 +++
rs1030288764 G C 0.025566 0.245664 0.048836 0.149945 0.341383 5.030356 4.99e-07 6.301949 5.286737 0.071121 0.621695 3 4478 +++
rs560898656 G T 0.025566 0.245664 0.048836 0.149945 0.341383 5.030356 4.99e-07 6.301949 5.286737 0.071121 0.621695 3 4478 +++
rs28399653 A G 0.025255 0.246361 0.049049 0.150225 0.342497 5.02275 5.19e-07 6.284761 5.276529 0.071485 0.620963 3 4475 +++
rs111784051 G T 0.022566 0.274241 0.054717 0.166995 0.381486 5.011986 5.49e-07 6.26048 0.098439 0.75371 0 2 4276 ++?
rs283811 G A 0.316659 -0.153986 0.031001 -0.214749 -0.093224 -4.967073 6.92e-07 6.159694 0.002444 0.960575 0 2 720 -?-
rs28399654 A G 0.025296 0.243563 0.049088 0.147352 0.339775 4.961813 7.11e-07 6.147945 5.324587 0.069788 0.624384 3 4467 +++
rs61679753 A T 0.022451 0.271964 0.054844 0.16447 0.379458 4.958897 7.22e-07 6.141438 0.109525 0.740686 0 2 4276 ++?
rs157582 T C 0.313882 -0.155038 0.03128 -0.216346 -0.093729 -4.956449 7.31e-07 6.135978 0.008584 0.92618 0 2 720 -?-
rs146361965 T C 0.016668 0.53683 0.108472 0.324226 0.749434 4.949035 7.6e-07 6.119454 5.475379 0.019286 0.817364 2 720 +?+
rs28399657 G A 0.025348 0.241783 0.04901 0.145722 0.337843 4.933297 8.23e-07 6.084456 5.355553 0.068716 0.626556 3 4478 +++
rs147711004 A G 0.05739 -0.164555 0.033356 -0.229933 -0.099177 -4.933261 8.23e-07 6.084376 1.844956 0.397533 0 3 4478 ---
rs11668861 T G 0.434004 0.075937 0.015412 0.045729 0.106145 4.927068 8.5e-07 6.070633 1.460055 0.481896 0 3 4476 +++
rs184017 G T 0.315994 -0.153597 0.031209 -0.214766 -0.092428 -4.921609 8.74e-07 6.058531 0.02659 0.870468 0 2 720 -?-
rs157581 C T 0.315994 -0.153597 0.031209 -0.214766 -0.092428 -4.921609 8.74e-07 6.058531 0.02659 0.870468 0 2 720 -?-
rs1108412 A G 0.424094 0.075773 0.015483 0.045426 0.106121 4.893845 1.01e-06 5.99718 2.572518 0.276302 0.222552 3 4478 +++
chr19:44893408:G:T T G 0.306274 -0.151632 0.03099 -0.212371 -0.090892 -4.892967 1.01e-06 5.995247 0.062674 0.802318 0 2 720 -?-
rs7254133 T C 0.345619 -0.081578 0.01668 -0.11427 -0.048885 -4.890769 1.02e-06 5.990405 0.314521 0.574919 0 2 4276 --?
rs10514585 A G 0.214598 0.164096 0.033573 0.098293 0.229899 4.887737 1.04e-06 5.983727 2.373256 0.123429 0.578638 2 720 +?+
rs2238681 T C 0.34615 0.078611 0.016082 0.04709 0.110133 4.888045 1.04e-06 5.984405 1.381545 0.501189 0 3 4478 +++
rs283815 G A 0.316871 -0.152302 0.03118 -0.213415 -0.091189 -4.884578 1.05e-06 5.976776 0.011673 0.913964 0 2 718 -?-
rs10418198 A G 0.026463 0.232644 0.047955 0.138653 0.326635 4.851337 1.25e-06 5.903875 6.054275 0.048454 0.669655 3 4478 ++-
rs41289512 G C 0.066547 -0.149465 0.030894 -0.210018 -0.088912 -4.837938 1.33e-06 5.87462 3.012336 0.221758 0.336063 3 4478 --+
rs118170342 C T 0.069223 -0.148884 0.030965 -0.209576 -0.088192 -4.808127 1.55e-06 5.809803 0.686219 0.407453 0 2 4276 --?
rs56813510 A C 0.174365 0.097685 0.02035 0.057798 0.137571 4.800186 1.61e-06 5.7926 4.927777 0.085103 0.594137 3 4477 ++-
rs6069837 C T 0.228355 -0.085416 0.01784 -0.120383 -0.050448 -4.787765 1.71e-06 5.765745 2.581397 0.275079 0.225226 3 4478 ---
rs57943011 C T 0.227298 -0.088033 0.018422 -0.12414 -0.051927 -4.778778 1.79e-06 5.746355 0.859139 0.650789 0 3 4478 ---
rs10420519 T G 0.025571 0.231882 0.048534 0.136755 0.327008 4.777738 1.8e-06 5.744113 8.224465 0.016371 0.756823 3 4478 ++-
rs113330691 A G 0.026794 0.227053 0.047905 0.133159 0.320947 4.739645 2.18e-06 5.662314 8.515306 0.014155 0.765129 3 4478 +++
rs60049679 C G 0.104924 -0.117235 0.024817 -0.165875 -0.068594 -4.724062 2.35e-06 5.629026 1.888483 0.388974 0 3 4478 ---
rs3208856 T C 0.026742 0.226799 0.048093 0.132536 0.321061 4.715838 2.45e-06 5.6115 8.883449 0.011776 0.774862 3 4469 +++
rs9662941 A G 0.192411 -0.091821 0.019475 -0.129992 -0.05365 -4.714822 2.46e-06 5.609338 3.919815 0.140871 0.489772 3 4470 ---
rs769450 A G 0.344433 0.075681 0.016066 0.044192 0.10717 4.710622 2.51e-06 5.600399 1.948598 0.377457 0 3 4478 +++
rs449647 T A 0.147262 0.100671 0.021404 0.058719 0.142623 4.703318 2.6e-06 5.584872 4.369185 0.112524 0.542249 3 4478 ++-
rs60798442 A G 0.193352 -0.091296 0.019445 -0.129408 -0.053183 -4.695056 2.71e-06 5.567337 3.294448 0.192584 0.392918 3 4478 ---
rs117481887 A T 0.015631 -0.282167 0.060177 -0.400113 -0.164221 -4.688985 2.79e-06 5.554471 4.146894 0.125752 0.517711 3 4478 ---
rs6674724 T A 0.19352 -0.09113 0.019445 -0.129243 -0.053018 -4.68655 2.82e-06 5.549313 3.312652 0.190839 0.396254 3 4478 ---
rs140087629 G A 0.019445 0.472089 0.100962 0.274202 0.669975 4.675885 2.97e-06 5.526757 3.610072 0.057431 0.722997 2 720 +?+
rs1160983 A G 0.022334 0.24659 0.052762 0.143176 0.350003 4.673623 3.01e-06 5.521979 0.340732 0.843356 0 3 4478 +++
rs4803764 C T 0.313203 -0.076601 0.016405 -0.108755 -0.044447 -4.669305 3.07e-06 5.512865 3.643899 0.16171 0.451137 3 4478 ---
rs7254892 A G 0.024898 0.233634 0.050111 0.135416 0.331851 4.662328 3.18e-06 5.498155 0.776017 0.678407 0 3 4478 +++
rs17596919 A G 0.11969 0.108598 0.023395 0.062744 0.154453 4.641907 3.51e-06 5.455213 0.137486 0.933567 0 3 4478 +++
rs138446349 T C 0.023337 -0.226656 0.04885 -0.322403 -0.130909 -4.639786 3.54e-06 5.450763 0.453695 0.797042 0 3 4478 ---
rs76560105 T G 0.025342 0.226909 0.048991 0.130885 0.322932 4.631599 3.68e-06 5.433604 10.346513 0.005666 0.806698 3 4478 ++-
rs73050205 A T 0.311997 -0.075969 0.016409 -0.10813 -0.043807 -4.629734 3.72e-06 5.429699 2.944754 0.22938 0.320826 3 4478 ---
rs77668416 G A 0.058287 -0.150932 0.032669 -0.214962 -0.086901 -4.620044 3.9e-06 5.409433 2.991015 0.224135 0.331331 3 4478 ---
rs13175586 A G 0.095922 0.118647 0.025753 0.068171 0.169123 4.607087 4.15e-06 5.382394 2.087542 0.352124 0.041936 3 4478 ++-
rs113827636 C A 0.011804 -0.597143 0.130056 -0.852053 -0.342233 -4.591427 4.47e-06 5.34981 0.422418 0.515733 0 2 720 -?-
rs80015997 T C 0.06889 -0.139439 0.030598 -0.199411 -0.079467 -4.557104 5.26e-06 5.278753 0.351541 0.838811 0 3 4478 ---
rs12462573 A G 0.31413 -0.074761 0.01643 -0.106964 -0.042559 -4.550371 5.43e-06 5.26487 4.021841 0.133865 0.502715 3 4478 ---
rs4803763 C G 0.317535 -0.074247 0.016331 -0.106256 -0.042237 -4.546265 5.54e-06 5.256415 4.086427 0.129612 0.510575 3 4478 ---
rs12162222 T G 0.343942 -0.072448 0.016009 -0.103826 -0.04107 -4.525376 6.12e-06 5.213503 1.257325 0.533305 0 3 4478 ---
rs2972559 G C 0.31678 -0.073802 0.016317 -0.105783 -0.041822 -4.52314 6.18e-06 5.208921 3.241571 0.197743 0.383015 3 4478 ---
rs56317818 T C 0.314517 -0.074118 0.016438 -0.106336 -0.0419 -4.509038 6.61e-06 5.180067 3.984842 0.136365 0.498098 3 4478 ---
rs2199575 A G 0.343607 -0.072257 0.016028 -0.103672 -0.040843 -4.508303 6.63e-06 5.178565 1.242158 0.537364 0 3 4478 ---
rs13380060 T C 0.195909 0.085451 0.018962 0.048286 0.122617 4.506482 6.69e-06 5.174848 6.968255 0.030681 0.712984 3 4478 +++
rs112255368 A G 0.012502 -0.568531 0.126518 -0.816506 -0.320555 -4.493671 7.1e-06 5.148722 0.622238 0.430217 0 2 720 -?-
rs17075841 G A 0.012502 -0.568531 0.126518 -0.816506 -0.320555 -4.493671 7.1e-06 5.148722 0.622238 0.430217 0 2 720 -?-
rs11850664 A G 0.191644 -0.086249 0.019243 -0.123965 -0.048533 -4.482123 7.49e-06 5.12523 0.500069 0.778774 0 3 4478 ---
rs1336125 G T 0.427576 -0.068767 0.015451 -0.099052 -0.038483 -4.45063 8.68e-06 5.061445 3.324535 0.189708 0.398412 3 4478 --+
rs78959900 A G 0.292222 0.078242 0.017595 0.043755 0.112729 4.446698 8.84e-06 5.053512 0.334855 0.562814 0 2 4262 ++?
rs547203755 A G 0.028921 -0.19926 0.044836 -0.287139 -0.111381 -4.444182 8.94e-06 5.048437 5.555623 0.062174 0.640004 3 4478 +--
rs117188125 C T 0.020212 -0.241526 0.054375 -0.348101 -0.13495 -4.44184 9.04e-06 5.043716 1.46687 0.480256 0 3 4478 ---
rs716879 A G 0.311091 0.133791 0.030127 0.074743 0.19284 4.440911 9.08e-06 5.041846 2.586546 0.107775 0.613384 2 720 +?+
rs12721056 T G 0.294875 0.077644 0.017544 0.043257 0.112031 4.425621 9.75e-06 5.011089 0.197145 0.657035 0 2 4276 ++?
rs571647719 G T 0.019654 -0.245345 0.055503 -0.354131 -0.13656 -4.420413 9.99e-06 5.000636 1.126788 0.569274 0 3 4478 ---
