rs_number reference_allele other_allele eaf beta se beta_95L beta_95U z p-value -log10_p-value q_statistic q_p-value i2 n_studies n_samples effects
rs10119 A G 0.338943 -0.139906 0.010744 -0.160964 -0.118847 -13.021689 1.01e-38 37.995449 92.292388 0 0.967495 4 8363 ----
rs75627662 T C 0.232277 -0.138924 0.012257 -0.162947 -0.1149 -11.334312 9.61e-30 29.017494 50.817929 5.35e-11 0.940966 4 8362 ----
rs34095326 A G 0.148002 -0.16211 0.014823 -0.191162 -0.133057 -10.936593 8.31e-28 27.080291 55.982787 4.24e-12 0.946412 4 8363 ----
rs1081105 C A 0.040625 -0.24719 0.026603 -0.299331 -0.195049 -9.291926 1.61e-20 19.792971 39.563345 1.32e-08 0.924172 4 8363 ----
rs112019714 C T 0.040882 -0.240975 0.026421 -0.292759 -0.189191 -9.120707 7.92e-20 19.1012 40.835072 7.09e-09 0.926534 4 8363 ----
rs115881343 T C 0.040583 -0.242435 0.026641 -0.294651 -0.19022 -9.100173 9.57e-20 19.019085 40.500169 8.35e-09 0.925926 4 8316 ----
rs1038026 G A 0.414345 0.091516 0.010096 0.071728 0.111303 9.06494 1.32e-19 18.878608 41.017652 6.48e-09 0.926861 4 8363 ++++
rs1160985 T C 0.414031 0.091463 0.010098 0.07167 0.111255 9.057254 1.42e-19 18.848032 42.108103 3.81e-09 0.928755 4 8363 ++++
rs741780 C T 0.414094 0.091477 0.010103 0.071674 0.111279 9.054223 1.46e-19 18.835981 41.57344 4.94e-09 0.927839 4 8363 ++++
rs760136 G A 0.413917 0.091416 0.010103 0.071614 0.111219 9.048243 1.54e-19 18.81222 41.644446 4.77e-09 0.927962 4 8363 ++++
rs1038025 C T 0.413973 0.091203 0.010102 0.071403 0.111004 9.027822 1.86e-19 18.73119 41.632388 4.8e-09 0.927941 4 8363 ++++
rs7259620 A G 0.411732 0.090928 0.010107 0.071118 0.110738 8.99643 2.47e-19 18.606977 39.908847 1.11e-08 0.924829 4 8363 ++++
rs79398853 T C 0.03782 -0.245427 0.027564 -0.299453 -0.191401 -8.903842 5.71e-19 18.243086 34.796021 1.35e-07 0.913783 4 8357 ----
rs114536010 T C 0.037764 -0.245545 0.027588 -0.299618 -0.191472 -8.900281 5.9e-19 18.229165 34.655383 1.44e-07 0.913433 4 8345 ----
rs112849259 T C 0.037778 -0.244032 0.027515 -0.297962 -0.190103 -8.869041 7.81e-19 18.107265 34.320846 1.7e-07 0.91259 4 8361 ----
rs75687619 T G 0.037843 -0.243535 0.027492 -0.297419 -0.189651 -8.85843 8.59e-19 18.065953 34.080322 1.91e-07 0.911973 4 8363 ----
rs116881820 C T 0.038245 -0.242902 0.027455 -0.296713 -0.18909 -8.847275 9.49e-19 18.022579 33.680847 2.31e-07 0.910929 4 8363 ----
rs77301115 A G 0.037666 -0.242098 0.027537 -0.296071 -0.188125 -8.791702 1.56e-18 17.807283 33.874784 2.11e-07 0.911439 4 8362 ----
rs150966173 T C 0.039424 -0.232958 0.027316 -0.286497 -0.179418 -8.528273 1.57e-17 16.804761 36.68325 5.37e-08 0.918219 4 8302 ----
rs140480140 A G 0.041278 -0.221303 0.026463 -0.27317 -0.169436 -8.362781 6.45e-17 16.19018 34.338642 1.68e-07 0.912635 4 8363 ----
rs188535946 A G 0.038803 -0.220722 0.027326 -0.274282 -0.167163 -8.07732 6.96e-16 15.157663 30.56646 1.05e-06 0.901853 4 8363 ----
rs59325138 T C 0.377408 0.07904 0.010269 0.058913 0.099167 7.697 1.46e-14 13.836265 20.345988 0.000144 0.852551 4 8363 ++++
rs4803770 G C 0.355758 0.079839 0.010395 0.059464 0.100213 7.680398 1.66e-14 13.779994 14.013825 0.002886 0.785926 4 8363 ++++
rs429358 C T 0.161031 -0.131587 0.017422 -0.165734 -0.09744 -7.553046 4.44e-14 13.352251 49.256946 2.01e-11 0.959397 3 2936 --?-
rs8106922 G A 0.376912 0.076953 0.010293 0.056779 0.097126 7.476478 7.97e-14 13.098419 21.538617 8.14e-05 0.860715 4 8362 ++++
rs34878901 T C 0.376531 0.075921 0.010302 0.055729 0.096114 7.369285 1.79e-13 12.747268 22.052349 6.36e-05 0.86396 4 8363 ++++
rs1305062 C G 0.376086 0.075548 0.010304 0.055352 0.095744 7.332015 2.36e-13 12.626324 22.002354 6.52e-05 0.863651 4 8363 ++++
rs3925681 A G 0.386921 0.077946 0.010788 0.056801 0.099091 7.225022 5.22e-13 12.282424 31.380191 1.53e-07 0.936266 3 7759 +++?
rs118170342 C T 0.053653 -0.178207 0.024689 -0.226597 -0.129817 -7.218114 5.49e-13 12.260389 21.21106 2.48e-05 0.90571 3 7759 ---?
rs769450 A G 0.379097 0.07369 0.010273 0.053556 0.093825 7.173461 7.61e-13 12.118441 22.052203 6.36e-05 0.863959 4 8363 ++++
rs2238681 T C 0.377835 0.073709 0.010318 0.053485 0.093933 7.143601 9.46e-13 12.023996 19.023637 0.00027 0.842301 4 8363 ++++
rs56131196 A G 0.193266 -0.115046 0.016189 -0.146776 -0.083317 -7.106631 1.24e-12 11.907586 35.447207 2.01e-08 0.943578 3 2937 --?-
rs12721051 G C 0.193003 -0.114433 0.016187 -0.14616 -0.082705 -7.069224 1.62e-12 11.790394 34.087154 3.96e-08 0.941327 3 2941 --?-
rs4420638 G A 0.193623 -0.114005 0.016158 -0.145675 -0.082335 -7.055598 1.79e-12 11.747853 36.66784 1.09e-08 0.945456 3 2937 --?-
rs147711004 A G 0.04425 -0.173559 0.025495 -0.22353 -0.123589 -6.807552 1.03e-11 10.987289 16.607413 0.000851 0.819358 4 8363 ----
rs144261139 A C 0.014865 -0.303511 0.044788 -0.391296 -0.215727 -6.776645 1.28e-11 10.894358 5.045756 0.080228 0.603627 3 7751 ---?
rs28399637 A G 0.335356 -0.071938 0.01062 -0.092752 -0.051123 -6.774035 1.3e-11 10.88653 25.849283 1.03e-05 0.883943 4 8355 ----
rs12721056 T G 0.32302 0.07363 0.011231 0.051618 0.095643 6.556071 5.72e-11 10.242948 13.907543 0.000955 0.856193 3 7759 +++?
rs117310449 T C 0.015003 -0.286564 0.044151 -0.373099 -0.200028 -6.490579 8.84e-11 10.05352 7.831864 0.019922 0.744633 3 7759 ---?
rs60049679 C G 0.085777 -0.119466 0.018476 -0.155679 -0.083252 -6.465891 1.04e-10 9.982584 27.226169 5.28e-06 0.889812 4 8363 ----
rs41289512 G C 0.052349 -0.150953 0.023435 -0.196886 -0.105021 -6.441399 1.22e-10 9.912471 17.251222 0.000627 0.826099 4 8363 ----
rs484195 A G 0.354311 0.070494 0.010988 0.048958 0.092031 6.415581 1.45e-10 9.838836 57.278327 3.65e-13 0.965083 3 7759 -++?
rs78959900 A G 0.320035 0.071706 0.011289 0.04958 0.093831 6.35204 2.19e-10 9.658816 13.309288 0.001288 0.849729 3 7731 +++?
rs5117 C T 0.233661 -0.095937 0.015147 -0.125626 -0.066248 -6.333592 2.47e-10 9.606873 27.919087 8.66e-07 0.928364 3 2941 --?-
rs483082 T G 0.234329 -0.095965 0.015182 -0.125721 -0.066209 -6.321154 2.68e-10 9.571934 25.299963 3.21e-06 0.920949 3 2941 --?-
rs4803764 C T 0.285247 -0.069948 0.011128 -0.091758 -0.048138 -6.285979 3.36e-10 9.473478 17.006213 0.000705 0.823594 4 8363 ----
rs4803772 T C 0.317726 0.07104 0.011302 0.048888 0.093192 6.285622 3.37e-10 9.47248 13.43825 0.001208 0.851171 3 7759 +++?
rs438811 T C 0.234343 -0.095213 0.015166 -0.124938 -0.065488 -6.278082 3.54e-10 9.451447 28.026023 8.21e-07 0.928638 3 2941 --?-
rs4802238 T C 0.330806 -0.066878 0.010717 -0.087883 -0.045872 -6.240237 4.51e-10 9.34623 10.950392 0.011997 0.726037 4 8363 ----
rs12462573 A G 0.286001 -0.069319 0.011148 -0.09117 -0.047469 -6.217974 5.19e-10 9.28462 18.040706 0.000431 0.833709 4 8363 ----
rs157595 A G 0.353772 0.068396 0.011005 0.046827 0.089965 6.215274 5.28e-10 9.277163 55.136711 1.06e-12 0.963727 3 7759 -++?
rs157594 T G 0.354052 0.068243 0.011002 0.046679 0.089808 6.202756 5.72e-10 9.242629 54.858778 1.22e-12 0.963543 3 7759 -++?
rs56317818 T C 0.286438 -0.069143 0.011152 -0.091 -0.047286 -6.200322 5.81e-10 9.235919 17.905987 0.00046 0.832458 4 8363 ----
rs12162222 T G 0.317166 -0.065967 0.010821 -0.087175 -0.044759 -6.096431 1.12e-09 8.95197 12.391938 0.006154 0.757907 4 8363 ----
rs2199575 A G 0.316971 -0.065493 0.010817 -0.086695 -0.044291 -6.054375 1.45e-09 8.838325 12.698443 0.005336 0.763751 4 8363 ----
rs6857 T C 0.179916 -0.103014 0.017015 -0.136363 -0.069665 -6.05439 1.45e-09 8.838366 35.117958 2.37e-08 0.943049 3 2941 --?-
rs4803763 C G 0.289916 -0.066893 0.011082 -0.088613 -0.045172 -6.036193 1.62e-09 8.789428 17.248049 0.000628 0.826067 4 8363 ----
rs73050205 A T 0.285027 -0.066712 0.011143 -0.088552 -0.044872 -5.987024 2.2e-09 8.657891 16.550374 0.000874 0.818735 4 8363 ----
rs66626994 A G 0.156022 -0.105059 0.017555 -0.139468 -0.070651 -5.984489 2.23e-09 8.651139 19.65824 5.39e-05 0.898261 3 2941 --?-
rs10414043 A G 0.128074 -0.115219 0.01926 -0.152968 -0.077471 -5.982445 2.26e-09 8.645693 27.646353 9.92e-07 0.927658 3 2941 --?-
rs7256200 T G 0.128074 -0.115219 0.01926 -0.152968 -0.077471 -5.982445 2.26e-09 8.645693 27.646353 9.92e-07 0.927658 3 2941 --?-
rs2075649 G A 0.373462 0.061634 0.010352 0.041345 0.081923 5.954109 2.69e-09 8.570411 13.107335 0.00441 0.771121 4 8363 ++++
rs111789331 A T 0.156022 -0.104499 0.017557 -0.138911 -0.070088 -5.952036 2.72e-09 8.564918 19.703957 5.26e-05 0.898498 3 2941 --?-
rs3745150 C G 0.380094 0.061243 0.010345 0.040967 0.08152 5.920013 3.31e-09 8.480275 12.524186 0.005787 0.760463 4 8363 ++++
rs769449 A G 0.125688 -0.114006 0.019439 -0.152106 -0.075906 -5.864908 4.62e-09 8.335641 26.171196 2.07e-06 0.92358 3 2941 --?-
rs35396326 G C 0.304101 -0.064123 0.010942 -0.085569 -0.042677 -5.860382 4.74e-09 8.32382 13.620356 0.00347 0.779741 4 8363 ----
rs71352239 T C 0.306258 0.066857 0.011441 0.044432 0.089281 5.843519 5.25e-09 8.279847 6.686519 0.035322 0.700891 3 7759 +++?
rs12721046 A G 0.154512 -0.102624 0.017619 -0.137158 -0.068091 -5.824611 5.88e-09 8.230686 19.813171 4.98e-05 0.899057 3 2941 --?-
rs3826688 T C 0.334212 0.06464 0.011166 0.042755 0.086525 5.789122 7.26e-09 8.138824 41.52612 9.61e-10 0.951838 3 7759 -++?
rs2972559 G C 0.290457 -0.063809 0.011091 -0.085548 -0.04207 -5.753076 8.99e-09 8.046065 17.177395 0.00065 0.825352 4 8363 ----
rs584007 A G 0.333261 0.064068 0.011197 0.042121 0.086015 5.721701 1.08e-08 7.965774 39.761968 2.32e-09 0.949701 3 7758 -++?
rs10402271 G T 0.351629 -0.060228 0.010567 -0.080939 -0.039517 -5.699708 1.23e-08 7.90974 7.647767 0.053881 0.607729 4 8360 ----
rs7254133 T C 0.322612 -0.065408 0.011476 -0.087901 -0.042914 -5.699378 1.23e-08 7.9089 17.571342 0.000153 0.886178 3 7759 ---?
rs73052335 C A 0.136694 -0.105686 0.018557 -0.142057 -0.069315 -5.695308 1.26e-08 7.898555 19.853926 4.88e-05 0.899264 3 2941 --?-
rs10402524 C T 0.351363 -0.0596 0.010562 -0.080302 -0.038899 -5.642825 1.71e-08 7.76576 7.769137 0.051032 0.613857 4 8363 ----
rs10410835 T C 0.453969 0.056423 0.010005 0.036813 0.076034 5.639248 1.75e-08 7.756751 16.436745 0.000923 0.817482 4 8363 ++++
rs10405693 T C 0.351253 -0.059297 0.010585 -0.080044 -0.03855 -5.601921 2.17e-08 7.66307 7.685904 0.052969 0.609675 4 8357 ----
rs2927468 A G 0.455062 0.055925 0.010012 0.036302 0.075548 5.586003 2.38e-08 7.623302 16.651623 0.000833 0.819837 4 8363 ++++
rs10406338 C T 0.354983 -0.058943 0.010558 -0.079637 -0.03825 -5.582904 2.42e-08 7.615571 7.17663 0.066476 0.581976 4 8363 ----
rs10412413 T C 0.355312 -0.058774 0.010554 -0.079459 -0.038088 -5.568949 2.63e-08 7.58081 7.149847 0.067272 0.580411 4 8363 ----
rs4803758 T G 0.355312 -0.058709 0.010554 -0.079395 -0.038023 -5.562622 2.72e-08 7.565077 7.141059 0.067535 0.579894 4 8363 ----
rs440446 C G 0.333021 0.058275 0.010501 0.037693 0.078857 5.549426 2.94e-08 7.532319 41.925526 4.16e-09 0.928445 4 8363 -+++
rs58132661 T A 0.35482 -0.058197 0.010555 -0.078885 -0.037509 -5.513721 3.6e-08 7.444051 7.308191 0.062697 0.589502 4 8363 ----
rs58826447 A T 0.35482 -0.058197 0.010555 -0.078885 -0.037509 -5.513721 3.6e-08 7.444051 7.308191 0.062697 0.589502 4 8363 ----
rs58446550 A C 0.35482 -0.058197 0.010555 -0.078885 -0.037509 -5.513721 3.6e-08 7.444051 7.308191 0.062697 0.589502 4 8363 ----
rs157590 C A 0.459677 0.058011 0.010694 0.037051 0.078972 5.424562 5.94e-08 7.225983 8.908487 0.011629 0.775495 3 7759 +++?
chr19:44893408:G:T T G 0.214823 -0.084309 0.015614 -0.114913 -0.053704 -5.3994 6.84e-08 7.165047 24.804472 4.11e-06 0.919369 3 2941 --?-
rs157588 T C 0.456526 0.053994 0.010034 0.034327 0.073661 5.381087 7.57e-08 7.120867 8.665506 0.034085 0.6538 4 8363 ++++
rs3021439 A G 0.329136 -0.057459 0.010747 -0.078523 -0.036395 -5.346473 9.17e-08 7.037744 10.72353 0.013319 0.720241 4 8363 ----
rs12522694 C A 0.464695 0.053365 0.009993 0.033779 0.072951 5.3403 9.48e-08 7.022973 1.854497 0.603148 0 4 8363 ++++
rs157585 C A 0.4562 0.053611 0.010043 0.033927 0.073295 5.338277 9.59e-08 7.018138 8.653619 0.034269 0.653324 4 8363 ++++
rs7359852 C T 0.330689 -0.057072 0.010715 -0.078074 -0.03607 -5.326148 1.03e-07 6.989172 10.80128 0.01285 0.722255 4 8363 ----
rs157582 T C 0.224983 -0.082177 0.015449 -0.112457 -0.051897 -5.319232 1.06e-07 6.972683 22.418993 1.35e-05 0.91079 3 2941 --?-
rs73048288 C G 0.328932 -0.057042 0.010747 -0.078106 -0.035977 -5.307499 1.14e-07 6.944757 10.464592 0.015003 0.713319 4 8363 ----
rs2927480 C G 0.329062 -0.056863 0.010747 -0.077928 -0.035799 -5.290916 1.24e-07 6.905384 10.34327 0.015863 0.709956 4 8363 ----
rs73048293 A G 0.329688 -0.056846 0.010749 -0.077915 -0.035778 -5.28853 1.26e-07 6.89973 10.109812 0.017655 0.703259 4 8358 ----
rs12691088 A G 0.028452 -0.168511 0.031986 -0.231204 -0.105818 -5.268232 1.41e-07 6.851715 16.808565 0.000774 0.82152 4 8362 ---+
rs157581 C T 0.228213 -0.07977 0.015307 -0.109771 -0.049769 -5.211513 1.91e-07 6.71847 23.59562 7.52e-06 0.915239 3 2941 --?-
rs6580533 C T 0.434315 0.052081 0.010013 0.032456 0.071706 5.201444 2.02e-07 6.694957 0.880172 0.83021 0 4 8362 ++++
rs6860003 C T 0.434267 0.052017 0.010012 0.032393 0.07164 5.195451 2.08e-07 6.680982 0.846829 0.838236 0 4 8363 ++++
rs34258096 A G 0.434267 0.052017 0.010012 0.032393 0.07164 5.195451 2.08e-07 6.680982 0.846829 0.838236 0 4 8363 ++++
rs12459575 A G 0.329487 -0.055763 0.010745 -0.076823 -0.034702 -5.189595 2.15e-07 6.667342 9.994044 0.018617 0.699821 4 8363 ----
rs9885020 C T 0.434267 0.051899 0.010012 0.032275 0.071523 5.18351 2.22e-07 6.653182 0.789878 0.851887 0 4 8363 ++++
rs7702990 T C 0.434267 0.051899 0.010012 0.032275 0.071523 5.18351 2.22e-07 6.653182 0.789878 0.851887 0 4 8363 ++++
rs10059441 A G 0.433382 0.051782 0.010016 0.032151 0.071414 5.169895 2.39e-07 6.621559 1.023462 0.795575 0 4 8363 ++++
rs74579864 C G 0.329938 -0.055455 0.010737 -0.076499 -0.034411 -5.164976 2.45e-07 6.610154 9.601162 0.022279 0.687538 4 8363 ----
rs36056267 T C 0.433317 0.051692 0.010015 0.032062 0.071321 5.161381 2.5e-07 6.601824 0.972776 0.807839 0 4 8363 ++++
rs6580532 C T 0.43356 0.051455 0.010017 0.031822 0.071088 5.136823 2.85e-07 6.54507 0.844458 0.838806 0 4 8363 ++++
rs6884944 T C 0.43356 0.051455 0.010017 0.031822 0.071088 5.136823 2.85e-07 6.54507 0.844458 0.838806 0 4 8363 ++++
rs10077607 C A 0.43356 0.051455 0.010017 0.031822 0.071088 5.136823 2.85e-07 6.54507 0.844458 0.838806 0 4 8363 ++++
rs10055396 A G 0.433625 0.051455 0.010017 0.031822 0.071088 5.136823 2.85e-07 6.54507 0.844458 0.838806 0 4 8363 ++++
rs35696310 T A 0.433625 0.051455 0.010017 0.031822 0.071088 5.136823 2.85e-07 6.54507 0.844458 0.838806 0 4 8363 ++++
rs12653723 A G 0.43356 0.051455 0.010017 0.031822 0.071088 5.136823 2.85e-07 6.54507 0.844458 0.838806 0 4 8363 ++++
rs12653724 A G 0.43356 0.051455 0.010017 0.031822 0.071088 5.136823 2.85e-07 6.54507 0.844458 0.838806 0 4 8363 ++++
rs34339574 T C 0.43356 0.051455 0.010017 0.031822 0.071088 5.136823 2.85e-07 6.54507 0.844458 0.838806 0 4 8363 ++++
rs35217112 G A 0.43356 0.051455 0.010017 0.031822 0.071088 5.136823 2.85e-07 6.54507 0.844458 0.838806 0 4 8363 ++++
rs6871633 C A 0.43356 0.051455 0.010017 0.031822 0.071088 5.136823 2.85e-07 6.54507 0.844458 0.838806 0 4 8363 ++++
rs6870548 G A 0.43356 0.051455 0.010017 0.031822 0.071088 5.136823 2.85e-07 6.54507 0.844458 0.838806 0 4 8363 ++++
rs6896988 T C 0.43356 0.051455 0.010017 0.031822 0.071088 5.136823 2.85e-07 6.54507 0.844458 0.838806 0 4 8363 ++++
rs35491588 G C 0.433437 0.05142 0.010016 0.031789 0.071051 5.133981 2.89e-07 6.538518 0.839278 0.840051 0 4 8363 ++++
rs7719535 T C 0.435034 0.051368 0.010013 0.031743 0.070993 5.130248 2.95e-07 6.529917 1.038567 0.791921 0 4 8363 ++++
rs9885181 A T 0.433624 0.051351 0.010015 0.031721 0.070981 5.127289 3e-07 6.523104 0.794337 0.850821 0 4 8363 ++++
rs9885022 C T 0.43356 0.051337 0.010017 0.031703 0.07097 5.124933 3.04e-07 6.517683 0.789947 0.85187 0 4 8363 ++++
rs9885023 C T 0.43356 0.051337 0.010017 0.031703 0.07097 5.124933 3.04e-07 6.517683 0.789947 0.85187 0 4 8363 ++++
rs7716861 G A 0.433569 0.051327 0.010019 0.031689 0.070964 5.122973 3.07e-07 6.513173 1.025035 0.795194 0 4 8363 ++++
rs9885208 T C 0.433689 0.051274 0.010015 0.031645 0.070903 5.119726 3.12e-07 6.505707 0.788469 0.852223 0 4 8363 ++++
rs449647 T A 0.159181 0.069372 0.013558 0.042799 0.095944 5.116834 3.17e-07 6.499061 22.985134 4.07e-05 0.869481 4 8363 ++++
rs184017 G T 0.22718 -0.078465 0.015338 -0.108528 -0.048402 -5.115659 3.19e-07 6.496361 25.348481 3.13e-06 0.9211 3 2941 --?-
rs9885332 G C 0.433625 0.051225 0.010015 0.031595 0.070854 5.114805 3.2e-07 6.4944 0.787417 0.852474 0 4 8363 ++++
rs9885333 G T 0.433625 0.051225 0.010015 0.031595 0.070854 5.114805 3.2e-07 6.4944 0.787417 0.852474 0 4 8363 ++++
rs7726994 T A 0.459155 0.051099 0.009998 0.031502 0.070696 5.11075 3.27e-07 6.48509 2.094011 0.553125 0 4 8363 ++++
rs28399664 G C 0.026334 -0.165671 0.032469 -0.22931 -0.102031 -5.10242 3.42e-07 6.465988 9.005356 0.02922 0.666865 4 8363 ----
rs283811 G A 0.229942 -0.077338 0.015212 -0.107153 -0.047524 -5.084143 3.77e-07 6.424178 24.594076 4.57e-06 0.91868 3 2941 --?-
rs283815 G A 0.227461 -0.077906 0.015333 -0.10796 -0.047853 -5.080799 3.83e-07 6.416543 24.832843 4.05e-06 0.919461 3 2934 --?-
rs34211205 T C 0.462267 0.050841 0.010009 0.031223 0.070459 5.079486 3.86e-07 6.413546 2.294162 0.51364 0 4 8363 ++++
rs9885270 A G 0.43358 0.050872 0.010019 0.031234 0.07051 5.0774 3.9e-07 6.408787 0.934309 0.817141 0 4 8363 ++++
rs7703690 C G 0.459202 0.050556 0.01 0.030957 0.070156 5.055835 4.37e-07 6.359697 2.1671 0.538458 0 4 8363 ++++
rs6864124 A C 0.433385 0.050628 0.010019 0.03099 0.070266 5.05303 4.43e-07 6.353325 0.968407 0.808896 0 4 8363 ++++
rs6875563 C T 0.462507 0.050539 0.010009 0.030922 0.070155 5.049531 4.51e-07 6.345384 2.460163 0.482534 0 4 8363 ++++
rs10041939 G T 0.433513 0.050579 0.010017 0.030946 0.070212 5.049426 4.52e-07 6.345145 1.170876 0.759998 0 4 8363 ++++
rs7732604 T C 0.462572 0.050493 0.010011 0.030872 0.070114 5.043881 4.65e-07 6.33257 2.452759 0.483889 0 4 8361 ++++
rs1432689 C T 0.459936 0.05049 0.010018 0.030855 0.070125 5.040019 4.74e-07 6.323817 2.590143 0.45922 0 4 8360 ++++
rs6867695 T C 0.433515 0.050458 0.010019 0.03082 0.070096 5.036039 4.84e-07 6.314805 1.000812 0.801055 0 4 8363 ++++
rs7442844 T C 0.459862 0.0504 0.010012 0.030777 0.070024 5.034029 4.89e-07 6.310257 2.410592 0.491666 0 4 8363 ++++
rs17096690 G A 0.461326 0.050293 0.010011 0.030671 0.069914 5.023862 5.16e-07 6.287272 3.041578 0.385259 0.01367 4 8362 ++++
rs1812484 T G 0.464677 0.050236 0.010003 0.030631 0.069841 5.022302 5.2e-07 6.28375 2.668674 0.445577 0 4 8363 ++++
rs1897532 C G 0.464742 0.050236 0.010003 0.030631 0.069841 5.022302 5.2e-07 6.28375 2.668674 0.445577 0 4 8363 ++++
rs4803762 A G 0.332538 -0.053722 0.010703 -0.074701 -0.032744 -5.019305 5.28e-07 6.276984 8.699953 0.033558 0.655171 4 8363 ----
rs11168039 A G 0.460234 0.05028 0.010018 0.030645 0.069916 5.018991 5.29e-07 6.276277 2.358047 0.501492 0 4 8361 ++++
rs12188857 T C 0.461158 0.050243 0.010016 0.030612 0.069873 5.016477 5.36e-07 6.270605 2.943324 0.400446 0 4 8363 ++++
rs13185600 G C 0.459936 0.050245 0.010018 0.030611 0.06988 5.015615 5.39e-07 6.268662 2.550448 0.466243 0 4 8363 ++++
rs4705232 C T 0.460087 0.050207 0.010011 0.030585 0.069829 5.014982 5.4e-07 6.267234 2.463802 0.481868 0 4 8356 ++++
rs1368305 C A 0.46 0.050238 0.010018 0.030603 0.069873 5.014908 5.41e-07 6.267067 2.54933 0.466442 0 4 8363 ++++
rs2017896 G A 0.464733 0.050143 0.01 0.030543 0.069742 5.014454 5.42e-07 6.266045 2.696617 0.440803 0 4 8363 ++++
rs28624399 A T 0.457693 0.050191 0.010015 0.030562 0.069821 5.011503 5.5e-07 6.259391 2.873457 0.41155 0 4 8363 ++++
rs6865006 T C 0.459936 0.050175 0.010018 0.03054 0.069809 5.008542 5.59e-07 6.252722 2.539349 0.468222 0 4 8363 ++++
rs4705233 T A 0.46 0.050175 0.010018 0.03054 0.069809 5.008542 5.59e-07 6.252722 2.539349 0.468222 0 4 8363 ++++
rs13175245 T C 0.459936 0.050175 0.010018 0.03054 0.069809 5.008542 5.59e-07 6.252722 2.539349 0.468222 0 4 8363 ++++
rs11168041 T A 0.459936 0.050175 0.010018 0.03054 0.069809 5.008542 5.59e-07 6.252722 2.539349 0.468222 0 4 8363 ++++
rs7448271 C T 0.459936 0.050175 0.010018 0.03054 0.069809 5.008542 5.59e-07 6.252722 2.539349 0.468222 0 4 8363 ++++
rs4705231 T A 0.460065 0.050171 0.010018 0.030536 0.069806 5.008188 5.6e-07 6.251925 2.538798 0.46832 0 4 8363 ++++
rs11745313 G A 0.460169 0.0501 0.01002 0.030461 0.06974 4.999961 5.84e-07 6.233413 2.332534 0.506317 0 4 8361 ++++
rs13174534 G A 0.460413 0.050081 0.010017 0.030447 0.069715 4.99946 5.86e-07 6.232287 2.322099 0.508301 0 4 8360 ++++
rs10063951 G C 0.46105 0.050025 0.010014 0.030398 0.069652 4.995658 5.97e-07 6.223743 2.242652 0.523596 0 4 8363 ++++
rs6580534 G A 0.459992 0.050017 0.010013 0.030392 0.069643 4.995159 5.99e-07 6.222621 2.088615 0.554219 0 4 8363 ++++
rs10079388 C T 0.459992 0.049984 0.010011 0.030362 0.069606 4.992703 6.07e-07 6.217106 2.275411 0.517248 0 4 8363 ++++
rs10058776 T C 0.460933 0.049958 0.010011 0.030336 0.06958 4.990221 6.14e-07 6.211533 2.005915 0.57118 0 4 8363 ++++
rs7442875 T G 0.460112 0.049957 0.010014 0.030329 0.069585 4.988604 6.2e-07 6.207904 2.148493 0.542165 0 4 8363 ++++
rs7449160 A G 0.460112 0.049957 0.010014 0.030329 0.069585 4.988604 6.2e-07 6.207904 2.148493 0.542165 0 4 8363 ++++
rs11743518 C A 0.460112 0.049957 0.010014 0.030329 0.069585 4.988604 6.2e-07 6.207904 2.148493 0.542165 0 4 8363 ++++
rs11743523 G A 0.460112 0.049957 0.010014 0.030329 0.069585 4.988604 6.2e-07 6.207904 2.148493 0.542165 0 4 8363 ++++
rs17096693 A G 0.461409 0.049928 0.01001 0.030309 0.069546 4.988041 6.21e-07 6.206641 3.097841 0.376785 0.031584 4 8363 ++++
rs7444240 G A 0.460186 0.049925 0.010013 0.0303 0.069551 4.985978 6.28e-07 6.202016 2.074535 0.557082 0 4 8363 ++++
rs12332677 C T 0.460872 0.049881 0.010014 0.030254 0.069508 4.981126 6.44e-07 6.191139 2.298985 0.512715 0 4 8363 ++++
rs1368306 A G 0.459694 0.049888 0.010024 0.030241 0.069536 4.976798 6.58e-07 6.181445 2.701399 0.43999 0 4 8363 ++++
rs6580536 T A 0.460241 0.04983 0.010013 0.030205 0.069455 4.976712 6.59e-07 6.181253 2.034727 0.56523 0 4 8363 ++++
rs7717699 C T 0.460985 0.049845 0.010016 0.030214 0.069476 4.976655 6.59e-07 6.181125 2.216326 0.52874 0 4 8363 ++++
rs6580535 A C 0.460056 0.049826 0.010013 0.030201 0.069452 4.976092 6.61e-07 6.179865 2.059717 0.560105 0 4 8363 ++++
rs6865474 T A 0.461643 0.049792 0.010009 0.030175 0.069409 4.974964 6.65e-07 6.177341 2.694261 0.441203 0 4 8363 ++++
rs9885451 T C 0.461266 0.049705 0.009997 0.030112 0.069299 4.972091 6.75e-07 6.170912 1.921689 0.588819 0 4 8363 ++++
rs1897533 T C 0.461085 0.049761 0.010012 0.030139 0.069384 4.970361 6.81e-07 6.167044 3.069297 0.381064 0.022578 4 8363 ++++
rs28701955 A T 0.460113 0.049767 0.010017 0.030133 0.0694 4.968236 6.88e-07 6.162293 2.560465 0.464463 0 4 8363 ++++
rs12515246 A C 0.459814 0.049731 0.010014 0.030103 0.069359 4.966053 6.96e-07 6.157415 2.158953 0.540078 0 4 8363 ++++
rs10491344 T C 0.460178 0.049719 0.010014 0.030091 0.069346 4.964935 7e-07 6.154917 2.008341 0.570677 0 4 8363 ++++
rs11168037 A G 0.46025 0.049734 0.010018 0.030099 0.069369 4.964444 7.02e-07 6.15382 2.274545 0.517415 0 4 8363 ++++
rs11168038 G A 0.46025 0.049734 0.010018 0.030099 0.069369 4.964444 7.02e-07 6.15382 2.274545 0.517415 0 4 8363 ++++
rs11743040 G C 0.46025 0.049734 0.010018 0.030099 0.069369 4.964444 7.02e-07 6.15382 2.274545 0.517415 0 4 8363 ++++
rs11748034 C T 0.46025 0.049734 0.010018 0.030099 0.069369 4.964444 7.02e-07 6.15382 2.274545 0.517415 0 4 8363 ++++
rs6869054 A C 0.460185 0.049734 0.010018 0.030099 0.069369 4.964444 7.02e-07 6.15382 2.274545 0.517415 0 4 8363 ++++
rs963016 C T 0.46025 0.049734 0.010018 0.030099 0.069369 4.964444 7.02e-07 6.15382 2.274545 0.517415 0 4 8363 ++++
rs4133459 G A 0.46025 0.049734 0.010018 0.030099 0.069369 4.964444 7.02e-07 6.15382 2.274545 0.517415 0 4 8363 ++++
rs13174816 G A 0.460315 0.049734 0.010018 0.030099 0.069369 4.964444 7.02e-07 6.15382 2.274545 0.517415 0 4 8363 ++++
rs13174845 G A 0.46025 0.049734 0.010018 0.030099 0.069369 4.964444 7.02e-07 6.15382 2.274545 0.517415 0 4 8363 ++++
rs4705234 G T 0.46025 0.049734 0.010018 0.030099 0.069369 4.964444 7.02e-07 6.15382 2.274545 0.517415 0 4 8363 ++++
rs9325088 G A 0.46025 0.049734 0.010018 0.030099 0.069369 4.964444 7.02e-07 6.15382 2.274545 0.517415 0 4 8363 ++++
rs12519059 G A 0.46025 0.049734 0.010018 0.030099 0.069369 4.964444 7.02e-07 6.15382 2.274545 0.517415 0 4 8363 ++++
rs12521387 T G 0.460185 0.049734 0.010018 0.030099 0.069369 4.964444 7.02e-07 6.15382 2.274545 0.517415 0 4 8363 ++++
rs12519629 C T 0.460185 0.049734 0.010018 0.030099 0.069369 4.964444 7.02e-07 6.15382 2.274545 0.517415 0 4 8363 ++++
rs12519106 G A 0.460185 0.049734 0.010018 0.030099 0.069369 4.964444 7.02e-07 6.15382 2.274545 0.517415 0 4 8363 ++++
rs12516461 T C 0.460185 0.049734 0.010018 0.030099 0.069369 4.964444 7.02e-07 6.15382 2.274545 0.517415 0 4 8363 ++++
rs57226283 C T 0.460185 0.049734 0.010018 0.030099 0.069369 4.964444 7.02e-07 6.15382 2.274545 0.517415 0 4 8363 ++++
rs35507985 A G 0.460185 0.049734 0.010018 0.030099 0.069369 4.964444 7.02e-07 6.15382 2.274545 0.517415 0 4 8363 ++++
rs12332436 T C 0.460937 0.049713 0.010015 0.030084 0.069342 4.964021 7.03e-07 6.152876 2.220176 0.527985 0 4 8363 ++++
rs7445428 C T 0.460176 0.049674 0.010014 0.030048 0.069301 4.960704 7.15e-07 6.145471 1.98337 0.575865 0 4 8363 ++++
rs7705007 C T 0.460121 0.049631 0.010011 0.03001 0.069253 4.957656 7.27e-07 6.138669 2.031361 0.565923 0 4 8363 ++++
rs17107871 A G 0.460195 0.049646 0.01002 0.030008 0.069285 4.954862 7.37e-07 6.132437 2.219423 0.528133 0 4 8363 ++++
rs12189210 A G 0.461266 0.049463 0.009995 0.029872 0.069054 4.948581 7.61e-07 6.118442 1.986478 0.575218 0 4 8363 ++++
rs28406596 A C 0.460185 0.049554 0.01002 0.029914 0.069193 4.945402 7.74e-07 6.111365 2.247069 0.522737 0 4 8363 ++++
rs28667181 G A 0.460185 0.049554 0.01002 0.029914 0.069193 4.945402 7.74e-07 6.111365 2.247069 0.522737 0 4 8363 ++++
rs4498243 G A 0.460185 0.049554 0.01002 0.029914 0.069193 4.945402 7.74e-07 6.111365 2.247069 0.522737 0 4 8363 ++++
rs12515885 T C 0.46012 0.049529 0.01002 0.029889 0.069168 4.942928 7.84e-07 6.105862 2.24335 0.52346 0 4 8363 ++++
rs10079716 T A 0.463358 0.049427 0.01 0.029826 0.069028 4.942516 7.85e-07 6.104944 2.502767 0.474791 0 4 8363 ++++
rs12717962 A G 0.433943 0.049543 0.010034 0.029876 0.069209 4.937543 8.06e-07 6.093887 1.813417 0.61202 0 4 8363 ++++
rs34506706 T G 0.460185 0.04944 0.01002 0.029801 0.06908 4.934095 8.2e-07 6.086228 2.230249 0.526015 0 4 8363 ++++
rs4803761 G A 0.338496 -0.052566 0.01066 -0.073459 -0.031673 -4.931282 8.32e-07 6.079982 7.702785 0.052571 0.61053 4 8363 ----
rs9325087 C T 0.433441 0.049356 0.010035 0.029688 0.069025 4.91843 8.88e-07 6.051491 1.375252 0.711346 0 4 8363 ++++
rs10067334 A C 0.458062 0.049219 0.010009 0.029603 0.068836 4.917721 8.91e-07 6.049922 2.080589 0.55585 0 4 8362 ++++
rs13179181 C T 0.433448 0.049318 0.01003 0.029658 0.068978 4.916814 8.96e-07 6.047914 1.77905 0.619504 0 4 8363 ++++
rs9325080 T C 0.432059 0.049155 0.010008 0.02954 0.06877 4.91179 9.19e-07 6.036799 1.284464 0.732825 0 4 8363 ++++
rs34404554 G C 0.148905 -0.089586 0.018258 -0.125371 -0.053801 -4.906801 9.42e-07 6.025771 19.992876 4.56e-05 0.899964 3 2941 --?-
rs11556505 T C 0.148905 -0.089586 0.018258 -0.125371 -0.053801 -4.906801 9.42e-07 6.025771 19.992876 4.56e-05 0.899964 3 2941 --?-
rs10043288 G A 0.434056 0.049213 0.010035 0.029545 0.06888 4.904315 9.54e-07 6.020278 1.584229 0.662971 0 4 8363 ++++
rs9325079 C T 0.431192 0.049065 0.01001 0.029445 0.068685 4.90141 9.69e-07 6.013866 1.186132 0.756332 0 4 8363 ++++
rs2075650 G A 0.149062 -0.089451 0.018259 -0.125239 -0.053664 -4.899105 9.8e-07 6.008779 19.904103 4.76e-05 0.899518 3 2941 --?-
rs12717963 C T 0.434184 0.04905 0.010031 0.029389 0.068711 4.889755 1.03e-06 5.98817 1.533345 0.674596 0 4 8363 ++++
rs13360182 A T 0.431388 0.048905 0.010013 0.029279 0.068531 4.883962 1.06e-06 5.975421 1.208469 0.750974 0 4 8363 ++++
rs10075227 T C 0.431388 0.048905 0.010013 0.029279 0.068531 4.883962 1.06e-06 5.975421 1.208469 0.750974 0 4 8363 ++++
rs2191680 C T 0.431323 0.048905 0.010013 0.029279 0.068531 4.883962 1.06e-06 5.975421 1.208469 0.750974 0 4 8363 ++++
rs9325077 A G 0.431323 0.048905 0.010013 0.029279 0.068531 4.883962 1.06e-06 5.975421 1.208469 0.750974 0 4 8363 ++++
rs9325078 G A 0.431323 0.048905 0.010013 0.029279 0.068531 4.883962 1.06e-06 5.975421 1.208469 0.750974 0 4 8363 ++++
rs9285670 T A 0.431323 0.048905 0.010013 0.029279 0.068531 4.883962 1.06e-06 5.975421 1.208469 0.750974 0 4 8363 ++++
rs4254894 T C 0.431388 0.048905 0.010013 0.029279 0.068531 4.883962 1.06e-06 5.975421 1.208469 0.750974 0 4 8363 ++++
rs4623135 A G 0.431323 0.048905 0.010013 0.029279 0.068531 4.883962 1.06e-06 5.975421 1.208469 0.750974 0 4 8363 ++++
rs6895745 G C 0.431323 0.048905 0.010013 0.029279 0.068531 4.883962 1.06e-06 5.975421 1.208469 0.750974 0 4 8363 ++++
rs4705055 C T 0.431323 0.048905 0.010013 0.029279 0.068531 4.883962 1.06e-06 5.975421 1.208469 0.750974 0 4 8363 ++++
rs4269285 T C 0.431323 0.048905 0.010013 0.029279 0.068531 4.883962 1.06e-06 5.975421 1.208469 0.750974 0 4 8363 ++++
rs6898179 G T 0.432123 0.048844 0.010006 0.029232 0.068456 4.881464 1.07e-06 5.969925 1.273088 0.735533 0 4 8363 ++++
rs10068922 T C 0.431556 0.048851 0.010013 0.029225 0.068477 4.878583 1.09e-06 5.963594 1.223863 0.747287 0 4 8363 ++++
rs10065999 C T 0.4315 0.048829 0.010013 0.029203 0.068456 4.876427 1.1e-06 5.958857 1.219083 0.748431 0 4 8363 ++++
rs10068904 T C 0.431435 0.048829 0.010013 0.029203 0.068456 4.876427 1.1e-06 5.958857 1.219083 0.748431 0 4 8363 ++++
rs6894796 T C 0.431435 0.048805 0.010013 0.029179 0.068431 4.873973 1.11e-06 5.953467 1.218961 0.74846 0 4 8363 ++++
rs10477363 T C 0.432435 0.0488 0.01001 0.029182 0.068419 4.875385 1.11e-06 5.956569 1.008574 0.799177 0 4 8363 ++++
rs4270684 C T 0.431316 0.048734 0.010011 0.029112 0.068356 4.867846 1.15e-06 5.940022 1.212792 0.749938 0 4 8363 ++++
rs73130322 C T 0.02465 -0.154003 0.031675 -0.216087 -0.091919 -4.861887 1.18e-06 5.926962 5.276301 0.152648 0.43142 4 8363 ----
rs4452547 C T 0.431307 0.04865 0.010012 0.029026 0.068274 4.859065 1.2e-06 5.920783 1.199613 0.753097 0 4 8363 ++++
rs9325084 G C 0.431372 0.04865 0.010014 0.029022 0.068278 4.858044 1.21e-06 5.918546 1.199612 0.753097 0 4 8363 ++++
chr19:44909976:G:T T G 0.06368 0.096561 0.0199 0.057558 0.135565 4.852435 1.24e-06 5.906275 60.457434 4.69e-13 0.950378 4 8363 -+++
rs2400493 G A 0.431316 0.048562 0.010011 0.02894 0.068184 4.85067 1.25e-06 5.902417 1.210983 0.750371 0 4 8363 ++++
rs767569 T C 0.431316 0.048562 0.010011 0.02894 0.068184 4.85067 1.25e-06 5.902417 1.210983 0.750371 0 4 8363 ++++
rs1974627 T G 0.431381 0.048562 0.010011 0.02894 0.068184 4.85067 1.25e-06 5.902417 1.210983 0.750371 0 4 8363 ++++
rs2400496 A G 0.431381 0.048551 0.010011 0.028929 0.068174 4.849619 1.26e-06 5.900119 1.210908 0.750389 0 4 8363 ++++
rs146275714 A G 0.026896 -0.157933 0.032584 -0.221797 -0.094068 -4.846946 1.28e-06 5.894279 15.787355 0.001254 0.809974 4 8363 ---+
rs10061827 C T 0.431443 0.048478 0.010006 0.028867 0.06809 4.845016 1.29e-06 5.890064 1.2151 0.749385 0 4 8363 ++++
rs7713904 C T 0.431678 0.048489 0.010013 0.028864 0.068115 4.842597 1.3e-06 5.884785 0.989595 0.80377 0 4 8363 ++++
rs1029884 G C 0.431743 0.048489 0.010013 0.028864 0.068115 4.842597 1.3e-06 5.884785 0.989595 0.80377 0 4 8363 ++++
rs6864133 C T 0.431387 0.048467 0.010012 0.028844 0.06809 4.841038 1.31e-06 5.881382 1.235459 0.744513 0 4 8363 ++++
rs10074328 C T 0.431549 0.048373 0.010007 0.028759 0.067987 4.833861 1.36e-06 5.865735 0.987956 0.804166 0 4 8363 ++++
rs9654490 G A 0.431257 0.04838 0.010012 0.028756 0.068003 4.832274 1.37e-06 5.862278 1.23395 0.744874 0 4 8363 ++++
rs10070470 T C 0.431202 0.048387 0.010016 0.028755 0.068019 4.830825 1.38e-06 5.859122 1.262054 0.738163 0 4 8363 ++++
rs6898852 C T 0.431387 0.048358 0.010012 0.028735 0.067981 4.830171 1.39e-06 5.857698 1.23363 0.74495 0 4 8363 ++++
rs6898191 G A 0.431387 0.048358 0.010012 0.028735 0.067981 4.830171 1.39e-06 5.857698 1.23363 0.74495 0 4 8363 ++++
rs6884063 T G 0.431387 0.048358 0.010012 0.028735 0.067981 4.830171 1.39e-06 5.857698 1.23363 0.74495 0 4 8363 ++++
rs6898210 G T 0.431387 0.048358 0.010012 0.028735 0.067981 4.830171 1.39e-06 5.857698 1.23363 0.74495 0 4 8363 ++++
rs6879875 A G 0.431387 0.048358 0.010012 0.028735 0.067981 4.830171 1.39e-06 5.857698 1.23363 0.74495 0 4 8363 ++++
rs9654500 G A 0.431387 0.048358 0.010012 0.028735 0.067981 4.830171 1.39e-06 5.857698 1.23363 0.74495 0 4 8363 ++++
rs6888900 T C 0.431387 0.048358 0.010012 0.028735 0.067981 4.830171 1.39e-06 5.857698 1.23363 0.74495 0 4 8363 ++++
rs9654491 T C 0.431387 0.048358 0.010012 0.028735 0.067981 4.830171 1.39e-06 5.857698 1.23363 0.74495 0 4 8363 ++++
rs6863271 G C 0.431387 0.048358 0.010012 0.028735 0.067981 4.830171 1.39e-06 5.857698 1.23363 0.74495 0 4 8363 ++++
rs9654501 T C 0.431257 0.048316 0.010012 0.028693 0.067939 4.825965 1.42e-06 5.848543 1.23304 0.745091 0 4 8363 ++++
rs9654502 G A 0.431257 0.048316 0.010012 0.028693 0.067939 4.825965 1.42e-06 5.848543 1.23304 0.745091 0 4 8363 ++++
rs6883615 T C 0.431322 0.048295 0.010012 0.028672 0.067918 4.823861 1.43e-06 5.843968 1.232769 0.745156 0 4 8363 ++++
rs6899173 C T 0.431499 0.048279 0.010009 0.028661 0.067896 4.823611 1.43e-06 5.843423 1.245407 0.742136 0 4 8363 ++++
rs7703761 C T 0.431654 0.048261 0.010016 0.028629 0.067893 4.818244 1.47e-06 5.831759 0.977096 0.806794 0 4 8361 ++++
rs10052031 A C 0.431671 0.048148 0.010009 0.02853 0.067766 4.810444 1.53e-06 5.814828 0.988358 0.804069 0 4 8363 ++++
rs2400494 A G 0.431671 0.048148 0.010009 0.02853 0.067766 4.810444 1.53e-06 5.814828 0.988358 0.804069 0 4 8363 ++++
rs2400498 T C 0.431671 0.048148 0.010009 0.02853 0.067766 4.810444 1.53e-06 5.814828 0.988358 0.804069 0 4 8363 ++++
rs767568 A G 0.431671 0.048148 0.010009 0.02853 0.067766 4.810444 1.53e-06 5.814828 0.988358 0.804069 0 4 8363 ++++
rs2191681 T C 0.431671 0.048148 0.010009 0.02853 0.067766 4.810444 1.53e-06 5.814828 0.988358 0.804069 0 4 8363 ++++
rs1974628 T C 0.431736 0.048148 0.010009 0.02853 0.067766 4.810444 1.53e-06 5.814828 0.988358 0.804069 0 4 8363 ++++
rs1974629 A G 0.431736 0.048148 0.010009 0.02853 0.067766 4.810444 1.53e-06 5.814828 0.988358 0.804069 0 4 8363 ++++
rs1558410 G A 0.431736 0.048148 0.010009 0.02853 0.067766 4.810444 1.53e-06 5.814828 0.988358 0.804069 0 4 8363 ++++
rs2159661 A G 0.431736 0.048148 0.010009 0.02853 0.067766 4.810444 1.53e-06 5.814828 0.988358 0.804069 0 4 8363 ++++
rs2400495 G A 0.431736 0.048141 0.010011 0.028519 0.067763 4.808719 1.54e-06 5.811088 0.988266 0.804091 0 4 8363 ++++
rs2400497 T C 0.431736 0.048141 0.010011 0.028519 0.067763 4.808719 1.54e-06 5.811088 0.988266 0.804091 0 4 8363 ++++
rs7445725 A C 0.431736 0.048102 0.010011 0.02848 0.067724 4.804868 1.57e-06 5.80274 0.987802 0.804204 0 4 8363 ++++
rs4259160 G A 0.431606 0.048095 0.010009 0.028478 0.067713 4.805187 1.57e-06 5.803432 0.987725 0.804222 0 4 8363 ++++
rs6868569 T G 0.432749 0.048227 0.01004 0.028548 0.067906 4.803277 1.59e-06 5.799294 1.446518 0.694668 0 4 8363 ++++
rs157584 C T 0.463058 0.048044 0.010016 0.028413 0.067675 4.796755 1.64e-06 5.785176 5.360437 0.147228 0.440344 4 8363 ++++
rs2400489 T C 0.431517 0.047958 0.010012 0.028335 0.067581 4.79021 1.69e-06 5.771026 1.230664 0.74566 0 4 8363 ++++
rs2400491 T C 0.431517 0.047958 0.010012 0.028335 0.067581 4.79021 1.69e-06 5.771026 1.230664 0.74566 0 4 8363 ++++
rs2400492 G A 0.431517 0.047958 0.010012 0.028335 0.067581 4.79021 1.69e-06 5.771026 1.230664 0.74566 0 4 8363 ++++
rs71352238 C T 0.150535 -0.087405 0.018244 -0.123164 -0.051646 -4.790818 1.69e-06 5.772339 17.304413 0.000175 0.884423 3 2941 --?-
rs10034686 A G 0.194896 0.07558 0.015779 0.044653 0.106506 4.789907 1.7e-06 5.770372 0.744212 0.689281 0 3 2939 ++?+
rs62231803 G A 0.029313 -0.141396 0.029631 -0.199473 -0.08332 -4.771969 1.85e-06 5.731687 3.185141 0.363952 0.058126 4 8363 ----
rs13154742 A G 0.432172 0.04763 0.010009 0.028012 0.067247 4.758663 1.98e-06 5.703076 1.021293 0.7961 0 4 8363 ++++
rs12972156 G C 0.150393 -0.08578 0.018129 -0.121313 -0.050247 -4.731608 2.26e-06 5.645134 21.022381 2.72e-05 0.904863 3 2941 --?-
rs12972970 A G 0.150393 -0.08578 0.018129 -0.121313 -0.050247 -4.731608 2.26e-06 5.645134 21.022381 2.72e-05 0.904863 3 2941 --?-
rs114634328 C G 0.052782 0.106973 0.022634 0.062612 0.151335 4.726303 2.32e-06 5.633809 2.119889 0.5479 0 4 8363 ++++
rs7412 T C 0.063525 0.094152 0.01997 0.055011 0.133293 4.714691 2.46e-06 5.609059 59.764999 6.6e-13 0.949803 4 8355 -+++
rs4448092 C T 0.098145 -0.078537 0.016689 -0.111247 -0.045826 -4.705941 2.57e-06 5.590447 2.360898 0.500955 0 4 8363 ----
rs2590395 G A 0.426004 -0.047421 0.010101 -0.067218 -0.027624 -4.694936 2.71e-06 5.567083 4.434142 0.21824 0.323432 4 8363 ----
rs7232 A T 0.365404 0.048189 0.010276 0.028048 0.06833 4.689542 2.78e-06 5.55565 1.550699 0.670619 0 4 8363 ++++
rs17013444 C T 0.090306 -0.08065 0.017223 -0.114407 -0.046892 -4.682646 2.88e-06 5.541052 14.365388 0.002448 0.791165 4 8363 -+--
rs2400488 A G 0.431636 0.046878 0.010013 0.027254 0.066503 4.681938 2.89e-06 5.539554 1.269805 0.736315 0 4 8363 ++++
rs7717500 T C 0.431948 0.046826 0.010015 0.027196 0.066456 4.675421 2.98e-06 5.525778 1.183985 0.756848 0 4 8361 ++++
rs148601586 G C 0.014375 -0.219969 0.047258 -0.312595 -0.127342 -4.654594 3.3e-06 5.481871 7.21158 0.027166 0.722668 3 7759 ---?
rs2850710 G A 0.423614 -0.047005 0.010101 -0.066803 -0.027207 -4.653517 3.31e-06 5.479605 4.188928 0.241773 0.283826 4 8363 ----
rs12620649 T C 0.452441 -0.049096 0.01057 -0.069813 -0.028379 -4.644895 3.46e-06 5.461486 1.063798 0.587488 0 3 7592 -?--
rs17314282 G C 0.450413 -0.048948 0.010565 -0.069654 -0.028241 -4.633192 3.66e-06 5.436941 0.77337 0.679305 0 3 7592 -?--
rs2850712 C A 0.423595 -0.046694 0.010099 -0.066488 -0.0269 -4.623653 3.83e-06 5.416976 4.224348 0.238236 0.289831 4 8350 ----
rs2400490 G A 0.481128 0.048854 0.010587 0.028103 0.069605 4.614515 4e-06 5.397886 0.805205 0.668578 0 3 7759 +++?
rs2676674 G A 0.423312 -0.046586 0.010097 -0.066377 -0.026796 -4.613789 4.01e-06 5.396371 4.256771 0.235039 0.295241 4 8363 ----
rs12473168 C T 0.45279 -0.048726 0.010573 -0.069449 -0.028004 -4.608752 4.11e-06 5.385866 1.008431 0.603979 0 3 7592 -?--
rs11675533 T C 0.451055 -0.048653 0.01058 -0.069391 -0.027916 -4.598574 4.32e-06 5.364669 0.733504 0.692981 0 3 7591 -?--
rs12463782 T C 0.446185 -0.048674 0.010593 -0.069436 -0.027912 -4.594906 4.39e-06 5.357041 0.656412 0.720215 0 3 7590 -?--
rs34342646 A G 0.153268 -0.082602 0.018011 -0.117904 -0.047301 -4.586188 4.58e-06 5.338932 17.946872 0.000127 0.88856 3 2941 --?-
rs2024670 G T 0.381245 -0.058259 0.012718 -0.083186 -0.033332 -4.580804 4.7e-06 5.327767 2.13873 0.343226 0.064866 3 2938 --?-
rs17313969 T C 0.452152 -0.048387 0.010567 -0.069098 -0.027676 -4.579117 4.74e-06 5.32427 0.950941 0.621593 0 3 7592 -?--
rs12612559 T C 0.445765 -0.048385 0.01059 -0.069141 -0.02763 -4.569149 4.97e-06 5.303634 0.642672 0.72518 0 3 7592 -?--
rs17314289 G A 0.445836 -0.048385 0.01059 -0.069141 -0.02763 -4.569149 4.97e-06 5.303634 0.642672 0.72518 0 3 7592 -?--
rs17314310 C T 0.445836 -0.048385 0.01059 -0.069141 -0.02763 -4.569149 4.97e-06 5.303634 0.642672 0.72518 0 3 7592 -?--
rs13025962 T C 0.452287 -0.048227 0.010563 -0.068929 -0.027524 -4.565744 5.05e-06 5.296593 0.895955 0.638919 0 3 7592 -?--
rs12613092 A G 0.446122 -0.048312 0.01059 -0.069067 -0.027556 -4.562187 5.14e-06 5.289245 0.654655 0.720848 0 3 7592 -?--
rs6757235 T C 0.445836 -0.048281 0.010592 -0.069041 -0.027521 -4.558247 5.23e-06 5.281111 0.660038 0.71891 0 3 7592 -?--
rs6705105 C A 0.445836 -0.048281 0.010592 -0.069041 -0.027521 -4.558247 5.23e-06 5.281111 0.660038 0.71891 0 3 7592 -?--
rs6705434 G C 0.445836 -0.048281 0.010592 -0.069041 -0.027521 -4.558247 5.23e-06 5.281111 0.660038 0.71891 0 3 7592 -?--
rs6705528 G C 0.445836 -0.048281 0.010592 -0.069041 -0.027521 -4.558247 5.23e-06 5.281111 0.660038 0.71891 0 3 7592 -?--
rs7558846 A G 0.451126 -0.048196 0.010579 -0.068931 -0.027461 -4.555742 5.3e-06 5.275943 0.591235 0.744072 0 3 7592 -?--
rs62149052 C T 0.445908 -0.048238 0.01059 -0.068994 -0.027482 -4.555225 5.31e-06 5.274877 0.666791 0.716487 0 3 7592 -?--
rs7422313 A G 0.445979 -0.048238 0.01059 -0.068994 -0.027482 -4.555225 5.31e-06 5.274877 0.666791 0.716487 0 3 7592 -?--
chr2:83208087:T:C T C 0.445908 -0.048238 0.01059 -0.068994 -0.027482 -4.555225 5.31e-06 5.274877 0.666791 0.716487 0 3 7592 -?--
rs11689472 A C 0.445908 -0.048238 0.01059 -0.068994 -0.027482 -4.555225 5.31e-06 5.274877 0.666791 0.716487 0 3 7592 -?--
rs6547461 T A 0.445908 -0.048238 0.01059 -0.068994 -0.027482 -4.555225 5.31e-06 5.274877 0.666791 0.716487 0 3 7592 -?--
rs35249779 A G 0.445979 -0.048238 0.01059 -0.068994 -0.027482 -4.555225 5.31e-06 5.274877 0.666791 0.716487 0 3 7592 -?--
rs7587655 T A 0.445979 -0.048238 0.01059 -0.068994 -0.027482 -4.555225 5.31e-06 5.274877 0.666791 0.716487 0 3 7592 -?--
rs12620115 C T 0.451126 -0.04808 0.010579 -0.068815 -0.027345 -4.544747 5.58e-06 5.25329 0.609813 0.737192 0 3 7592 -?--
rs6744953 T A 0.452073 -0.048002 0.010563 -0.068705 -0.027299 -4.54452 5.59e-06 5.252823 0.944035 0.623743 0 3 7592 -?--
rs7422727 T G 0.446059 -0.048188 0.010604 -0.068971 -0.027404 -4.544334 5.59e-06 5.25244 0.658515 0.719458 0 3 7586 -?--
rs1269289 C T 0.430963 0.045647 0.010046 0.025957 0.065337 4.543886 5.6e-06 5.251518 2.051168 0.561855 0 4 8363 ++++
rs11668327 C G 0.159678 0.060403 0.013293 0.034349 0.086457 4.544018 5.6e-06 5.251789 29.029708 2.21e-06 0.896658 4 8363 -+++
rs7336003 C A 0.450758 -0.045991 0.010132 -0.065848 -0.026133 -4.539339 5.73e-06 5.242167 5.442403 0.142124 0.448773 4 8361 ---+
rs1346803 T C 0.451767 -0.047971 0.010569 -0.068687 -0.027255 -4.538698 5.74e-06 5.240848 0.665148 0.717075 0 3 7592 -?--
rs12474592 G A 0.451767 -0.047971 0.010569 -0.068687 -0.027255 -4.538698 5.74e-06 5.240848 0.665148 0.717075 0 3 7592 -?--
rs58875669 G C 0.451767 -0.047971 0.010569 -0.068687 -0.027255 -4.538698 5.74e-06 5.240848 0.665148 0.717075 0 3 7592 -?--
rs17379850 T G 0.451767 -0.047971 0.010569 -0.068687 -0.027255 -4.538698 5.74e-06 5.240848 0.665148 0.717075 0 3 7592 -?--
rs1430283 G T 0.451767 -0.047971 0.010569 -0.068687 -0.027255 -4.538698 5.74e-06 5.240848 0.665148 0.717075 0 3 7592 -?--
rs36101641 G A 0.357462 -0.047138 0.010387 -0.067497 -0.026778 -4.537942 5.76e-06 5.239295 0.628725 0.889826 0 4 8363 ----
rs12620638 C T 0.452144 -0.047929 0.010563 -0.068632 -0.027226 -4.537568 5.77e-06 5.238526 0.960096 0.618754 0 3 7592 -?--
rs62149053 A C 0.445836 -0.048044 0.01059 -0.0688 -0.027288 -4.536904 5.79e-06 5.237163 0.699459 0.704879 0 3 7592 -?--
rs11674296 T G 0.450841 -0.047971 0.010579 -0.068707 -0.027236 -4.534485 5.86e-06 5.232194 0.627497 0.730703 0 3 7592 -?--
rs6743999 C T 0.450841 -0.047971 0.010579 -0.068707 -0.027236 -4.534485 5.86e-06 5.232194 0.627497 0.730703 0 3 7592 -?--
rs6739433 T G 0.451839 -0.047925 0.010569 -0.068641 -0.027209 -4.534299 5.86e-06 5.23181 0.672722 0.714365 0 3 7592 -?--
rs11676151 A T 0.453391 -0.047954 0.010577 -0.068685 -0.027224 -4.533927 5.87e-06 5.231048 0.917886 0.631951 0 3 7592 -?--
rs6547458 G A 0.445774 -0.048016 0.010595 -0.068783 -0.027249 -4.531775 5.93e-06 5.22663 0.646807 0.723682 0 3 7592 -?--
rs12997840 G A 0.454167 -0.047799 0.010552 -0.06848 -0.027118 -4.53003 5.98e-06 5.223048 0.722563 0.696783 0 3 7592 -?--
rs6737504 A G 0.44599 -0.047942 0.010586 -0.068691 -0.027194 -4.528774 6.02e-06 5.22047 0.6518 0.721877 0 3 7592 -?--
rs2019905 T G 0.490282 0.047509 0.010504 0.026922 0.068097 4.522964 6.19e-06 5.20856 0.293986 0.8633 0 3 7592 +?++
rs56386742 A G 0.047055 0.075453 0.016695 0.04273 0.108176 4.519395 6.29e-06 5.20125 1.43519 0.697307 0 4 8219 ++++
rs61239239 A G 0.451839 -0.047774 0.010572 -0.068495 -0.027053 -4.519009 6.3e-06 5.200461 0.698048 0.705376 0 3 7592 -?--
rs11667241 C G 0.346134 -0.047786 0.010582 -0.068527 -0.027045 -4.515769 6.4e-06 5.193829 8.953503 0.029916 0.664936 4 8363 ----
rs56322438 T C 0.15248 -0.062395 0.013821 -0.089485 -0.035305 -4.514324 6.44e-06 5.190874 0.952892 0.812648 0 4 8363 ----
rs1430279 A C 0.450973 -0.047733 0.010576 -0.068462 -0.027005 -4.513439 6.47e-06 5.189064 0.600761 0.740536 0 3 7592 -?--
rs117016887 T C 0.033521 -0.122988 0.02726 -0.176418 -0.069559 -4.511686 6.52e-06 5.185479 3.824098 0.281095 0.215501 4 8363 ----
rs1367257 C G 0.450766 -0.047676 0.010572 -0.068397 -0.026956 -4.509766 6.58e-06 5.181555 0.672714 0.714368 0 3 7592 -?--
rs1560379 C T 0.451491 -0.047602 0.010568 -0.068316 -0.026888 -4.504212 6.76e-06 5.170212 0.678951 0.712144 0 3 7592 -?--
rs2613655 T C 0.423056 -0.045635 0.010133 -0.065495 -0.025775 -4.503734 6.77e-06 5.169237 3.860429 0.276935 0.222884 4 8363 ----
rs1560377 G A 0.450633 -0.047603 0.010572 -0.068324 -0.026883 -4.502866 6.8e-06 5.167465 0.669444 0.715537 0 3 7592 -?--
rs12529256 G A 0.256964 -0.051968 0.011578 -0.07466 -0.029275 -4.48859 7.27e-06 5.138378 0.912492 0.822412 0 4 8363 ----
rs1430281 T C 0.45176 -0.04744 0.010575 -0.068166 -0.026713 -4.486131 7.36e-06 5.133376 0.51711 0.772166 0 3 7591 -?--
rs4392290 T C 0.450758 -0.047427 0.010576 -0.068156 -0.026699 -4.484496 7.41e-06 5.130051 0.650217 0.722449 0 3 7592 -?--
rs2195618 A G 0.45083 -0.047411 0.010573 -0.068135 -0.026688 -4.484019 7.43e-06 5.129081 0.652499 0.721625 0 3 7592 -?--
rs6872890 T C 0.430769 0.04483 0.010003 0.025224 0.064436 4.481564 7.51e-06 5.124092 1.385461 0.708946 0 4 8363 ++++
rs10520363 T C 0.451991 -0.047382 0.010575 -0.068109 -0.026655 -4.480484 7.55e-06 5.121899 0.70637 0.702447 0 3 7592 -?--
rs1995626 C T 0.22224 0.067079 0.014977 0.037724 0.096434 4.478853 7.61e-06 5.118587 1.136138 0.566618 0 3 2932 ++?+
rs6693195 A T 0.364427 0.046629 0.010412 0.026223 0.067036 4.478605 7.62e-06 5.118084 1.529339 0.675516 0 4 8363 ++++
rs1805129 C T 0.032394 0.153307 0.034265 0.086149 0.220466 4.474233 7.78e-06 5.10921 0.295135 0.862804 0 3 2940 ++?+
rs11688630 C G 0.451663 -0.047322 0.010583 -0.068064 -0.02658 -4.471686 7.87e-06 5.104044 0.622549 0.732513 0 3 7592 -?--
rs62513500 T C 0.144421 0.063662 0.014237 0.035758 0.091566 4.471691 7.87e-06 5.104056 4.239837 0.236704 0.292426 4 8363 +-++
rs17379677 A T 0.452045 -0.047277 0.010578 -0.068011 -0.026544 -4.469293 7.96e-06 5.099195 0.721612 0.697114 0 3 7592 -?--
rs115761111 T G 0.026446 0.139019 0.031121 0.078022 0.200017 4.467033 8.04e-06 5.094616 5.803144 0.121591 0.483039 4 8363 ++++
rs114350689 C T 0.024695 -0.144575 0.032405 -0.20809 -0.08106 -4.461433 8.26e-06 5.083278 4.342288 0.226797 0.30912 4 8362 -+--
rs7592306 G T 0.452117 -0.047165 0.010578 -0.067898 -0.026432 -4.458678 8.36e-06 5.077707 0.741914 0.690074 0 3 7592 -?--
rs59177060 T C 0.173342 -0.058276 0.013077 -0.083907 -0.032645 -4.456319 8.45e-06 5.072938 0.425237 0.934981 0 4 8363 ----
chr3:33741019:C:T T C 0.104945 0.074069 0.016641 0.041453 0.106685 4.451015 8.67e-06 5.062222 9.47887 0.023557 0.683507 4 8363 ++++
rs6680175 G A 0.173471 -0.058069 0.013069 -0.083685 -0.032454 -4.443244 8.98e-06 5.046547 0.43962 0.931942 0 4 8363 ----
rs41420949 C G 0.455753 -0.046928 0.010569 -0.067642 -0.026213 -4.440223 9.11e-06 5.040459 0.757855 0.684595 0 3 7592 -?--
rs2010842 T C 0.147429 0.063206 0.014267 0.035242 0.09117 4.430177 9.54e-06 5.020242 3.941483 0.267853 0.238865 4 8363 ++++
rs7743783 C T 0.435134 0.044805 0.010123 0.024963 0.064646 4.425874 9.74e-06 5.011597 7.125025 0.068018 0.578949 4 8363 +++-
rs4896547 C T 0.297901 -0.04897 0.011071 -0.07067 -0.02727 -4.423089 9.86e-06 5.006006 2.63166 0.451966 0 4 8362 ----
rs62587732 C G 0.057297 0.068592 0.015513 0.038187 0.098998 4.421599 9.93e-06 5.003015 1.265439 0.737356 0 4 8219 ++++
rs11075432 C T 0.147115 0.063137 0.014281 0.035146 0.091128 4.42107 9.96e-06 5.001952 3.929824 0.269142 0.236607 4 8363 ++++
rs12627105 C T 0.320826 0.048036 0.010866 0.026738 0.069333 4.42072 9.97e-06 5.00125 0.891321 0.827522 0 4 8363 ++++
