rs_number reference_allele other_allele eaf beta se beta_95L beta_95U z p-value -log10_p-value q_statistic q_p-value i2 n_studies n_samples effects
rs719070 A G 0.174545 -0.069765 0.011514 -0.092331 -0.047198 -6.059362 1.41e-09 8.851764 2.053316 0.151875 0.512983 2 5285 --
rs1395327 T C 0.217739 0.05389 0.010607 0.0331 0.074681 5.080447 3.84e-07 6.41574 0.62188 0.43035 0 2 5286 ++
rs7680118 C T 0.217739 0.05362 0.010607 0.032829 0.07441 5.054955 4.39e-07 6.357697 0.608875 0.435212 0 2 5286 ++
rs6843995 A T 0.217739 0.05362 0.010607 0.032829 0.07441 5.054955 4.39e-07 6.357697 0.608875 0.435212 0 2 5286 ++
rs1395325 A G 0.217636 0.053587 0.010607 0.032797 0.074378 5.051885 4.46e-07 6.350727 0.607318 0.435799 0 2 5286 ++
rs80294720 G A 0.033202 -0.118814 0.024282 -0.166407 -0.071222 -4.893129 1.01e-06 5.995603 0.094491 0.758543 0 2 5286 --
rs74885560 G T 0.018146 0.170018 0.03503 0.101359 0.238677 4.85348 1.23e-06 5.908562 0.086873 0.768191 0 2 4932 ++
rs16929265 A G 0.018143 0.170013 0.035032 0.10135 0.238675 4.853091 1.24e-06 5.907711 0.086901 0.768155 0 2 4933 ++
rs116704394 T C 0.018143 0.170013 0.035032 0.10135 0.238675 4.853091 1.24e-06 5.907711 0.086901 0.768155 0 2 4933 ++
rs16929271 C T 0.018143 0.170013 0.035032 0.10135 0.238675 4.853091 1.24e-06 5.907711 0.086901 0.768155 0 2 4933 ++
rs78021342 G C 0.018143 0.170013 0.035032 0.10135 0.238675 4.853091 1.24e-06 5.907711 0.086901 0.768155 0 2 4933 ++
rs78745470 A G 0.018143 0.170013 0.035032 0.10135 0.238675 4.853091 1.24e-06 5.907711 0.086901 0.768155 0 2 4933 ++
rs16929274 G A 0.018143 0.170013 0.035032 0.10135 0.238675 4.853091 1.24e-06 5.907711 0.086901 0.768155 0 2 4933 ++
rs77244022 G C 0.018143 0.170013 0.035032 0.10135 0.238675 4.853091 1.24e-06 5.907711 0.086901 0.768155 0 2 4933 ++
rs74341239 A G 0.018143 0.170013 0.035032 0.10135 0.238675 4.853091 1.24e-06 5.907711 0.086901 0.768155 0 2 4933 ++
rs115716894 A G 0.018143 0.170013 0.035032 0.10135 0.238675 4.853091 1.24e-06 5.907711 0.086901 0.768155 0 2 4933 ++
rs116651124 C T 0.018143 0.170013 0.035032 0.10135 0.238675 4.853091 1.24e-06 5.907711 0.086901 0.768155 0 2 4933 ++
rs117850958 T C 0.033015 -0.117405 0.024344 -0.165119 -0.069691 -4.822754 1.44e-06 5.841561 0.099739 0.752143 0 2 5286 --
rs58327863 T C 0.017939 0.170187 0.035295 0.101009 0.239365 4.821849 1.45e-06 5.839594 0.114454 0.735129 0 2 4933 ++
rs61541121 G A 0.017939 0.170187 0.035295 0.101009 0.239365 4.821849 1.45e-06 5.839594 0.114454 0.735129 0 2 4933 ++
rs115578267 T G 0.017939 0.170187 0.035295 0.101009 0.239365 4.821849 1.45e-06 5.839594 0.114454 0.735129 0 2 4933 ++
rs140751113 A G 0.017939 0.170187 0.035295 0.101009 0.239365 4.821849 1.45e-06 5.839594 0.114454 0.735129 0 2 4933 ++
rs75836780 G T 0.017939 0.170187 0.035295 0.101009 0.239365 4.821849 1.45e-06 5.839594 0.114454 0.735129 0 2 4933 ++
rs3734266 C T 0.127797 0.086573 0.017977 0.051339 0.121807 4.815857 1.49e-06 5.826576 0.006442 0.936027 0 2 2324 ++
rs114656361 A G 0.017939 0.169772 0.035261 0.10066 0.238884 4.81472 1.5e-06 5.824106 0.088267 0.766392 0 2 4933 ++
rs16929104 T C 0.020293 0.16019 0.033406 0.094714 0.225666 4.795235 1.65e-06 5.781888 0.025958 0.872003 0 2 4878 ++
rs34808837 A G 0.202842 -0.055537 0.011598 -0.078268 -0.032806 -4.788656 1.71e-06 5.767669 0.231025 0.630765 0 2 4878 --
rs117031854 G A 0.01784 0.16925 0.03535 0.099964 0.238536 4.787858 1.71e-06 5.765947 0.09107 0.762821 0 2 4933 ++
rs149473038 T C 0.01784 0.16925 0.03535 0.099964 0.238536 4.787858 1.71e-06 5.765947 0.09107 0.762821 0 2 4933 ++
rs143764321 C T 0.01804 0.168315 0.035191 0.099341 0.237289 4.78294 1.76e-06 5.755331 0.025924 0.872085 0 2 4933 ++
rs150107830 G T 0.01804 0.168315 0.035191 0.099341 0.237289 4.78294 1.76e-06 5.755331 0.025924 0.872085 0 2 4933 ++
rs2101987 A G 0.01804 0.168315 0.035191 0.099341 0.237289 4.78294 1.76e-06 5.755331 0.025924 0.872085 0 2 4933 ++
rs2088511 G A 0.01804 0.168315 0.035191 0.099341 0.237289 4.78294 1.76e-06 5.755331 0.025924 0.872085 0 2 4933 ++
rs149028270 A C 0.01804 0.168315 0.035191 0.099341 0.237289 4.78294 1.76e-06 5.755331 0.025924 0.872085 0 2 4933 ++
rs118181813 A T 0.01804 0.168315 0.035191 0.099341 0.237289 4.78294 1.76e-06 5.755331 0.025924 0.872085 0 2 4933 ++
rs199632481 C T 0.01804 0.168315 0.035191 0.099341 0.237289 4.78294 1.76e-06 5.755331 0.025924 0.872085 0 2 4933 ++
rs201886844 C A 0.01804 0.168315 0.035191 0.099341 0.237289 4.78294 1.76e-06 5.755331 0.025924 0.872085 0 2 4933 ++
rs150161296 G T 0.01804 0.168315 0.035191 0.099341 0.237289 4.78294 1.76e-06 5.755331 0.025924 0.872085 0 2 4933 ++
rs77336848 G A 0.01804 0.168315 0.035191 0.099341 0.237289 4.78294 1.76e-06 5.755331 0.025924 0.872085 0 2 4933 ++
rs61453092 C T 0.072088 -0.077489 0.016304 -0.109445 -0.045533 -4.752761 2.04e-06 5.690409 0.007056 0.933055 0 2 5341 --
rs11643281 C T 0.068713 -0.079391 0.016728 -0.112179 -0.046603 -4.745862 2.11e-06 5.675622 1.470873 0.225208 0.320132 2 5341 --
rs75699408 T C 0.06394 -0.080238 0.01721 -0.11397 -0.046506 -4.662259 3.18e-06 5.498008 0.614877 0.432957 0 2 5341 --
rs75724682 A G 0.018345 0.161775 0.034733 0.093699 0.229851 4.657724 3.25e-06 5.488457 0.184701 0.667364 0 2 4933 ++
rs190871370 G C 0.017942 0.16405 0.035311 0.09484 0.233259 4.645854 3.44e-06 5.463499 0.039854 0.841766 0 2 4933 ++
rs9327795 T G 0.086781 -0.070724 0.015245 -0.100604 -0.040844 -4.639182 3.55e-06 5.449495 0.089874 0.764337 0 2 5341 --
rs117513115 T C 0.032161 -0.114065 0.024736 -0.162548 -0.065581 -4.611228 4.06e-06 5.391028 0.112791 0.736988 0 2 5286 --
rs4963506 A G 0.195871 -0.049477 0.010731 -0.07051 -0.028443 -4.610495 4.08e-06 5.3895 0.021354 0.88382 0 2 5341 --
rs56166366 T C 0.061504 -0.079878 0.017333 -0.113851 -0.045904 -4.608357 4.12e-06 5.385042 2.793934 0.094622 0.642082 2 5341 --
rs900956 G A 0.343195 0.041861 0.009126 0.023974 0.059749 4.587005 4.56e-06 5.340628 0.014585 0.903875 0 2 5286 ++
rs12910730 A T 0.112368 0.062958 0.013728 0.036052 0.089864 4.586214 4.58e-06 5.338988 0.006428 0.936098 0 2 5341 ++
rs11136575 T C 0.245849 -0.045636 0.009966 -0.06517 -0.026103 -4.579163 4.74e-06 5.324366 0.228379 0.632729 0 2 5341 --
rs75864375 T A 0.145177 0.055574 0.012212 0.031638 0.079509 4.550781 5.42e-06 5.265715 0.013935 0.906031 0 2 5341 ++
rs56071429 C A 0.05785 0.083965 0.01846 0.047784 0.120147 4.548487 5.48e-06 5.260989 0.275233 0.599843 0 2 5341 ++
rs7656360 C T 0.228494 0.046567 0.010251 0.026475 0.06666 4.542574 5.64e-06 5.248819 0.310831 0.577171 0 2 5341 ++
rs4361401 A G 0.228494 0.046567 0.010251 0.026475 0.06666 4.542574 5.64e-06 5.248819 0.310831 0.577171 0 2 5341 ++
rs113616650 T G 0.018142 0.16108 0.03546 0.091579 0.230581 4.542603 5.64e-06 5.248879 0.005223 0.942385 0 2 4878 ++
rs11098773 A T 0.227871 0.04665 0.010276 0.026509 0.066791 4.539717 5.72e-06 5.242943 0.389635 0.532491 0 2 5341 ++
rs57052915 A G 0.069743 -0.074735 0.016465 -0.107006 -0.042464 -4.539068 5.73e-06 5.24161 0.114694 0.734862 0 2 5341 --
rs115002747 A T 0.019155 0.154258 0.034015 0.087588 0.220927 4.535001 5.84e-06 5.233252 1.012647 0.31427 0.012489 2 4933 ++
rs11071683 G A 0.312195 0.042335 0.00935 0.024009 0.060661 4.527903 6.04e-06 5.218685 0.993974 0.318773 0 2 5333 ++
rs1154492 A C 0.044906 0.069221 0.015333 0.039169 0.099273 4.51464 6.43e-06 5.19152 2.629467 0.104897 0.619695 2 5211 ++
rs10024371 T C 0.228716 0.04636 0.01027 0.026231 0.066488 4.514216 6.45e-06 5.190653 0.4927 0.482725 0 2 5341 ++
rs72846972 A G 0.147151 0.054865 0.012167 0.031018 0.078712 4.509431 6.59e-06 5.180871 0.188056 0.66454 0 2 5341 ++
rs4477101 T C 0.199407 0.049318 0.01094 0.027877 0.07076 4.508248 6.63e-06 5.178453 3.255745 0.071174 0.692851 2 5286 +-
rs1424276 A T 0.3132 0.042029 0.009353 0.023698 0.06036 4.493852 7.09e-06 5.14909 0.587772 0.443282 0 2 5286 ++
rs8058742 C T 0.087213 -0.068495 0.015244 -0.098374 -0.038615 -4.493089 7.12e-06 5.147536 0.004472 0.946683 0 2 5286 --
rs55837270 T C 0.066844 -0.074971 0.016695 -0.107694 -0.042248 -4.490514 7.21e-06 5.142293 0.837382 0.360147 0 2 5341 --
rs12679658 T C 0.319504 0.041394 0.009244 0.023276 0.059512 4.478059 7.64e-06 5.116975 0.000366 0.984731 0 2 5341 ++
rs77886826 A C 0.05055 -0.0869 0.019444 -0.125011 -0.048789 -4.469182 7.96e-06 5.098969 0.008729 0.925563 0 2 5341 --
rs11592492 A G 0.138653 0.055359 0.012397 0.03106 0.079658 4.465364 8.11e-06 5.091234 0.016667 0.897277 0 2 5341 ++
rs17745440 T C 0.255202 -0.044375 0.01 -0.063974 -0.024775 -4.437594 9.22e-06 5.035164 6.488114 0.01086 0.845872 2 5286 --
rs11136574 A T 0.249185 -0.044141 0.009956 -0.063654 -0.024627 -4.433575 9.4e-06 5.027076 0.461895 0.49674 0 2 5341 --
rs6857392 C T 0.22954 0.045376 0.010242 0.025302 0.065451 4.430359 9.54e-06 5.020609 0.401298 0.52642 0 2 5341 ++
rs2509971 A G 0.149126 -0.053394 0.012066 -0.077043 -0.029744 -4.425038 9.77e-06 5.009919 0.954427 0.328595 0 2 5341 -+
rs928974 A C 0.312514 0.041384 0.009353 0.023052 0.059715 4.424649 9.79e-06 5.009137 0.830161 0.362226 0 2 5286 ++
