rs_number reference_allele other_allele eaf beta se beta_95L beta_95U z p-value -log10_p-value q_statistic q_p-value i2 n_studies n_samples effects
rs10119 A G 0.341874 -0.016508 0.001129 -0.018721 -0.014295 -14.619862 2.33e-48 47.633 11.829398 0.000583 0.915465 2 9083 -+
rs34095326 A G 0.148311 -0.021298 0.001601 -0.024437 -0.018159 -13.29958 2.56e-40 39.591933 2.818473 0.093185 0.645198 2 9083 --
rs75627662 T C 0.231265 -0.015101 0.001273 -0.017597 -0.012606 -11.861408 2.04e-32 31.689996 16.686982 4.41e-05 0.940073 2 9626 -+
rs429358 C T 0.162627 -0.018969 0.001781 -0.02246 -0.015479 -10.651712 1.84e-26 25.734609 5.276937 0.02161 0.810496 2 2800 --
rs112019714 C T 0.043579 -0.028251 0.002683 -0.03351 -0.022992 -10.529497 6.79e-26 25.168025 0.018976 0.890435 0 2 9627 --
rs1081105 C A 0.042868 -0.028429 0.002711 -0.033742 -0.023116 -10.488179 1.05e-25 24.977934 0.333965 0.563333 0 2 9627 --
rs115881343 T C 0.042291 -0.027256 0.002731 -0.032609 -0.021903 -9.979854 2e-23 22.699437 0.002569 0.959576 0 2 9558 --
rs150966173 T C 0.041464 -0.027039 0.00278 -0.032488 -0.02159 -9.726399 2.48e-22 21.604916 0.434299 0.509887 0 2 9550 --
rs112849259 T C 0.039616 -0.027266 0.002821 -0.032795 -0.021736 -9.664653 4.55e-22 21.342459 0.10965 0.740542 0 2 9625 --
rs77301115 A G 0.039556 -0.027234 0.002823 -0.032767 -0.021701 -9.647313 5.38e-22 21.26905 0.11211 0.737755 0 2 9626 --
rs75687619 T G 0.039682 -0.027199 0.002819 -0.032726 -0.021673 -9.646965 5.4e-22 21.26758 0.114709 0.734846 0 2 9627 --
rs79398853 T C 0.039599 -0.027026 0.002825 -0.032563 -0.021489 -9.56704 1.17e-21 20.93089 0.076609 0.781947 0 2 9619 --
rs114536010 T C 0.039479 -0.027029 0.002828 -0.032573 -0.021485 -9.556123 1.3e-21 20.885116 0.060393 0.805876 0 2 9602 --
rs116881820 C T 0.04001 -0.02671 0.002818 -0.032233 -0.021187 -9.478897 2.74e-21 20.562772 0.102755 0.748548 0 2 9627 --
rs140480140 A G 0.043538 -0.025242 0.002689 -0.030512 -0.019971 -9.387267 6.55e-21 20.183634 0.369866 0.543077 0 2 9627 --
rs12721051 G C 0.187439 -0.015477 0.001665 -0.01874 -0.012214 -9.296763 1.54e-20 19.812694 1.123745 0.289114 0.110118 2 2803 --
rs7256200 T G 0.131415 -0.018152 0.001963 -0.021999 -0.014305 -9.248127 2.43e-20 19.614813 2.059374 0.151272 0.514416 2 2803 --
rs188535946 A G 0.041014 -0.025428 0.002762 -0.030843 -0.020014 -9.204874 3.63e-20 19.439683 0.862154 0.353137 0 2 9627 --
rs4420638 G A 0.193414 -0.015082 0.001641 -0.018299 -0.011865 -9.189569 4.19e-20 19.377905 9.839589 0.001708 0.89837 2 2799 -+
rs10414043 A G 0.131584 -0.018027 0.001963 -0.021874 -0.014179 -9.182524 4.47e-20 19.349506 2.786959 0.095034 0.641186 2 2803 --
rs6857 T C 0.173465 -0.016083 0.001761 -0.019535 -0.012631 -9.131386 7.18e-20 19.143977 3.516481 0.060761 0.715625 2 2803 -+
rs56131196 A G 0.192721 -0.014981 0.001643 -0.018201 -0.011761 -9.118032 8.12e-20 19.090492 8.037231 0.004583 0.875579 2 2799 -+
rs438811 T C 0.287046 -0.012843 0.001504 -0.015791 -0.009894 -8.536719 1.46e-17 16.83644 3.464468 0.062701 0.711355 2 3252 --
rs118170342 C T 0.055904 -0.021426 0.002526 -0.026376 -0.016476 -8.483353 2.31e-17 16.636782 2.514406 0.11281 0.602292 2 8960 --
rs283811 G A 0.266007 -0.012634 0.001507 -0.015588 -0.00968 -8.383021 5.44e-17 16.264713 0.234516 0.628195 0 2 3252 --
rs184017 G T 0.270864 -0.012725 0.001521 -0.015707 -0.009744 -8.365288 6.32e-17 16.1994 0.185576 0.666624 0 2 3252 --
rs66626994 A G 0.152778 -0.014999 0.001807 -0.01854 -0.011458 -8.302599 1.07e-16 15.969596 3.212738 0.073067 0.688739 2 2803 -+
rs4803770 G C 0.34549 0.00881 0.001078 0.006697 0.010924 8.171203 3.21e-16 15.493386 0.76766 0.380942 0 2 9532 ++
rs59325138 T C 0.363735 0.008567 0.001059 0.006491 0.010642 8.090618 6.24e-16 15.20499 0.102989 0.748272 0 2 9627 ++
rs12972156 G C 0.144208 -0.0151 0.001896 -0.018815 -0.011385 -7.965977 1.72e-15 14.764399 0.003306 0.954147 0 2 2803 --
rs12972970 A G 0.144208 -0.0151 0.001896 -0.018815 -0.011385 -7.965977 1.72e-15 14.764399 0.003306 0.954147 0 2 2803 --
rs71352238 C T 0.144337 -0.015213 0.001911 -0.018959 -0.011467 -7.959428 1.81e-15 14.741432 0.002657 0.958894 0 2 2803 --
rs2075650 G A 0.149317 -0.014751 0.001874 -0.018424 -0.011077 -7.870983 3.69e-15 14.433076 2.577841 0.108369 0.612078 2 2803 --
rs440446 C G 0.321172 0.008669 0.001102 0.00651 0.010828 7.869956 3.72e-15 14.429515 0.579154 0.446644 0 2 9532 ++
rs7259620 A G 0.408479 0.008101 0.001029 0.006084 0.010119 7.869626 3.73e-15 14.428371 0.053863 0.816473 0 2 9627 ++
rs34342646 A G 0.147278 -0.014781 0.001879 -0.018463 -0.011098 -7.866616 3.82e-15 14.417938 0.542981 0.4612 0 2 2803 --
rs11556505 T C 0.147321 -0.014755 0.001882 -0.018444 -0.011066 -7.839094 4.76e-15 14.322718 2.924057 0.087268 0.658009 2 2803 -+
rs34404554 G C 0.146145 -0.014765 0.001887 -0.018464 -0.011067 -7.825019 5.32e-15 14.274149 3.23101 0.072256 0.690499 2 2803 -+
rs3925681 A G 0.375235 0.00858 0.001098 0.006428 0.010731 7.816275 5.7e-15 14.244016 0.572295 0.449348 0 2 8960 ++
chr19:44893408:G:T T G 0.221239 -0.011756 0.001566 -0.014825 -0.008688 -7.5094 6.21e-14 13.207251 10.725505 0.001057 0.906764 2 2803 -+
rs147711004 A G 0.042523 -0.020444 0.002751 -0.025837 -0.015051 -7.430481 1.13e-13 12.947137 0.043316 0.835132 0 2 9587 --
rs60049679 C G 0.08696 -0.013473 0.00189 -0.017177 -0.009768 -7.127864 1.06e-12 11.974373 7.185739 0.007349 0.860835 2 9627 -+
rs5117 C T 0.237884 -0.010759 0.001531 -0.013759 -0.007759 -7.029124 2.16e-12 11.665429 4.003904 0.045395 0.750244 2 2803 -+
rs41289512 G C 0.050251 -0.017477 0.002522 -0.022419 -0.012535 -6.931061 4.34e-12 11.362716 0.001344 0.970753 0 2 9587 --
rs484195 A G 0.340852 0.007763 0.001122 0.005564 0.009963 6.917006 4.79e-12 11.319669 0.320597 0.571249 0 2 8960 ++
rs78959900 A G 0.313217 0.007838 0.001139 0.005606 0.01007 6.882406 6.11e-12 11.214045 0.353966 0.551876 0 2 8927 ++
rs4803772 T C 0.307683 0.007801 0.001142 0.005562 0.01004 6.829252 8.86e-12 11.052782 3.265155 0.070766 0.693736 2 8960 ++
rs12721056 T G 0.316454 0.007695 0.001133 0.005475 0.009915 6.793707 1.13e-11 10.945611 0.654252 0.418596 0 2 8960 ++
rs56317818 T C 0.281229 -0.00779 0.001148 -0.010041 -0.005539 -6.782629 1.22e-11 10.912321 1.720075 0.189683 0.41863 2 9627 --
rs12462573 A G 0.28019 -0.007793 0.001149 -0.010046 -0.00554 -6.780524 1.24e-11 10.906001 1.864014 0.172162 0.463523 2 9627 --
rs4803763 C G 0.279023 -0.007802 0.001154 -0.010064 -0.005541 -6.762258 1.41e-11 10.851239 1.336569 0.24764 0.251816 2 9627 --
rs157581 C T 0.275625 -0.010241 0.001516 -0.013212 -0.00727 -6.755551 1.48e-11 10.831168 27.390902 1.66e-07 0.963492 2 3252 -+
rs157595 A G 0.340354 0.007512 0.001124 0.005308 0.009715 6.681337 2.45e-11 10.610349 0.246528 0.61953 0 2 8960 ++
rs157594 T G 0.340634 0.007504 0.001123 0.005302 0.009705 6.679973 2.48e-11 10.606313 0.247695 0.618703 0 2 8960 ++
chr19:44909976:G:T T G 0.06714 0.012767 0.001953 0.008939 0.016594 6.537866 6.45e-11 10.190111 0.336058 0.562114 0 2 9627 ++
rs7412 T C 0.0661 0.01291 0.001977 0.009036 0.016784 6.531408 6.74e-11 10.171398 0.21148 0.64561 0 2 9620 ++
rs2972559 G C 0.282638 -0.00734 0.001151 -0.009595 -0.005085 -6.37869 1.84e-10 9.734109 1.070443 0.300845 0.065808 2 9627 --
rs3826688 T C 0.322152 0.007251 0.00114 0.005016 0.009486 6.358469 2.1e-10 9.676954 1.341904 0.246698 0.25479 2 8960 ++
rs35396326 G C 0.292432 -0.007135 0.001139 -0.009368 -0.004903 -6.264557 3.86e-10 9.413774 1.495133 0.221422 0.331163 2 9627 -+
rs34878901 T C 0.375302 0.006522 0.001052 0.00446 0.008584 6.19946 5.84e-10 9.233545 0.022991 0.879479 0 2 9627 ++
rs8106922 G A 0.363005 0.006569 0.00106 0.004491 0.008647 6.195325 6e-10 9.222157 0.504486 0.477536 0 2 9626 ++
rs1305062 C G 0.37067 0.006416 0.001053 0.004352 0.008479 6.094072 1.13e-09 8.945577 0.147296 0.701133 0 2 9627 ++
rs769450 A G 0.373223 0.006393 0.00105 0.004336 0.008451 6.090199 1.16e-09 8.935083 0.446841 0.503839 0 2 9627 ++
rs584007 A G 0.321147 0.006947 0.001145 0.004702 0.009192 6.064796 1.36e-09 8.866416 0.741584 0.389154 0 2 8958 ++
rs2238681 T C 0.363138 0.006161 0.001063 0.004076 0.008245 5.793124 7.09e-09 8.149156 0.177336 0.673672 0 2 9627 ++
rs7254133 T C 0.324755 -0.006703 0.001169 -0.008994 -0.004413 -5.735676 9.97e-09 8.001485 5.580508 0.018161 0.820805 2 8960 -+
rs73048293 A G 0.319053 -0.006334 0.001114 -0.008517 -0.004152 -5.687932 1.32e-08 7.87982 0.097319 0.755071 0 2 9622 --
rs141622900 A G 0.045157 0.013366 0.002352 0.008757 0.017975 5.683802 1.35e-08 7.869341 0.242667 0.622287 0 2 9625 ++
rs12459575 A G 0.318821 -0.006266 0.001114 -0.008449 -0.004083 -5.626223 1.89e-08 7.723995 0.051895 0.819799 0 2 9627 --
rs10410835 T C 0.458735 0.005812 0.001038 0.003777 0.007846 5.598027 2.22e-08 7.653331 4.437567 0.035156 0.774651 2 9532 +-
rs4803762 A G 0.322965 -0.006173 0.001109 -0.008347 -0.003999 -5.565649 2.68e-08 7.572602 0.066134 0.797051 0 2 9627 --
rs2927468 A G 0.459892 0.005709 0.001039 0.003673 0.007746 5.4949 4e-08 7.397739 4.547559 0.032966 0.780102 2 9532 +-
rs4803761 G A 0.328676 -0.00599 0.001104 -0.008153 -0.003827 -5.427618 5.84e-08 7.233401 0.28762 0.59175 0 2 9627 --
rs71352239 T C 0.29222 0.006321 0.001173 0.004023 0.008619 5.390626 7.18e-08 7.143862 0.708915 0.399804 0 2 8960 ++
rs2927480 C G 0.315768 -0.006001 0.001118 -0.008193 -0.003809 -5.366243 8.22e-08 7.085158 1.818809 0.177455 0.45019 2 9627 -+
rs190712692 A G 0.044545 0.013159 0.00248 0.008299 0.01802 5.306376 1.14e-07 6.942087 0.542402 0.461439 0 2 8960 ++
rs2767580 T C 0.202764 0.006726 0.001279 0.00422 0.009233 5.260258 1.47e-07 6.832901 0.735821 0.391003 0 2 9532 ++
rs58132661 T A 0.344521 -0.005638 0.001088 -0.00777 -0.003506 -5.182719 2.23e-07 6.651344 1.376005 0.240783 0.273258 2 9627 -+
rs58826447 A T 0.344521 -0.005638 0.001088 -0.00777 -0.003506 -5.182719 2.23e-07 6.651344 1.376005 0.240783 0.273258 2 9627 -+
rs58446550 A C 0.344521 -0.005638 0.001088 -0.00777 -0.003506 -5.182719 2.23e-07 6.651344 1.376005 0.240783 0.273258 2 9627 -+
rs10402524 C T 0.338077 -0.005658 0.001094 -0.007803 -0.003513 -5.169982 2.39e-07 6.621761 1.588815 0.207496 0.3706 2 9627 -+
rs10402271 G T 0.338248 -0.005643 0.001095 -0.007788 -0.003498 -5.15563 2.58e-07 6.58851 1.782873 0.181797 0.439108 2 9623 -+
rs10406338 C T 0.343055 -0.005632 0.001094 -0.007776 -0.003488 -5.149302 2.67e-07 6.573877 1.879836 0.170353 0.468039 2 9627 -+
rs10412413 T C 0.345918 -0.00558 0.001088 -0.007713 -0.003448 -5.128435 2.98e-07 6.525741 1.19211 0.274904 0.161151 2 9627 --
rs4803758 T G 0.345906 -0.005578 0.001088 -0.007711 -0.003446 -5.126681 3.01e-07 6.521704 1.191269 0.275074 0.160559 2 9627 --
rs10405693 T C 0.339229 -0.005585 0.001096 -0.007733 -0.003437 -5.095969 3.54e-07 6.451215 2.43845 0.118393 0.589903 2 9620 -+
rs449647 T A 0.168883 0.006796 0.001369 0.004113 0.009478 4.964937 7e-07 6.154922 1.480297 0.223728 0.32446 2 9627 ++
rs7775178 G A 0.435074 -0.005087 0.001032 -0.00711 -0.003063 -4.927124 8.5e-07 6.070758 0.57211 0.449422 0 2 9627 --
rs6458569 T C 0.436713 -0.005086 0.001033 -0.00711 -0.003062 -4.925469 8.57e-07 6.067087 0.821171 0.364838 0 2 9627 --
rs72895360 G C 0.100161 0.008728 0.001773 0.005253 0.012203 4.922582 8.7e-07 6.060687 0.762156 0.382655 0 2 9532 ++
rs7359852 C T 0.326233 -0.005439 0.001106 -0.007606 -0.003272 -4.919294 8.84e-07 6.053404 6.28001 0.012211 0.840765 2 9627 -+
rs6902842 C T 0.43462 -0.005046 0.001032 -0.00707 -0.003023 -4.887984 1.04e-06 5.984272 0.587204 0.443502 0 2 9627 --
rs6917071 C G 0.450303 -0.005107 0.001046 -0.007158 -0.003056 -4.880123 1.08e-06 5.966977 1.326621 0.249407 0.246205 2 9083 --
rs3021439 A G 0.321232 -0.005418 0.001111 -0.007595 -0.003241 -4.878176 1.09e-06 5.962699 11.357612 0.000751 0.911953 2 9627 -+
rs6934735 T A 0.434823 -0.005033 0.001032 -0.007056 -0.003009 -4.874276 1.11e-06 5.954132 0.572226 0.449376 0 2 9627 --
rs6904406 A G 0.463309 -0.005059 0.001043 -0.007104 -0.003014 -4.848468 1.27e-06 5.897604 1.95606 0.161935 0.488768 2 9081 --
rs288948 A G 0.17476 0.006345 0.001323 0.003753 0.008938 4.796967 1.64e-06 5.785634 5.100695 0.023916 0.803948 2 9627 +-
rs6904129 A G 0.43871 -0.004939 0.001031 -0.00696 -0.002918 -4.789262 1.7e-06 5.768979 0.126569 0.722016 0 2 9627 --
rs16888117 T C 0.29849 -0.005327 0.001121 -0.007525 -0.003129 -4.750982 2.06e-06 5.686595 0.664951 0.414817 0 2 9626 --
rs7754332 A G 0.441079 -0.004886 0.001033 -0.006909 -0.002862 -4.731718 2.26e-06 5.645368 0.025494 0.873142 0 2 9627 --
rs6916662 A G 0.44051 -0.004848 0.001033 -0.006872 -0.002824 -4.695304 2.7e-06 5.567863 0.028518 0.865898 0 2 9627 --
rs288945 A G 0.176172 0.006162 0.00132 0.003575 0.008749 4.668497 3.08e-06 5.511161 5.346108 0.020769 0.812948 2 9625 +-
rs247801 T G 0.451193 -0.004852 0.001039 -0.006889 -0.002815 -4.667793 3.09e-06 5.509675 0.114392 0.735198 0 2 9532 --
rs2817462 A G 0.180609 0.006084 0.001304 0.003528 0.00864 4.665174 3.13e-06 5.504153 6.207375 0.012722 0.838901 2 9627 +-
rs288946 G A 0.175957 0.006152 0.00132 0.003565 0.008739 4.660542 3.2e-06 5.494392 5.338086 0.020864 0.812667 2 9627 +-
rs12197650 G A 0.153806 -0.006481 0.001391 -0.009208 -0.003755 -4.659495 3.22e-06 5.492186 3.874159 0.049035 0.741879 2 9627 --
rs147823584 C A 0.171237 -0.004434 0.000953 -0.006303 -0.002566 -4.651392 3.35e-06 5.475136 1.304578 0.253379 0.233469 2 9396 --
rs5968999 T C 0.18593 -0.004355 0.000938 -0.006193 -0.002517 -4.645192 3.45e-06 5.462109 0.406644 0.523678 0 2 8787 --
rs5969000 A G 0.184066 -0.004365 0.00094 -0.006206 -0.002523 -4.645163 3.45e-06 5.462047 0.470547 0.492736 0 2 8787 --
rs1343261 T C 0.178416 -0.004408 0.000949 -0.006269 -0.002548 -4.643576 3.48e-06 5.458715 0.124031 0.724703 0 2 8787 --
rs6623773 A G 0.179114 -0.004331 0.000933 -0.006159 -0.002502 -4.641078 3.52e-06 5.453473 7e-06 0.997839 0 2 9481 --
rs288950 T G 0.176759 0.006107 0.001316 0.003527 0.008687 4.638952 3.56e-06 5.449013 6.012614 0.014204 0.833683 2 9627 +-
rs61229592 A T 0.189788 0.005941 0.001282 0.003429 0.008453 4.63563 3.61e-06 5.442048 3.249218 0.071458 0.692234 2 9627 +-
rs288947 T C 0.173281 0.006156 0.001328 0.003553 0.008759 4.634904 3.63e-06 5.440528 6.7916 0.009159 0.852759 2 9627 +-
rs2819077 C T 0.180312 0.006041 0.001306 0.003481 0.0086 4.625791 3.79e-06 5.421447 5.910122 0.015054 0.830799 2 9627 +-
rs2767579 A G 0.218791 0.005616 0.001217 0.003231 0.008002 4.613876 4.01e-06 5.396553 0.540847 0.462082 0 2 9627 ++
rs2075649 G A 0.357069 0.004974 0.00108 0.002858 0.007091 4.606011 4.17e-06 5.380153 0.635095 0.425493 0 2 9532 ++
rs2819079 A C 0.180583 0.005999 0.001305 0.003441 0.008557 4.59696 4.35e-06 5.361312 7.301751 0.006889 0.863047 2 9627 +-
rs438655 A G 0.459203 -0.004719 0.001027 -0.006732 -0.002706 -4.594395 4.41e-06 5.355979 0.543532 0.460972 0 2 9627 --
rs288952 T C 0.181942 0.005979 0.001305 0.003422 0.008537 4.582889 4.65e-06 5.33209 2.68974 0.100996 0.628217 2 9627 +-
rs77346257 T C 0.036978 -0.012848 0.002826 -0.018387 -0.007309 -4.54608 5.55e-06 5.256034 0.079507 0.777967 0 2 9055 --
rs72574026 C G 0.304499 0.005058 0.001117 0.00287 0.007247 4.529701 5.99e-06 5.222372 0.847932 0.357138 0 2 9532 +-
rs78848836 A G 0.080106 0.008463 0.001869 0.0048 0.012126 4.528187 6.04e-06 5.219267 1.670541 0.196186 0.401391 2 9627 ++
rs6617260 A C 0.17582 -0.004234 0.000938 -0.006072 -0.002396 -4.514089 6.45e-06 5.190392 0.005523 0.940756 0 2 9481 --
rs288954 A G 0.184598 0.005847 0.001296 0.003306 0.008388 4.510507 6.56e-06 5.183069 6.247055 0.01244 0.839925 2 9627 +-
rs1806264 C A 0.162408 -0.006224 0.001382 -0.008932 -0.003516 -4.504746 6.74e-06 5.171304 1.283315 0.257284 0.220768 2 9083 --
rs7878428 A G 0.184453 -0.004157 0.000923 -0.005967 -0.002348 -4.503031 6.8e-06 5.167803 0.447703 0.503428 0 2 9481 --
rs6623774 G A 0.178347 -0.004195 0.000933 -0.006024 -0.002366 -4.496064 7.02e-06 5.153597 0.081418 0.775386 0 2 9481 --
rs7062538 T C 0.23401 -0.003811 0.000849 -0.005476 -0.002147 -4.487359 7.31e-06 5.135874 1.3e-05 0.9971 0 2 9481 --
rs405697 A G 0.239479 0.00634 0.001416 0.003564 0.009115 4.477037 7.68e-06 5.114901 0.279947 0.596736 0 2 3346 ++
rs1936031 T A 0.182663 -0.004147 0.000926 -0.005962 -0.002331 -4.47677 7.68e-06 5.114359 0.489738 0.484044 0 2 9481 --
rs1931833 A T 0.276229 -0.005117 0.001144 -0.007359 -0.002875 -4.473246 7.81e-06 5.107208 0.876646 0.349122 0 2 9627 --
rs1931827 A C 0.425377 -0.004671 0.001046 -0.006721 -0.002621 -4.466019 8.08e-06 5.092562 1.216388 0.270071 0.177894 2 9083 --
rs55910656 A G 0.084273 -0.007959 0.001782 -0.011452 -0.004466 -4.465652 8.09e-06 5.091818 0.424159 0.514869 0 2 9627 --
rs5967759 A G 0.182883 -0.004127 0.000925 -0.005941 -0.002314 -4.460699 8.28e-06 5.081794 0.504766 0.477414 0 2 9481 --
rs7740963 T C 0.274936 -0.005101 0.001145 -0.007346 -0.002856 -4.454324 8.53e-06 5.068905 0.637083 0.424769 0 2 9627 --
rs4790255 C T 0.210128 0.005629 0.001264 0.003151 0.008107 4.452238 8.62e-06 5.064692 0.764843 0.381817 0 2 9532 ++
rs12603723 T C 0.161757 -0.006155 0.001383 -0.008866 -0.003444 -4.450527 8.68e-06 5.061239 0.491066 0.483452 0 2 9083 --
rs12687284 G C 0.178366 -0.004153 0.000933 -0.005982 -0.002324 -4.449938 8.71e-06 5.060048 0.089868 0.764345 0 2 9481 --
rs6617261 T G 0.175415 -0.004173 0.000938 -0.006012 -0.002334 -4.447242 8.82e-06 5.054608 0.090373 0.763703 0 2 9481 --
rs75368907 G A 0.092809 -0.007785 0.001752 -0.011219 -0.004351 -4.443865 8.96e-06 5.047798 0.149733 0.698791 0 2 9627 --
rs11945045 G T 0.347313 -0.004808 0.001084 -0.006932 -0.002684 -4.436732 9.26e-06 5.03343 0.102918 0.748355 0 2 9623 --
rs9369693 C A 0.271413 -0.005087 0.001147 -0.007335 -0.002838 -4.433952 9.38e-06 5.027834 0.864276 0.352545 0 2 9627 --
rs2613498 T C 0.182848 0.005741 0.001297 0.0032 0.008283 4.427423 9.67e-06 5.014709 0.021826 0.882552 0 2 9627 ++
rs61765651 T C 0.16514 0.005912 0.001337 0.003291 0.008534 4.420389 9.99e-06 5.000587 0.277848 0.598115 0 2 9627 ++
