rs_number reference_allele other_allele eaf beta se beta_95L beta_95U z p-value -log10_p-value q_statistic q_p-value i2 n_studies n_samples effects
rs429358 C T 0.124883 -0.01405 0.001909 -0.017791 -0.01031 -7.361793 1.89e-13 12.722907 6.50332 0.03871 0.692465 3 1985 --?-
rs4420638 G A 0.159982 -0.011504 0.001736 -0.014906 -0.008103 -6.628714 3.51e-11 10.455194 5.232552 0.073074 0.617777 3 1984 --?-
rs56131196 A G 0.160336 -0.011484 0.001733 -0.014881 -0.008087 -6.6259 3.57e-11 10.446932 5.248834 0.072482 0.618963 3 1985 --?-
rs6857 T C 0.146603 -0.012064 0.001833 -0.015658 -0.008471 -6.58054 4.85e-11 10.31419 4.617174 0.099402 0.566835 3 1986 --?-
rs12721051 G C 0.160056 -0.011151 0.001734 -0.01455 -0.007753 -6.431089 1.31e-10 9.883032 5.539297 0.062684 0.638943 3 1986 --?-
rs10414043 A G 0.099186 -0.013286 0.002123 -0.017448 -0.009125 -6.258264 4.02e-10 9.396274 13.768198 0.001024 0.854738 3 1986 --?-
rs7256200 T G 0.099186 -0.013286 0.002123 -0.017448 -0.009125 -6.258264 4.02e-10 9.396274 13.768198 0.001024 0.854738 3 1986 --?-
rs769449 A G 0.097336 -0.013259 0.002147 -0.017466 -0.009051 -6.175668 6.79e-10 9.168122 15.20176 5e-04 0.868436 3 1986 --?-
rs66626994 A G 0.129658 -0.011313 0.001896 -0.015029 -0.007597 -5.966491 2.49e-09 8.603267 10.512402 0.005215 0.809749 3 1986 --?-
rs10119 A G 0.281908 -0.006977 0.001181 -0.009292 -0.004662 -5.906474 3.59e-09 8.44462 0.239692 0.970941 0 4 4332 ----
rs111789331 A T 0.129658 -0.01115 0.001896 -0.014867 -0.007433 -5.879758 4.22e-09 8.37449 10.108652 0.006382 0.80215 3 1986 --?-
rs73052335 C A 0.110647 -0.0116 0.002025 -0.01557 -0.00763 -5.727411 1.05e-08 7.980356 11.462419 0.003243 0.825517 3 1986 --?-
rs12721046 A G 0.12813 -0.0109 0.001905 -0.014634 -0.007166 -5.721621 1.08e-08 7.965569 11.106127 0.003876 0.819919 3 1986 --?-
chr19:44893408:G:T T G 0.184539 -0.009424 0.001666 -0.01269 -0.006159 -5.656263 1.59e-08 7.79965 5.679824 0.058431 0.647876 3 1986 --?-
rs2075650 G A 0.121532 -0.011189 0.00199 -0.015088 -0.007289 -5.623374 1.92e-08 7.71684 7.044278 0.029536 0.716082 3 1986 --?-
rs34404554 G C 0.121532 -0.011189 0.00199 -0.015088 -0.007289 -5.623374 1.92e-08 7.71684 7.044278 0.029536 0.716082 3 1986 --?-
rs11556505 T C 0.121532 -0.011189 0.00199 -0.015088 -0.007289 -5.623374 1.92e-08 7.71684 7.044278 0.029536 0.716082 3 1986 --?-
rs157581 C T 0.199136 -0.009026 0.001621 -0.012203 -0.005849 -5.568586 2.63e-08 7.579906 4.578124 0.101361 0.56314 3 1986 --?-
rs157582 T C 0.195489 -0.009095 0.001638 -0.012306 -0.005885 -5.553494 2.87e-08 7.542409 4.602974 0.10011 0.565498 3 1986 --?-
rs12972156 G C 0.123359 -0.01087 0.001976 -0.014742 -0.006997 -5.501858 3.85e-08 7.414843 5.818047 0.054529 0.656242 3 1986 --?-
rs12972970 A G 0.123359 -0.01087 0.001976 -0.014742 -0.006997 -5.501858 3.85e-08 7.414843 5.818047 0.054529 0.656242 3 1986 --?-
rs283815 G A 0.197856 -0.008955 0.001628 -0.012146 -0.005765 -5.501167 3.86e-08 7.413143 3.780994 0.150997 0.471039 3 1981 --?-
rs34342646 A G 0.127133 -0.010734 0.001957 -0.01457 -0.006899 -5.485756 4.21e-08 7.375291 5.548182 0.062406 0.639522 3 1986 -+?-
rs71352238 C T 0.123487 -0.010846 0.001988 -0.014742 -0.00695 -5.45671 4.96e-08 7.304225 6.752263 0.034179 0.703803 3 1986 -+?-
rs184017 G T 0.197825 -0.008822 0.001627 -0.01201 -0.005634 -5.423942 5.96e-08 7.224479 4.81723 0.08994 0.584824 3 1986 -+?-
rs283811 G A 0.201264 -0.008667 0.001612 -0.011827 -0.005507 -5.37564 7.8e-08 7.107753 3.343528 0.187915 0.401829 3 1986 -+?-
rs848218 C T 0.18675 -0.006924 0.001334 -0.009539 -0.004309 -5.189759 2.15e-07 6.667724 1.673111 0.642928 0 4 4332 ----
rs75627662 T C 0.189983 -0.006759 0.001373 -0.009451 -0.004068 -4.922091 8.72e-07 6.0596 4.893737 0.179746 0.386972 4 4332 -+--
rs79253750 A G 0.016345 -0.022585 0.004608 -0.031617 -0.013554 -4.901452 9.68e-07 6.013959 12.023667 0.00245 0.833661 3 3943 ---?
rs438811 T C 0.205974 -0.007912 0.001617 -0.011081 -0.004743 -4.894062 1.01e-06 5.997659 1.296848 0.522869 0 3 1986 --?-
rs140038970 T C 0.046827 -0.010359 0.002119 -0.014512 -0.006205 -4.887917 1.04e-06 5.984124 3.70525 0.156825 0.460225 3 1922 --?+
rs483082 T G 0.206398 -0.007859 0.001617 -0.011028 -0.00469 -4.861095 1.19e-06 5.925228 1.35255 0.508508 0 3 1986 --?-
rs62605967 T C 0.04636 -0.010296 0.002133 -0.014476 -0.006116 -4.827436 1.41e-06 5.851744 3.668794 0.15971 0.454862 3 1922 --?+
rs62605971 T G 0.04636 -0.010296 0.002133 -0.014476 -0.006116 -4.827436 1.41e-06 5.851744 3.668794 0.15971 0.454862 3 1922 --?+
rs62605974 T G 0.04636 -0.010296 0.002133 -0.014476 -0.006116 -4.827436 1.41e-06 5.851744 3.668794 0.15971 0.454862 3 1922 --?+
rs17824837 C G 0.467128 0.004996 0.001063 0.002913 0.007079 4.701694 2.62e-06 5.581425 9.271248 0.025894 0.676419 4 4332 +-++
rs4297704 G A 0.422064 0.004969 0.001058 0.002896 0.007042 4.697927 2.67e-06 5.573427 5.275712 0.152686 0.431356 4 4332 +-+-
rs116951643 A G 0.071109 -0.009553 0.002034 -0.01354 -0.005566 -4.696412 2.69e-06 5.570213 0.826504 0.843118 0 4 4332 ----
rs12934562 A G 0.421641 0.004939 0.001057 0.002868 0.00701 4.674449 2.99e-06 5.523724 4.282396 0.232541 0.299458 4 4332 +-+-
rs35994137 A C 0.414734 0.004967 0.001063 0.002883 0.007051 4.67061 3.05e-06 5.515619 4.687734 0.196144 0.360032 4 4332 +-+-
rs145187746 A G 0.031094 -0.014195 0.003046 -0.020164 -0.008225 -4.660815 3.2e-06 5.494966 12.621457 0.005531 0.76231 4 4332 ---+
rs34217228 T C 0.420823 0.004921 0.001058 0.002848 0.006995 4.652317 3.33e-06 5.477082 5.545779 0.135926 0.459048 4 4332 +-+-
rs2063061 A G 0.43213 0.004905 0.001055 0.002837 0.006972 4.649348 3.38e-06 5.470839 4.430794 0.218547 0.32292 4 4331 +-+-
rs55722349 A G 0.145849 0.00704 0.001515 0.004071 0.010009 4.648096 3.4e-06 5.468209 4.028125 0.258443 0.255237 4 4332 ++++
rs199721355 T A 0.431733 0.004902 0.001055 0.002835 0.00697 4.647152 3.42e-06 5.466226 3.71757 0.293621 0.193021 4 4332 +-+-
rs56324038 T G 0.42263 0.004902 0.001056 0.002832 0.006971 4.642434 3.5e-06 5.45632 4.423947 0.219175 0.321873 4 4332 +-+-
rs193702 A G 0.28197 -0.006626 0.00143 -0.009429 -0.003823 -4.633467 3.65e-06 5.437516 2.593324 0.273443 0.228789 3 1986 --?-
rs11641157 G A 0.48547 -0.006047 0.001305 -0.008606 -0.003488 -4.632107 3.68e-06 5.434668 3.19609 0.202292 0.374235 3 1985 -+?-
rs59317417 G A 0.149566 0.006957 0.001503 0.004012 0.009902 4.630088 3.71e-06 5.430439 4.036759 0.257522 0.25683 4 4332 ++++
rs4398134 A G 0.416247 0.004907 0.001061 0.002828 0.006986 4.626548 3.78e-06 5.423032 5.022103 0.170186 0.402641 4 4332 +-+-
rs74183012 T C 0.100913 -0.008029 0.001737 -0.011432 -0.004625 -4.623496 3.83e-06 5.416648 1.783681 0.618492 0 4 4332 ----
rs5117 C T 0.205591 -0.007464 0.001614 -0.010628 -0.004299 -4.622988 3.84e-06 5.415586 2.062747 0.356517 0.030419 3 1986 --?-
rs12918695 A C 0.43192 0.004875 0.001055 0.002807 0.006943 4.620676 3.88e-06 5.410754 3.62014 0.305511 0.171303 4 4332 +-+-
rs35515557 G A 0.432028 0.004876 0.001055 0.002807 0.006944 4.620264 3.89e-06 5.409892 3.620754 0.305435 0.171443 4 4332 +-+-
rs78334957 C T 0.15418 0.006865 0.001489 0.003947 0.009784 4.611191 4.06e-06 5.390951 4.752073 0.190878 0.368697 4 4332 +-++
rs2340272 C G 0.431802 0.004847 0.001055 0.00278 0.006914 4.595405 4.38e-06 5.358078 4.045215 0.256623 0.258383 4 4332 +-+-
rs11645059 C G 0.430532 0.004844 0.001055 0.002777 0.006911 4.593564 4.42e-06 5.354252 3.62415 0.305014 0.17222 4 4332 +-+-
rs11641867 G A 0.422738 0.004843 0.001056 0.002774 0.006913 4.587092 4.56e-06 5.34081 4.302456 0.230602 0.302724 4 4332 +-+-
rs11647030 T C 0.422738 0.004843 0.001056 0.002774 0.006913 4.587092 4.56e-06 5.34081 4.302456 0.230602 0.302724 4 4332 +-+-
rs11647034 T C 0.422738 0.004843 0.001056 0.002774 0.006913 4.587092 4.56e-06 5.34081 4.302456 0.230602 0.302724 4 4332 +-+-
rs139850162 T A 0.039892 -0.012169 0.002654 -0.017371 -0.006967 -4.585186 4.6e-06 5.336854 2.40565 0.492584 0 4 4332 ----
rs74518162 A G 0.016939 -0.023126 0.005044 -0.033013 -0.013239 -4.584589 4.62e-06 5.335615 1.91921 0.383044 0 3 1986 -+?-
rs34095326 A G 0.111704 -0.007849 0.001712 -0.011205 -0.004493 -4.584354 4.62e-06 5.335129 0.76038 0.858918 0 4 4332 ----
rs62050089 T C 0.422414 0.004838 0.001056 0.002769 0.006907 4.582712 4.66e-06 5.331722 4.728756 0.192771 0.365584 4 4332 +-+-
rs78825808 C T 0.154993 0.006821 0.001489 0.003903 0.009739 4.581297 4.69e-06 5.328788 4.861377 0.182234 0.382891 4 4332 +-++
rs56317459 G A 0.422828 0.004824 0.001056 0.002755 0.006894 4.568635 4.98e-06 5.302571 4.635605 0.200509 0.352835 4 4332 +-+-
rs74843718 T C 0.018623 -0.019921 0.004364 -0.028474 -0.011368 -4.565312 5.06e-06 5.2957 3.835576 0.146932 0.478566 3 3943 ---?
rs35723729 T C 0.41813 0.004818 0.001056 0.002749 0.006886 4.564 5.09e-06 5.292991 4.448934 0.216891 0.325681 4 4332 +-+-
rs8057325 T C 0.428925 0.004826 0.001058 0.002753 0.006899 4.563494 5.11e-06 5.291944 3.55491 0.31371 0.156097 4 4332 +-+-
rs2340273 A C 0.432353 0.004812 0.001055 0.002745 0.006879 4.563366 5.11e-06 5.291679 4.001872 0.261262 0.250351 4 4332 +-+-
rs12920603 A T 0.429243 0.004815 0.001056 0.002746 0.006885 4.560547 5.18e-06 5.285858 3.54177 0.315385 0.152966 4 4332 +-+-
rs9925543 T C 0.426655 0.004806 0.001055 0.002739 0.006873 4.557426 5.26e-06 5.279417 3.871628 0.275664 0.225132 4 4332 +-+-
rs11576839 C T 0.069914 -0.009406 0.002069 -0.013462 -0.005351 -4.546078 5.55e-06 5.25603 2.357315 0.50163 0 4 4330 ----
rs4510051 G A 0.422958 0.004798 0.001056 0.002729 0.006867 4.545187 5.57e-06 5.254197 4.613493 0.202388 0.349733 4 4332 +-+-
rs12918280 G A 0.412426 0.004816 0.00106 0.002739 0.006893 4.544482 5.59e-06 5.252745 4.200983 0.240564 0.285881 4 4332 +-+-
rs34220937 T C 0.41779 0.004806 0.001061 0.002726 0.006885 4.529893 5.99e-06 5.222766 5.240627 0.155002 0.427549 4 4332 +-+-
rs4797183 C T 0.171669 0.006298 0.001397 0.003561 0.009036 4.510045 6.57e-06 5.182125 0.607173 0.894788 0 4 4328 ++++
rs8130738 A G 0.327887 -0.006249 0.00139 -0.008974 -0.003525 -4.495832 7.03e-06 5.153123 4.206573 0.122055 0.524554 3 1986 --?-
rs5969000 A G 0.183933 -0.004366 0.000971 -0.00627 -0.002463 -4.495402 7.04e-06 5.152246 0.883904 0.64278 0 3 4070 -?--
rs74978403 A T 0.154875 0.006685 0.001487 0.00377 0.0096 4.494856 7.06e-06 5.151134 4.659003 0.198539 0.356085 4 4332 +-++
rs848302 T A 0.168638 -0.006214 0.001383 -0.008925 -0.003503 -4.492427 7.14e-06 5.146187 2.99943 0.391713 0 4 4332 ----
rs78403377 C T 0.154984 0.00667 0.001487 0.003755 0.009585 4.484563 7.41e-06 5.130187 4.65596 0.198794 0.355665 4 4332 +-++
rs145324483 A G 0.064361 -0.007058 0.001574 -0.010143 -0.003972 -4.48288 7.47e-06 5.126768 3.438872 0.179167 0.418414 3 3940 ---?
rs137998039 A G 0.023344 0.018889 0.004214 0.01063 0.027148 4.482601 7.48e-06 5.126201 0.643789 0.724774 0 3 1986 ++?+
rs114388397 T C 0.017826 -0.017594 0.003932 -0.0253 -0.009889 -4.475226 7.74e-06 5.111224 1.981165 0.576325 0 4 4332 ----
rs7187087 T C 0.421046 0.00473 0.001057 0.002658 0.006802 4.474 7.79e-06 5.108737 5.640033 0.130499 0.468088 4 4332 +-+-
rs138648148 A G 0.018293 -0.017897 0.004003 -0.025744 -0.01005 -4.470442 7.92e-06 5.101522 6.546728 0.087838 0.541756 4 4332 ---+
rs28726345 G A 0.430886 0.004718 0.001055 0.002649 0.006786 4.470305 7.92e-06 5.101245 3.934373 0.268638 0.23749 4 4332 +-+-
rs7187256 G C 0.421154 0.004725 0.001057 0.002653 0.006796 4.469751 7.94e-06 5.100123 5.624944 0.131354 0.466661 4 4332 +-+-
rs7187268 T C 0.421154 0.004725 0.001057 0.002653 0.006796 4.469751 7.94e-06 5.100123 5.624944 0.131354 0.466661 4 4332 +-+-
rs74365933 T C 0.152208 0.00667 0.001495 0.00374 0.0096 4.461288 8.26e-06 5.082986 5.369803 0.146637 0.44132 4 4332 +-++
rs61553951 T C 0.151603 0.006681 0.001498 0.003745 0.009617 4.46029 8.3e-06 5.080967 5.649379 0.129972 0.468968 4 4332 +-++
rs117189841 T C 0.023639 -0.016174 0.003639 -0.023305 -0.009042 -4.445056 8.91e-06 5.0502 0.974691 0.614255 0 3 3942 ---?
rs5968999 T C 0.184403 -0.004314 0.000971 -0.006216 -0.002411 -4.44465 8.93e-06 5.049381 0.937904 0.625658 0 3 4070 -?--
rs191136396 C T 0.02426 -0.015954 0.003602 -0.023014 -0.008893 -4.428631 9.61e-06 5.017136 1.6248 0.443792 0 3 3943 ---?
rs325397 C T 0.261333 -0.005285 0.001194 -0.007624 -0.002945 -4.427469 9.66e-06 5.014802 5.482725 0.139675 0.452827 4 4332 -+-+
rs11072285 A G 0.356168 0.004975 0.001124 0.002772 0.007178 4.426564 9.71e-06 5.012983 8.131176 0.043377 0.63105 4 4332 +-++
rs6040155 G A 0.27869 -0.005197 0.001175 -0.007499 -0.002894 -4.423802 9.83e-06 5.007436 0.807607 0.847647 0 4 4331 ----
rs16919385 C A 0.155018 0.006576 0.001488 0.003661 0.009492 4.420874 9.96e-06 5.00156 4.221398 0.238528 0.289335 4 4331 +-++
