rs_number reference_allele other_allele eaf beta se beta_95L beta_95U z p-value -log10_p-value q_statistic q_p-value i2 n_studies n_samples effects
rs117616078 A G 0.016109 0.538585 0.106268 0.3303 0.746871 5.068182 4.09e-07 6.38778 0.245193 0.620481 0 2 6089 ++?
rs35392733 T C 0.043392 -0.353697 0.070034 -0.490964 -0.21643 -5.050338 4.5e-07 6.347215 0.460378 0.497448 0 2 5850 ?--
rs12984907 C G 0.034239 0.335228 0.069953 0.19812 0.472337 4.792166 1.68e-06 5.775253 2.488328 0.288182 0.196248 3 6689 +++
rs116467172 T C 0.027839 0.372926 0.079028 0.218031 0.527822 4.718894 2.41e-06 5.618009 0.687801 0.709 0 3 6689 +++
rs140199261 C G 0.033994 0.329744 0.070112 0.192324 0.467164 4.703087 2.6e-06 5.584383 2.530266 0.282202 0.209569 3 6689 +++
rs11700610 C G 0.46796 -0.12084 0.025733 -0.171276 -0.070404 -4.695959 2.7e-06 5.569252 0.55953 0.755961 0 3 6689 ---
rs80101838 C T 0.034366 0.324598 0.069932 0.187531 0.461665 4.641617 3.51e-06 5.454605 4.956653 0.083883 0.596502 3 6689 +++
rs1939518 C T 0.244617 0.244992 0.052798 0.141507 0.348476 4.640156 3.54e-06 5.45154 4.3e-05 0.994784 0 2 1439 +?+
rs1448665 T A 0.288305 0.130356 0.02828 0.074928 0.185785 4.609553 4.1e-06 5.387535 2.044272 0.359825 0.021657 3 6689 +++
rs111306684 T C 0.054152 -0.255898 0.055573 -0.364821 -0.146976 -4.604759 4.19e-06 5.377545 1.147906 0.563294 0 3 6689 ---
rs999233 C A 0.054152 -0.255898 0.055573 -0.364821 -0.146976 -4.604759 4.19e-06 5.377545 1.147906 0.563294 0 3 6689 ---
rs11845054 G A 0.054152 -0.255898 0.055573 -0.364821 -0.146976 -4.604759 4.19e-06 5.377545 1.147906 0.563294 0 3 6689 ---
rs35763039 A T 0.292209 0.127466 0.027777 0.073024 0.181908 4.588976 4.52e-06 5.34472 1.573328 0.455361 0 3 6689 +++
rs147887193 G C 0.017702 -0.493346 0.107575 -0.704193 -0.282499 -4.586062 4.58e-06 5.338672 4.460413 0.034689 0.775806 2 5850 ?-+
rs117392392 A G 0.019582 -0.458753 0.100103 -0.654956 -0.262551 -4.582794 4.66e-06 5.331893 0.005811 0.939238 0 2 6087 --?
rs62251260 G A 0.225983 -0.140636 0.030792 -0.200987 -0.080284 -4.567337 5.01e-06 5.299887 0.776971 0.678083 0 3 6688 ---
rs7871975 T C 0.150356 -0.283655 0.062261 -0.405686 -0.161624 -4.555929 5.29e-06 5.276328 4.180497 0.040892 0.760794 2 1438 -?-
rs3018393 A G 0.236258 0.243385 0.053475 0.138574 0.348195 4.55138 5.41e-06 5.266951 0.006462 0.935928 0 2 1438 +?+
rs765237 C T 0.273062 0.130249 0.028644 0.074107 0.18639 4.547231 5.52e-06 5.258403 3.155507 0.206438 0.366187 3 6679 +++
rs2040474 A C 0.297813 0.12568 0.02764 0.071505 0.179854 4.547019 5.52e-06 5.257967 3.699553 0.157272 0.459394 3 6689 +++
rs55853653 A G 0.023757 -0.37955 0.083545 -0.543297 -0.215803 -4.543083 5.63e-06 5.249866 1.979855 0.371604 0 3 6689 ---
rs2466368 C A 0.295775 0.125973 0.027807 0.071472 0.180475 4.530317 5.98e-06 5.223636 0.315154 0.854211 0 3 6689 +++
rs137963801 G A 0.018053 -0.981746 0.217647 -1.408334 -0.555158 -4.510729 6.55e-06 5.183524 0.384264 0.53533 0 2 1257 -?-
rs146816323 A G 0.018053 -0.981746 0.217647 -1.408334 -0.555158 -4.510729 6.55e-06 5.183524 0.384264 0.53533 0 2 1257 -?-
rs62118122 A G 0.154762 -0.157125 0.034923 -0.225574 -0.088676 -4.499176 6.92e-06 5.159938 0.759432 0.684056 0 3 6689 ---
rs8011463 A G 0.22069 0.138193 0.030733 0.077956 0.19843 4.496554 7e-06 5.154595 0.426378 0.808003 0 3 6687 +++
rs3769065 A T 0.036437 0.312463 0.069632 0.175983 0.448942 4.487317 7.31e-06 5.135788 1.448035 0.484801 0 3 6689 +++
rs4548221 A G 0.299049 0.12392 0.027656 0.069714 0.178126 4.48072 7.54e-06 5.122379 4.101509 0.128638 0.512375 3 6689 +++
rs2040470 T C 0.299049 0.12392 0.027656 0.069714 0.178126 4.48072 7.54e-06 5.122379 4.101509 0.128638 0.512375 3 6689 +++
rs115813687 C G 0.032358 0.320612 0.071828 0.179829 0.461394 4.463608 8.17e-06 5.08768 1.410111 0.494081 0 3 6689 +++
rs12980827 C T 0.032358 0.320612 0.071828 0.179829 0.461394 4.463608 8.17e-06 5.08768 1.410111 0.494081 0 3 6689 +++
rs12975571 A T 0.032358 0.320612 0.071828 0.179829 0.461394 4.463608 8.17e-06 5.08768 1.410111 0.494081 0 3 6689 +++
rs35689937 T C 0.032358 0.320612 0.071828 0.179829 0.461394 4.463608 8.17e-06 5.08768 1.410111 0.494081 0 3 6689 +++
rs76992045 A G 0.032358 0.320612 0.071828 0.179829 0.461394 4.463608 8.17e-06 5.08768 1.410111 0.494081 0 3 6689 +++
rs148717946 A G 0.032358 0.320612 0.071828 0.179829 0.461394 4.463608 8.17e-06 5.08768 1.410111 0.494081 0 3 6689 +++
rs34673356 T C 0.032358 0.320612 0.071828 0.179829 0.461394 4.463608 8.17e-06 5.08768 1.410111 0.494081 0 3 6689 +++
rs35561188 T G 0.032358 0.320612 0.071828 0.179829 0.461394 4.463608 8.17e-06 5.08768 1.410111 0.494081 0 3 6689 +++
rs150580790 A G 0.032358 0.320612 0.071828 0.179829 0.461394 4.463608 8.17e-06 5.08768 1.410111 0.494081 0 3 6689 +++
rs114654259 A G 0.030648 0.328259 0.073597 0.184008 0.47251 4.4602 8.3e-06 5.080785 3.260923 0.195839 0.386677 3 6689 +++
rs74568761 C T 0.034385 0.311334 0.069879 0.17437 0.448297 4.455297 8.49e-06 5.070871 4.92464 0.085237 0.593879 3 6689 +++
rs4825349 G C 0.410541 -0.143728 0.03226 -0.206957 -0.080499 -4.455325 8.49e-06 5.070929 1.02433 0.599197 0 3 6505 ---
rs11866434 T C 0.310659 0.12461 0.027972 0.069786 0.179434 4.454876 8.51e-06 5.070021 1.295309 0.523272 0 3 6689 +++
rs77870452 C T 0.025796 -0.362879 0.081485 -0.52259 -0.203168 -4.453322 8.57e-06 5.066881 2.365674 0.306408 0.154575 3 6689 ---
rs114756456 C T 0.028901 0.334831 0.075232 0.187376 0.482287 4.450624 8.68e-06 5.061433 2.04651 0.359423 0.022727 3 6688 +++
rs2840250 G T 0.049054 -0.259 0.058219 -0.373109 -0.144891 -4.448733 8.76e-06 5.057616 2.073702 0.354569 0.035541 3 6688 ---
rs12981357 T A 0.032286 0.319426 0.071877 0.178547 0.460305 4.444064 8.95e-06 5.0482 1.51381 0.469116 0 3 6689 +++
rs78558452 T C 0.0441 0.293721 0.066187 0.163994 0.423448 4.437718 9.22e-06 5.035414 1.324705 0.249749 0.245115 2 6088 ++?
rs72891313 C T 0.32466 -0.120102 0.027087 -0.173192 -0.067012 -4.433968 9.38e-06 5.027866 0.099582 0.951428 0 3 6689 ---
rs9791158 G A 0.044493 -0.275408 0.062196 -0.397313 -0.153503 -4.428048 9.64e-06 5.015965 1.938267 0.379412 0 3 6671 ---
rs192554938 G A 0.093066 0.19599 0.044334 0.109096 0.282884 4.420805 9.97e-06 5.001422 1.678261 0.432086 0 3 6689 +++
