rs_number reference_allele other_allele eaf beta se beta_95L beta_95U z p-value -log10_p-value q_statistic q_p-value i2 n_studies n_samples effects
rs17337787 G A 0.011433 -0.961053 0.181535 -1.316862 -0.605244 -5.294036 1.22e-07 6.912784 14.054796 0.000178 0.92885 2 663 --
rs62066842 T C 0.013088 -0.761628 0.144791 -1.045418 -0.477838 -5.260191 1.47e-07 6.832742 8.295226 0.003975 0.879449 2 663 --
rs77091069 A T 0.017145 -0.791789 0.15124 -1.08822 -0.495357 -5.235299 1.68e-07 6.774183 18.23196 1.96e-05 0.945151 2 663 --
rs2345513 C A 0.017145 -0.791789 0.15124 -1.08822 -0.495357 -5.235299 1.68e-07 6.774183 18.23196 1.96e-05 0.945151 2 663 --
rs4142249 C T 0.10225 -0.326579 0.062886 -0.449835 -0.203323 -5.193208 2.11e-07 6.675754 0.901173 0.342467 0 2 661 --
rs77356043 G A 0.018457 -0.730518 0.141123 -1.00712 -0.453917 -5.176458 2.31e-07 6.636794 12.155817 0.000489 0.917735 2 663 --
rs78473965 A C 0.018457 -0.730518 0.141123 -1.00712 -0.453917 -5.176458 2.31e-07 6.636794 12.155817 0.000489 0.917735 2 663 --
rs17675943 G A 0.018457 -0.730518 0.141123 -1.00712 -0.453917 -5.176458 2.31e-07 6.636794 12.155817 0.000489 0.917735 2 663 --
rs140326499 T C 0.01544 -0.821331 0.158982 -1.132935 -0.509726 -5.166193 2.44e-07 6.612976 9.942624 0.001615 0.899423 2 656 --
rs112692496 T C 0.102003 -0.323498 0.063023 -0.447022 -0.199973 -5.133027 2.91e-07 6.536319 0.98497 0.320975 0 2 663 --
rs1540543 G A 0.102003 -0.323498 0.063023 -0.447022 -0.199973 -5.133027 2.91e-07 6.536319 0.98497 0.320975 0 2 663 --
rs2242031 A G 0.102003 -0.323498 0.063023 -0.447022 -0.199973 -5.133027 2.91e-07 6.536319 0.98497 0.320975 0 2 663 --
rs78370888 G A 0.102003 -0.323498 0.063023 -0.447022 -0.199973 -5.133027 2.91e-07 6.536319 0.98497 0.320975 0 2 663 --
rs75800265 A C 0.102003 -0.323498 0.063023 -0.447022 -0.199973 -5.133027 2.91e-07 6.536319 0.98497 0.320975 0 2 663 --
rs78393183 C T 0.102003 -0.323498 0.063023 -0.447022 -0.199973 -5.133027 2.91e-07 6.536319 0.98497 0.320975 0 2 663 --
rs77321414 C T 0.102003 -0.323498 0.063023 -0.447022 -0.199973 -5.133027 2.91e-07 6.536319 0.98497 0.320975 0 2 663 --
rs113838933 A G 0.102003 -0.323498 0.063023 -0.447022 -0.199973 -5.133027 2.91e-07 6.536319 0.98497 0.320975 0 2 663 --
rs144985146 C T 0.102003 -0.323498 0.063023 -0.447022 -0.199973 -5.133027 2.91e-07 6.536319 0.98497 0.320975 0 2 663 --
rs141663317 C A 0.102003 -0.323498 0.063023 -0.447022 -0.199973 -5.133027 2.91e-07 6.536319 0.98497 0.320975 0 2 663 --
rs9718654 A G 0.102003 -0.323498 0.063023 -0.447022 -0.199973 -5.133027 2.91e-07 6.536319 0.98497 0.320975 0 2 663 --
rs41418748 C T 0.102003 -0.323498 0.063023 -0.447022 -0.199973 -5.133027 2.91e-07 6.536319 0.98497 0.320975 0 2 663 --
rs17766963 T C 0.102003 -0.323498 0.063023 -0.447022 -0.199973 -5.133027 2.91e-07 6.536319 0.98497 0.320975 0 2 663 --
rs140165516 T C 0.012531 -0.745517 0.146803 -1.033252 -0.457783 -5.078339 3.88e-07 6.410929 9.47379 0.002084 0.894446 2 663 --
rs111471504 G C 0.019211 -0.683286 0.134841 -0.947574 -0.418999 -5.067359 4.11e-07 6.385905 1.509044 0.219285 0.337329 2 663 --
rs79181002 C T 0.038011 -0.513852 0.102134 -0.714035 -0.313669 -5.031145 4.97e-07 6.303733 0.093376 0.759928 0 2 663 --
rs142525078 G A 0.013637 -0.72563 0.144739 -1.009319 -0.441942 -5.013372 5.45e-07 6.263604 10.103968 0.00148 0.901029 2 663 --
rs78594991 C T 0.013637 -0.72563 0.144739 -1.009319 -0.441942 -5.013372 5.45e-07 6.263604 10.103968 0.00148 0.901029 2 663 --
rs74877870 A T 0.018104 -0.685975 0.13738 -0.95524 -0.41671 -4.993263 6.05e-07 6.218362 5.374673 0.020431 0.813942 2 663 --
rs4845712 G C 0.350697 0.19114 0.038398 0.115881 0.2664 4.977913 6.55e-07 6.183942 6.658876 0.009866 0.849825 2 663 ++
rs75495691 G A 0.029135 -0.575871 0.115903 -0.803041 -0.348701 -4.96856 6.87e-07 6.163018 7.542642 0.006026 0.86742 2 663 --
rs112829554 G A 0.016743 -0.743544 0.149867 -1.037283 -0.449805 -4.96136 7.13e-07 6.146934 18.196174 1.99e-05 0.945043 2 663 --
rs17542289 C G 0.010326 -0.889261 0.179377 -1.24084 -0.537682 -4.957492 7.27e-07 6.138304 16.665639 4.46e-05 0.939996 2 663 --
rs7975865 A C 0.015637 -0.844045 0.170864 -1.178939 -0.509151 -4.939855 7.96e-07 6.099026 16.743055 4.28e-05 0.940274 2 663 --
rs12812783 A C 0.015637 -0.844045 0.170864 -1.178939 -0.509151 -4.939855 7.96e-07 6.099026 16.743055 4.28e-05 0.940274 2 663 --
rs79747436 T C 0.126129 -0.288228 0.058426 -0.402743 -0.173712 -4.933195 8.24e-07 6.084229 1.299455 0.254313 0.230446 2 663 --
rs74598678 G A 0.126129 -0.288228 0.058426 -0.402743 -0.173712 -4.933195 8.24e-07 6.084229 1.299455 0.254313 0.230446 2 663 --
rs76385666 G C 0.126129 -0.288228 0.058426 -0.402743 -0.173712 -4.933195 8.24e-07 6.084229 1.299455 0.254313 0.230446 2 663 --
rs4537222 C T 0.126129 -0.288228 0.058426 -0.402743 -0.173712 -4.933195 8.24e-07 6.084229 1.299455 0.254313 0.230446 2 663 --
rs140983672 C T 0.126129 -0.288228 0.058426 -0.402743 -0.173712 -4.933195 8.24e-07 6.084229 1.299455 0.254313 0.230446 2 663 --
rs78137801 C T 0.126129 -0.288228 0.058426 -0.402743 -0.173712 -4.933195 8.24e-07 6.084229 1.299455 0.254313 0.230446 2 663 --
rs75567113 C T 0.126129 -0.288228 0.058426 -0.402743 -0.173712 -4.933195 8.24e-07 6.084229 1.299455 0.254313 0.230446 2 663 --
rs7778468 C T 0.126129 -0.288228 0.058426 -0.402743 -0.173712 -4.933195 8.24e-07 6.084229 1.299455 0.254313 0.230446 2 663 --
rs112315113 A C 0.126129 -0.288228 0.058426 -0.402743 -0.173712 -4.933195 8.24e-07 6.084229 1.299455 0.254313 0.230446 2 663 --
rs17699327 A G 0.126129 -0.288228 0.058426 -0.402743 -0.173712 -4.933195 8.24e-07 6.084229 1.299455 0.254313 0.230446 2 663 --
rs6729450 G A 0.104954 -0.307506 0.062405 -0.429819 -0.185192 -4.927589 8.48e-07 6.07179 3.680778 0.055043 0.728318 2 663 --
rs78997241 G A 0.018457 -0.710954 0.14472 -0.994605 -0.427303 -4.912627 9.15e-07 6.038649 9.865203 0.001684 0.898634 2 663 --
rs11806118 A G 0.014244 0.741209 0.151054 0.445142 1.037275 4.9069 9.42e-07 6.025989 0.249809 0.617209 0 2 663 ++
rs12755750 A G 0.014244 0.741209 0.151054 0.445142 1.037275 4.9069 9.42e-07 6.025989 0.249809 0.617209 0 2 663 ++
rs12750810 C G 0.014244 0.741209 0.151054 0.445142 1.037275 4.9069 9.42e-07 6.025989 0.249809 0.617209 0 2 663 ++
rs76703402 T C 0.117106 -0.290826 0.059526 -0.407497 -0.174155 -4.885691 1.05e-06 5.979224 0.892398 0.344828 0 2 663 --
rs111656153 A G 0.117106 -0.290826 0.059526 -0.407497 -0.174155 -4.885691 1.05e-06 5.979224 0.892398 0.344828 0 2 663 --
rs2950355 T C 0.0188 -0.68969 0.141419 -0.966872 -0.412508 -4.876912 1.1e-06 5.959922 4.342123 0.037181 0.769698 2 663 --
rs17766868 A G 0.09497 -0.317563 0.065234 -0.445421 -0.189704 -4.868065 1.15e-06 5.940503 0.235727 0.627309 0 2 663 --
rs34299279 C T 0.012883 -0.883712 0.181817 -1.240073 -0.52735 -4.860438 1.19e-06 5.923788 16.350848 5.26e-05 0.938841 2 663 --
rs17224908 G T 0.010884 -0.864995 0.178072 -1.214016 -0.515975 -4.857568 1.21e-06 5.917505 17.123376 3.5e-05 0.9416 2 663 --
rs74381744 G A 0.012334 -0.920592 0.189511 -1.292034 -0.54915 -4.857716 1.21e-06 5.917828 15.875925 6.76e-05 0.937012 2 663 --
rs12153707 G T 0.01013 -0.96635 0.199111 -1.356609 -0.576092 -4.853316 1.24e-06 5.908201 15.314694 9.1e-05 0.934703 2 663 --
rs7146378 T C 0.030782 0.54597 0.113002 0.324485 0.767454 4.831488 1.38e-06 5.860565 0.906015 0.341174 0 2 663 ++
rs9812625 C G 0.350962 -0.200675 0.041589 -0.282189 -0.119161 -4.825225 1.42e-06 5.846934 4.051463 0.044133 0.753176 2 663 --
rs137987849 G A 0.121737 -0.284256 0.058946 -0.399789 -0.168722 -4.822347 1.44e-06 5.840675 1.451452 0.228295 0.311035 2 663 --
rs142542239 C T 0.121737 -0.284256 0.058946 -0.399789 -0.168722 -4.822347 1.44e-06 5.840675 1.451452 0.228295 0.311035 2 663 --
rs17766832 A G 0.121737 -0.284256 0.058946 -0.399789 -0.168722 -4.822347 1.44e-06 5.840675 1.451452 0.228295 0.311035 2 663 --
rs112269061 A C 0.121737 -0.284256 0.058946 -0.399789 -0.168722 -4.822347 1.44e-06 5.840675 1.451452 0.228295 0.311035 2 663 --
rs79442355 C T 0.121737 -0.284256 0.058946 -0.399789 -0.168722 -4.822347 1.44e-06 5.840675 1.451452 0.228295 0.311035 2 663 --
rs75133782 T C 0.121737 -0.284256 0.058946 -0.399789 -0.168722 -4.822347 1.44e-06 5.840675 1.451452 0.228295 0.311035 2 663 --
rs17699339 C T 0.121737 -0.284256 0.058946 -0.399789 -0.168722 -4.822347 1.44e-06 5.840675 1.451452 0.228295 0.311035 2 663 --
rs55819025 A G 0.026226 0.543946 0.112866 0.322728 0.765163 4.819388 1.46e-06 5.834245 0.005688 0.939883 0 2 663 ++
rs17077120 G A 0.049788 -0.448746 0.093432 -0.631873 -0.26562 -4.802926 1.59e-06 5.798534 0.009731 0.921418 0 2 663 --
rs144278751 A T 0.122835 -0.282614 0.058938 -0.398132 -0.167097 -4.795141 1.65e-06 5.781686 1.664987 0.196931 0.399395 2 663 --
rs79276075 T G 0.09956 -0.308012 0.064294 -0.434029 -0.181996 -4.790672 1.69e-06 5.772024 0.521513 0.470197 0 2 663 --
rs76019911 C T 0.09956 -0.308012 0.064294 -0.434029 -0.181996 -4.790672 1.69e-06 5.772024 0.521513 0.470197 0 2 663 --
rs76270891 C G 0.124005 0.272074 0.056801 0.160744 0.383405 4.78993 1.7e-06 5.770422 1.772726 0.183045 0.435897 2 663 ++
rs111517390 A G 0.010679 -0.887865 0.185407 -1.251262 -0.524468 -4.788742 1.71e-06 5.767855 16.44902 5e-05 0.939206 2 663 --
rs75573990 A G 0.02748 -0.559201 0.116819 -0.788166 -0.330236 -4.786913 1.72e-06 5.763905 8.328528 0.003903 0.879931 2 663 --
rs74673011 T C 0.105773 -0.301515 0.063044 -0.425082 -0.177949 -4.78262 1.76e-06 5.75464 0.112336 0.737501 0 2 663 --
rs364315 C T 0.059017 -0.3767 0.078803 -0.531154 -0.222247 -4.780283 1.78e-06 5.7496 2.432995 0.118806 0.588984 2 663 --
rs192303754 G A 0.076023 0.332214 0.069562 0.195873 0.468554 4.775816 1.82e-06 5.739972 0.109741 0.74044 0 2 663 ++
rs185156444 T G 0.076023 0.332214 0.069562 0.195873 0.468554 4.775816 1.82e-06 5.739972 0.109741 0.74044 0 2 663 ++
rs12050040 G T 0.109237 -0.300015 0.062882 -0.423264 -0.176767 -4.771093 1.86e-06 5.729799 0.020037 0.887434 0 2 663 --
rs150148463 G A 0.017351 -0.74835 0.157158 -1.056379 -0.440321 -4.761779 1.95e-06 5.70977 0.024116 0.87659 0 2 663 --
rs74569835 G T 0.020858 -0.638218 0.1341 -0.901053 -0.375383 -4.75928 1.98e-06 5.704402 5.19647 0.022633 0.807562 2 663 --
rs75570612 A G 0.020858 -0.638218 0.1341 -0.901053 -0.375383 -4.75928 1.98e-06 5.704402 5.19647 0.022633 0.807562 2 663 --
rs72752807 A G 0.020858 -0.645483 0.135707 -0.91147 -0.379497 -4.756436 2e-06 5.698295 7.795434 0.005238 0.87172 2 663 --
rs10784090 A T 0.479462 -0.186305 0.039175 -0.263087 -0.109522 -4.755713 2.01e-06 5.696743 3.758774 0.052531 0.733956 2 663 --
rs13296810 T C 0.02266 -0.64985 0.136793 -0.917964 -0.381736 -4.750611 2.06e-06 5.6858 6.174823 0.012958 0.838052 2 663 --
rs62568897 T C 0.018653 -0.611751 0.128968 -0.864529 -0.358973 -4.743419 2.14e-06 5.670392 2.319459 0.127764 0.568865 2 663 --
rs148862583 A G 0.011638 -0.816699 0.172411 -1.154625 -0.478772 -4.736917 2.21e-06 5.656479 10.06493 0.001511 0.900645 2 663 --
rs10747888 G A 0.479968 -0.185588 0.039225 -0.262469 -0.108707 -4.731373 2.27e-06 5.644631 3.710378 0.054075 0.730486 2 663 --
rs35384193 G T 0.010532 -0.872217 0.184415 -1.23367 -0.510763 -4.72964 2.29e-06 5.64093 4.937429 0.026281 0.797465 2 663 --
rs62066840 A G 0.016391 -0.633872 0.134053 -0.896616 -0.371128 -4.728512 2.3e-06 5.638522 12.884391 0.000331 0.922387 2 663 --
rs10784091 G A 0.479968 -0.185075 0.039185 -0.261878 -0.108273 -4.723116 2.36e-06 5.627009 3.667514 0.055483 0.727336 2 663 --
rs10877495 A C 0.478364 -0.185258 0.03923 -0.262149 -0.108367 -4.722355 2.37e-06 5.625386 3.686165 0.054866 0.728715 2 663 --
rs7133876 T C 0.478364 -0.185258 0.03923 -0.262149 -0.108367 -4.722355 2.37e-06 5.625386 3.686165 0.054866 0.728715 2 663 --
rs10877497 C A 0.478364 -0.185258 0.03923 -0.262149 -0.108367 -4.722355 2.37e-06 5.625386 3.686165 0.054866 0.728715 2 663 --
rs7305749 T C 0.478364 -0.185258 0.03923 -0.262149 -0.108367 -4.722355 2.37e-06 5.625386 3.686165 0.054866 0.728715 2 663 --
rs79339200 C A 0.023268 -0.622699 0.131909 -0.88124 -0.364157 -4.720663 2.39e-06 5.621781 3.438019 0.063712 0.709135 2 663 --
rs2503619 G A 0.13831 0.255897 0.054236 0.149595 0.362199 4.71825 2.42e-06 5.616637 0.131629 0.716749 0 2 663 ++
rs10784087 T C 0.47887 -0.184886 0.039185 -0.261688 -0.108083 -4.718281 2.42e-06 5.616704 3.653382 0.055955 0.726281 2 663 --
rs59675461 A G 0.0381 -0.506407 0.107446 -0.717001 -0.295813 -4.713135 2.48e-06 5.605746 2.481701 0.115178 0.597051 2 663 --
rs4310742 A T 0.32348 -0.192655 0.040881 -0.272781 -0.112528 -4.712573 2.49e-06 5.60455 0.610271 0.434686 0 2 663 --
rs76067085 C T 0.109828 -0.293978 0.062427 -0.416334 -0.171622 -4.709179 2.53e-06 5.597329 0.051389 0.820664 0 2 663 --
rs4943512 A C 0.109828 -0.293978 0.062427 -0.416334 -0.171622 -4.709179 2.53e-06 5.597329 0.051389 0.820664 0 2 663 --
rs73181601 G T 0.016106 0.570145 0.121109 0.332772 0.807518 4.707716 2.55e-06 5.594219 0.003844 0.950562 0 2 663 ++
rs10784080 A G 0.477618 -0.184011 0.039126 -0.260698 -0.107323 -4.703013 2.6e-06 5.584226 3.81301 0.050856 0.73774 2 663 --
rs10784082 A G 0.478125 -0.184011 0.039126 -0.260698 -0.107323 -4.703013 2.6e-06 5.584226 3.81301 0.050856 0.73774 2 663 --
rs11173701 A C 0.477618 -0.184011 0.039126 -0.260698 -0.107323 -4.703013 2.6e-06 5.584226 3.81301 0.050856 0.73774 2 663 --
rs9576268 A C 0.109237 -0.293915 0.062547 -0.416508 -0.171322 -4.69908 2.66e-06 5.575875 0.051953 0.819699 0 2 663 --
rs13437863 C T 0.20835 -0.221664 0.047198 -0.314172 -0.129155 -4.696424 2.69e-06 5.57024 0.018598 0.891526 0 2 663 --
rs76867716 C A 0.20835 -0.221664 0.047198 -0.314172 -0.129155 -4.696424 2.69e-06 5.57024 0.018598 0.891526 0 2 663 --
rs4579468 T C 0.20835 -0.221664 0.047198 -0.314172 -0.129155 -4.696424 2.69e-06 5.57024 0.018598 0.891526 0 2 663 --
rs4571664 T A 0.20835 -0.221664 0.047198 -0.314172 -0.129155 -4.696424 2.69e-06 5.57024 0.018598 0.891526 0 2 663 --
rs7311927 T C 0.479968 -0.184172 0.039235 -0.261072 -0.107271 -4.694056 2.72e-06 5.565217 3.605755 0.05758 0.722666 2 663 --
rs149326099 C T 0.010326 -0.828019 0.176418 -1.173799 -0.48224 -4.693503 2.73e-06 5.564044 18.829647 1.43e-05 0.946892 2 663 --
rs62580463 T G 0.013088 -0.852991 0.182087 -1.209882 -0.4961 -4.684517 2.85e-06 5.545011 17.960026 2.26e-05 0.944321 2 663 --
rs13437632 A G 0.209111 -0.220833 0.047157 -0.31326 -0.128406 -4.682964 2.87e-06 5.541723 0.024773 0.874933 0 2 663 --
rs142850645 C T 0.020309 -0.627784 0.134065 -0.89055 -0.365017 -4.682692 2.88e-06 5.541148 5.557238 0.018404 0.820054 2 663 --
rs75264859 T C 0.020309 -0.627784 0.134065 -0.89055 -0.365017 -4.682692 2.88e-06 5.541148 5.557238 0.018404 0.820054 2 663 --
rs116636431 G A 0.020309 -0.627784 0.134065 -0.89055 -0.365017 -4.682692 2.88e-06 5.541148 5.557238 0.018404 0.820054 2 663 --
rs77715105 C A 0.020309 -0.627784 0.134065 -0.89055 -0.365017 -4.682692 2.88e-06 5.541148 5.557238 0.018404 0.820054 2 663 --
rs74624869 A G 0.016253 -0.6914 0.147708 -0.980908 -0.401891 -4.68084 2.9e-06 5.537232 11.609003 0.000656 0.91386 2 663 --
rs1842350 A G 0.48056 -0.183292 0.03919 -0.260105 -0.10648 -4.677025 2.96e-06 5.529167 3.536147 0.060045 0.717206 2 663 --
rs6748185 G A 0.079326 -0.321197 0.068693 -0.455835 -0.186558 -4.675827 2.97e-06 5.526636 5.292569 0.021417 0.811056 2 663 --
rs75557627 G A 0.042273 -0.390833 0.083832 -0.555144 -0.226523 -4.662105 3.18e-06 5.497683 11.330409 0.000762 0.911742 2 663 --
rs77143730 A G 0.012393 -0.74252 0.159484 -1.055109 -0.429931 -4.655761 3.28e-06 5.484325 10.706071 0.001068 0.906595 2 663 --
rs138735743 G A 0.012393 -0.74252 0.159484 -1.055109 -0.429931 -4.655761 3.28e-06 5.484325 10.706071 0.001068 0.906595 2 663 --
rs114942401 A G 0.012393 -0.74252 0.159484 -1.055109 -0.429931 -4.655761 3.28e-06 5.484325 10.706071 0.001068 0.906595 2 663 --
rs12652413 T G 0.010679 -0.903223 0.194219 -1.283893 -0.522553 -4.650535 3.36e-06 5.473334 16.588805 4.64e-05 0.939718 2 663 --
rs12673784 A G 0.203549 -0.221677 0.047689 -0.315148 -0.128207 -4.648396 3.4e-06 5.46884 0.000426 0.983535 0 2 663 --
rs36039000 T C 0.203549 -0.221677 0.047689 -0.315148 -0.128207 -4.648396 3.4e-06 5.46884 0.000426 0.983535 0 2 663 --
rs72660557 T C 0.015695 -0.757413 0.163148 -1.077182 -0.437643 -4.642499 3.5e-06 5.456455 0.052502 0.818765 0 2 663 --
rs78972466 T C 0.207843 -0.219053 0.047217 -0.311598 -0.126509 -4.639325 3.55e-06 5.449796 0.008198 0.927855 0 2 663 --
rs77820890 G T 0.207843 -0.219053 0.047217 -0.311598 -0.126509 -4.639325 3.55e-06 5.449796 0.008198 0.927855 0 2 663 --
rs11981834 T G 0.207843 -0.219053 0.047217 -0.311598 -0.126509 -4.639325 3.55e-06 5.449796 0.008198 0.927855 0 2 663 --
rs961986 T C 0.207843 -0.219053 0.047217 -0.311598 -0.126509 -4.639325 3.55e-06 5.449796 0.008198 0.927855 0 2 663 --
rs78020906 A G 0.207843 -0.219053 0.047217 -0.311598 -0.126509 -4.639325 3.55e-06 5.449796 0.008198 0.927855 0 2 663 --
rs57329797 T C 0.207843 -0.219053 0.047217 -0.311598 -0.126509 -4.639325 3.55e-06 5.449796 0.008198 0.927855 0 2 663 --
rs4764513 T G 0.446443 0.174313 0.037586 0.100643 0.247982 4.637648 3.58e-06 5.446278 0.705971 0.400784 0 2 663 ++
rs79519114 A G 0.020515 -0.591185 0.127532 -0.841147 -0.341223 -4.635594 3.61e-06 5.441974 6.616944 0.010101 0.848873 2 663 --
rs80111800 A G 0.01976 -0.62985 0.135879 -0.896173 -0.363526 -4.63536 3.62e-06 5.441482 5.640291 0.017552 0.822704 2 663 --
rs75730359 A G 0.022719 -0.553614 0.119681 -0.78819 -0.319039 -4.625739 3.79e-06 5.421339 2.261217 0.13265 0.55776 2 663 --
rs77885143 A G 0.10628 -0.291268 0.062976 -0.414701 -0.167834 -4.625039 3.8e-06 5.419874 0.228454 0.632673 0 2 663 --
rs12188851 A G 0.010138 -0.922827 0.199782 -1.314399 -0.531255 -4.619177 3.91e-06 5.407622 16.444116 5.01e-05 0.939188 2 663 --
rs55985232 A G 0.023473 0.515214 0.111538 0.296599 0.733829 4.619169 3.91e-06 5.407604 0.397493 0.528387 0 2 663 ++
rs2248923 G A 0.03334 -0.516981 0.112095 -0.736687 -0.297274 -4.611982 4.05e-06 5.392602 7.857243 0.005062 0.872729 2 663 --
rs2950359 T C 0.016391 -0.733753 0.159316 -1.046011 -0.421494 -4.605653 4.17e-06 5.379406 4.058904 0.043939 0.753628 2 663 --
rs62178274 A T 0.079326 -0.313414 0.068074 -0.446839 -0.17999 -4.604038 4.21e-06 5.376043 5.704654 0.01692 0.824705 2 663 --
rs62178275 T C 0.079326 -0.313414 0.068074 -0.446839 -0.17999 -4.604038 4.21e-06 5.376043 5.704654 0.01692 0.824705 2 663 --
rs75727232 T C 0.079326 -0.313414 0.068074 -0.446839 -0.17999 -4.604038 4.21e-06 5.376043 5.704654 0.01692 0.824705 2 663 --
rs7709070 T A 0.126538 -0.2617 0.056877 -0.373179 -0.150221 -4.601149 4.27e-06 5.370028 2.803362 0.094067 0.643285 2 663 --
rs17309328 A G 0.010884 -0.707787 0.154002 -1.009631 -0.405943 -4.595956 4.37e-06 5.359225 13.706568 0.000214 0.927042 2 663 +-
rs78587119 A G 0.017351 -0.684285 0.148905 -0.97614 -0.392431 -4.595438 4.38e-06 5.358148 11.63411 0.000648 0.914046 2 663 --
rs77398010 A G 0.0179 -0.684285 0.148905 -0.97614 -0.392431 -4.595438 4.38e-06 5.358148 11.63411 0.000648 0.914046 2 663 --
rs79532677 C T 0.01976 -0.591487 0.128799 -0.843933 -0.339041 -4.592321 4.45e-06 5.351669 4.656978 0.030928 0.785268 2 663 --
rs79657109 A T 0.01976 -0.591487 0.128799 -0.843933 -0.339041 -4.592321 4.45e-06 5.351669 4.656978 0.030928 0.785268 2 663 --
rs72996797 T C 0.010884 -0.790268 0.172174 -1.127729 -0.452807 -4.589938 4.5e-06 5.346719 19.777554 8.7e-06 0.949438 2 663 --
rs7665604 A T 0.155274 -0.238189 0.051926 -0.339965 -0.136414 -4.587058 4.56e-06 5.340739 1.23688 0.266073 0.191514 2 663 --
rs141416425 G C 0.013842 -0.720805 0.157301 -1.029115 -0.412494 -4.582321 4.67e-06 5.330911 0.552401 0.457338 0 2 663 --
rs9973016 A G 0.397904 -0.17668 0.038631 -0.252396 -0.100964 -4.57358 4.87e-06 5.312801 0.423841 0.515027 0 2 663 --
rs112302909 C T 0.013773 -0.818897 0.179076 -1.169886 -0.467908 -4.572902 4.88e-06 5.311398 11.592814 0.000662 0.91374 2 656 --
rs10877502 C G 0.499201 -0.182081 0.039852 -0.26019 -0.103972 -4.568984 4.97e-06 5.303293 4.319588 0.037676 0.768496 2 663 --
rs116330221 C G 0.019555 -0.637828 0.139707 -0.911653 -0.364003 -4.565476 5.06e-06 5.296041 10.338377 0.001303 0.903273 2 663 --
rs115301950 C T 0.019555 -0.637828 0.139707 -0.911653 -0.364003 -4.565476 5.06e-06 5.296041 10.338377 0.001303 0.903273 2 663 --
rs17300372 A G 0.080432 -0.310138 0.067991 -0.443401 -0.176876 -4.561471 5.16e-06 5.287767 5.907493 0.015077 0.830723 2 663 --
rs4943511 G C 0.109983 -0.28616 0.062798 -0.409243 -0.163076 -4.55684 5.27e-06 5.278209 0.010603 0.917985 0 2 663 --
rs35392872 A G 0.013491 0.743156 0.163153 0.423376 1.062936 4.554963 5.32e-06 5.274335 0.265069 0.606659 0 2 663 ++
rs35118879 A C 0.013491 0.743156 0.163153 0.423376 1.062936 4.554963 5.32e-06 5.274335 0.265069 0.606659 0 2 663 ++
rs35048125 C G 0.013491 0.743156 0.163153 0.423376 1.062936 4.554963 5.32e-06 5.274335 0.265069 0.606659 0 2 663 ++
rs77396367 T C 0.025275 -0.500999 0.110094 -0.716784 -0.285214 -4.550637 5.43e-06 5.265418 2.941297 0.086341 0.660014 2 663 --
rs71516890 A G 0.012334 -0.814049 0.178912 -1.164716 -0.463382 -4.550001 5.44e-06 5.264109 17.933403 2.29e-05 0.944238 2 663 --
rs28479453 C G 0.201689 -0.21807 0.047966 -0.312083 -0.124057 -4.546373 5.54e-06 5.256637 0.025113 0.874086 0 2 663 --
rs10784083 C T 0.498629 -0.181255 0.039867 -0.259395 -0.103115 -4.54646 5.54e-06 5.256817 4.258239 0.03906 0.765161 2 661 --
rs73185722 G A 0.010185 0.728009 0.160218 0.413981 1.042037 4.543856 5.6e-06 5.251456 0.022281 0.881343 0 2 663 ++
rs61774166 G T 0.021448 -0.483165 0.106346 -0.691604 -0.274726 -4.543315 5.62e-06 5.250343 23.758059 1.09e-06 0.957909 2 662 +-
rs7869037 A G 0.025767 -0.603938 0.133041 -0.864698 -0.343178 -4.53949 5.72e-06 5.242476 0.366595 0.544866 0 2 663 --
rs7974087 C T 0.498694 -0.18103 0.039899 -0.259231 -0.102829 -4.537256 5.78e-06 5.237886 4.244743 0.039372 0.764414 2 663 --
rs7305244 G T 0.498694 -0.18103 0.039899 -0.259231 -0.102829 -4.537256 5.78e-06 5.237886 4.244743 0.039372 0.764414 2 663 --
rs7306016 T C 0.498694 -0.18103 0.039899 -0.259231 -0.102829 -4.537256 5.78e-06 5.237886 4.244743 0.039372 0.764414 2 663 --
rs9946127 C G 0.407604 -0.174287 0.038418 -0.249586 -0.098989 -4.536658 5.8e-06 5.236656 1.4395 0.23022 0.305314 2 663 --
rs9946875 T C 0.407604 -0.174287 0.038418 -0.249586 -0.098989 -4.536658 5.8e-06 5.236656 1.4395 0.23022 0.305314 2 663 --
rs10784086 G A 0.499201 -0.180638 0.039857 -0.258757 -0.102518 -4.532169 5.92e-06 5.227438 4.210158 0.040183 0.762479 2 663 --
rs12300342 G A 0.499201 -0.180638 0.039857 -0.258757 -0.102518 -4.532169 5.92e-06 5.227438 4.210158 0.040183 0.762479 2 663 --
rs12814903 A T 0.499201 -0.180638 0.039857 -0.258757 -0.102518 -4.532169 5.92e-06 5.227438 4.210158 0.040183 0.762479 2 663 --
chr12:61034925:G:A A G 0.499201 -0.180638 0.039857 -0.258757 -0.102518 -4.532169 5.92e-06 5.227438 4.210158 0.040183 0.762479 2 663 --
rs1842349 G C 0.499201 -0.180638 0.039857 -0.258757 -0.102518 -4.532169 5.92e-06 5.227438 4.210158 0.040183 0.762479 2 663 --
rs7312358 G A 0.499201 -0.180638 0.039857 -0.258757 -0.102518 -4.532169 5.92e-06 5.227438 4.210158 0.040183 0.762479 2 663 --
rs7486834 G A 0.499792 -0.180576 0.039899 -0.258778 -0.102375 -4.525885 6.1e-06 5.214547 4.210289 0.040179 0.762487 2 663 --
chr2:33036806:C:T T C 0.036012 -0.452782 0.100174 -0.649123 -0.256441 -4.519962 6.27e-06 5.202411 1.88362 0.169923 0.469107 2 663 --
rs17474061 T C 0.010326 -0.785659 0.173878 -1.12646 -0.444859 -4.518454 6.32e-06 5.199325 3.08482 0.079026 0.675832 2 663 --
rs11737848 C A 0.029031 -0.469673 0.103991 -0.673496 -0.265849 -4.516454 6.38e-06 5.195232 0.107798 0.742665 0 2 662 --
rs7961231 A C 0.497933 -0.179535 0.039762 -0.257468 -0.101602 -4.515284 6.41e-06 5.192837 4.401319 0.035911 0.772795 2 663 --
rs12812585 A G 0.498439 -0.17905 0.039683 -0.256829 -0.101271 -4.511974 6.52e-06 5.186068 4.68715 0.030389 0.786651 2 663 --
rs10784081 A G 0.496835 -0.178487 0.039684 -0.256267 -0.100706 -4.4977 6.97e-06 5.15693 4.310107 0.037887 0.767987 2 663 --
rs9371538 T A 0.09497 -0.282664 0.062894 -0.405937 -0.159391 -4.494272 7.08e-06 5.149946 0.077818 0.780276 0 2 663 --
rs9397425 T G 0.09497 -0.282664 0.062894 -0.405937 -0.159391 -4.494272 7.08e-06 5.149946 0.077818 0.780276 0 2 663 --
rs9397428 G T 0.09497 -0.282664 0.062894 -0.405937 -0.159391 -4.494272 7.08e-06 5.149946 0.077818 0.780276 0 2 663 --
rs9397429 A G 0.09497 -0.282664 0.062894 -0.405937 -0.159391 -4.494272 7.08e-06 5.149946 0.077818 0.780276 0 2 663 --
rs117915630 A C 0.012531 -0.757972 0.168817 -1.088853 -0.427091 -4.489905 7.23e-06 5.141054 20.65053 5.51e-06 0.951575 2 663 --
rs74600026 T A 0.010326 -0.821957 0.183343 -1.18131 -0.462604 -4.483158 7.46e-06 5.127332 6.344488 0.011775 0.842383 2 663 --
rs117083708 C A 0.025824 -0.490972 0.109566 -0.70572 -0.276223 -4.481067 7.53e-06 5.123084 6.077079 0.013695 0.835447 2 663 --
rs72898689 C T 0.01013 -0.898508 0.200571 -1.291626 -0.50539 -4.479762 7.58e-06 5.120433 17.122157 3.51e-05 0.941596 2 663 --
rs62534657 G A 0.036093 -0.52277 0.116722 -0.751546 -0.293995 -4.478759 7.61e-06 5.118395 19.171859 1.19e-05 0.94784 2 663 --
rs11173709 A C 0.496498 -0.178819 0.039966 -0.257153 -0.100485 -4.474238 7.78e-06 5.10922 4.085675 0.043248 0.755242 2 663 --
rs11852149 T C 0.209149 -0.207891 0.046476 -0.298984 -0.116799 -4.47311 7.82e-06 5.106932 0.118279 0.730909 0 2 663 --
rs150563581 A G 0.018457 -0.656521 0.14682 -0.944289 -0.368754 -4.471608 7.87e-06 5.103886 12.599513 0.000386 0.920632 2 663 --
rs4747064 T C 0.189989 0.216156 0.048385 0.12132 0.310991 4.467365 8.03e-06 5.095289 1.150252 0.283496 0.130626 2 663 ++
rs1557062 G A 0.015842 -0.724793 0.162257 -1.042817 -0.406769 -4.466939 8.05e-06 5.094426 4.271697 0.038752 0.765901 2 663 --
rs2950358 T C 0.015842 -0.724793 0.162257 -1.042817 -0.406769 -4.466939 8.05e-06 5.094426 4.271697 0.038752 0.765901 2 663 --
rs2950357 T C 0.015842 -0.724793 0.162257 -1.042817 -0.406769 -4.466939 8.05e-06 5.094426 4.271697 0.038752 0.765901 2 663 --
rs1891113 T C 0.015842 -0.724793 0.162257 -1.042817 -0.406769 -4.466939 8.05e-06 5.094426 4.271697 0.038752 0.765901 2 663 --
rs9423288 T C 0.015842 -0.724793 0.162257 -1.042817 -0.406769 -4.466939 8.05e-06 5.094426 4.271697 0.038752 0.765901 2 663 --
rs11248323 T C 0.015842 -0.724793 0.162257 -1.042817 -0.406769 -4.466939 8.05e-06 5.094426 4.271697 0.038752 0.765901 2 663 --
rs11248324 T C 0.015842 -0.724793 0.162257 -1.042817 -0.406769 -4.466939 8.05e-06 5.094426 4.271697 0.038752 0.765901 2 663 --
rs12184381 A G 0.015842 -0.724793 0.162257 -1.042817 -0.406769 -4.466939 8.05e-06 5.094426 4.271697 0.038752 0.765901 2 663 --
rs12184400 C T 0.015842 -0.724793 0.162257 -1.042817 -0.406769 -4.466939 8.05e-06 5.094426 4.271697 0.038752 0.765901 2 663 --
rs76001985 C T 0.015842 -0.724793 0.162257 -1.042817 -0.406769 -4.466939 8.05e-06 5.094426 4.271697 0.038752 0.765901 2 663 --
rs112848223 C T 0.015842 -0.724793 0.162257 -1.042817 -0.406769 -4.466939 8.05e-06 5.094426 4.271697 0.038752 0.765901 2 663 --
rs112396549 G A 0.015842 -0.724793 0.162257 -1.042817 -0.406769 -4.466939 8.05e-06 5.094426 4.271697 0.038752 0.765901 2 663 --
rs74231281 T A 0.015842 -0.724793 0.162257 -1.042817 -0.406769 -4.466939 8.05e-06 5.094426 4.271697 0.038752 0.765901 2 663 --
rs79817464 A T 0.015842 -0.724793 0.162257 -1.042817 -0.406769 -4.466939 8.05e-06 5.094426 4.271697 0.038752 0.765901 2 663 --
rs78466642 A G 0.015842 -0.724793 0.162257 -1.042817 -0.406769 -4.466939 8.05e-06 5.094426 4.271697 0.038752 0.765901 2 663 --
rs3735409 A G 0.170757 -0.233517 0.052285 -0.335995 -0.131038 -4.466232 8.07e-06 5.092994 3.140305 0.07638 0.68156 2 663 --
rs78570940 T C 0.170757 -0.233517 0.052285 -0.335995 -0.131038 -4.466232 8.07e-06 5.092994 3.140305 0.07638 0.68156 2 663 --
rs72734644 C T 0.038766 -0.401579 0.089925 -0.577833 -0.225326 -4.465699 8.09e-06 5.091913 0.08268 0.773698 0 2 663 --
rs116970713 G A 0.010532 -0.805803 0.180817 -1.160204 -0.451403 -4.456466 8.45e-06 5.073234 1.35569 0.244286 0.262368 2 663 --
rs72798364 G A 0.025473 0.52265 0.117278 0.292786 0.752515 4.456516 8.45e-06 5.073335 0.01926 0.889624 0 2 663 ++
rs72798366 G C 0.025473 0.52265 0.117278 0.292786 0.752515 4.456516 8.45e-06 5.073335 0.01926 0.889624 0 2 663 ++
rs80097378 T C 0.036904 -0.404589 0.090854 -0.582664 -0.226515 -4.453168 8.58e-06 5.066571 17.677536 2.62e-05 0.943431 2 663 +-
rs11692134 T C 0.02266 -0.617923 0.138957 -0.89028 -0.345567 -4.446857 8.83e-06 5.053831 1.601726 0.205659 0.375673 2 663 --
rs1074634 G A 0.310901 -0.185652 0.041765 -0.267511 -0.103793 -4.445182 8.9e-06 5.050455 0.943326 0.331424 0 2 662 --
rs1074633 G A 0.310065 -0.185395 0.041717 -0.267161 -0.103629 -4.444089 8.95e-06 5.048249 0.95154 0.329328 0 2 663 --
rs55867705 G A 0.39865 -0.170754 0.038435 -0.246087 -0.095421 -4.442629 9.01e-06 5.045307 0.493113 0.482542 0 2 663 --
rs78109481 C T 0.012531 -0.784539 0.176678 -1.130828 -0.43825 -4.4405 9.1e-06 5.041017 2.34904 0.12536 0.574294 2 663 --
rs9952576 T G 0.399923 -0.170387 0.038394 -0.24564 -0.095134 -4.437819 9.21e-06 5.035618 0.481326 0.487822 0 2 662 --
rs7954666 G A 0.451615 0.164598 0.037103 0.091876 0.23732 4.43624 9.28e-06 5.032439 0.548335 0.458999 0 2 663 ++
rs77451659 T A 0.096685 -0.2919 0.065815 -0.420898 -0.162903 -4.435153 9.33e-06 5.03025 1.521187 0.21744 0.342619 2 663 --
rs1934014 T C 0.057713 -0.357293 0.08058 -0.515229 -0.199357 -4.434033 9.38e-06 5.027998 1.605616 0.205109 0.377186 2 663 --
rs4862782 C T 0.13282 -0.257833 0.058161 -0.371828 -0.143838 -4.4331 9.42e-06 5.02612 1.113973 0.29122 0.102312 2 663 --
rs116904583 T C 0.011489 -0.585907 0.132219 -0.845057 -0.326757 -4.431326 9.49e-06 5.022554 3.774807 0.05203 0.735086 2 663 --
rs72778850 C T 0.011982 -0.780132 0.176255 -1.125591 -0.434673 -4.426164 9.72e-06 5.01218 20.987276 4.62e-06 0.952352 2 663 --
rs74367674 G C 0.025071 -0.501243 0.113287 -0.723285 -0.279201 -4.424548 9.8e-06 5.008934 3.795722 0.051384 0.736546 2 663 --
rs75971824 A C 0.025071 -0.501243 0.113287 -0.723285 -0.279201 -4.424548 9.8e-06 5.008934 3.795722 0.051384 0.736546 2 663 --
rs117944816 A G 0.025071 -0.501243 0.113287 -0.723285 -0.279201 -4.424548 9.8e-06 5.008934 3.795722 0.051384 0.736546 2 663 --
rs148049859 C T 0.025071 -0.501243 0.113287 -0.723285 -0.279201 -4.424548 9.8e-06 5.008934 3.795722 0.051384 0.736546 2 663 --
rs77392279 G T 0.025071 -0.501243 0.113287 -0.723285 -0.279201 -4.424548 9.8e-06 5.008934 3.795722 0.051384 0.736546 2 663 --
rs149846349 A G 0.025071 -0.501243 0.113287 -0.723285 -0.279201 -4.424548 9.8e-06 5.008934 3.795722 0.051384 0.736546 2 663 --
rs75604630 T C 0.013285 -0.725555 0.164093 -1.047178 -0.403932 -4.421595 9.93e-06 5.003006 0.857029 0.354571 0 2 663 --
rs9973033 T C 0.400255 -0.169785 0.038403 -0.245056 -0.094514 -4.421083 9.95e-06 5.001979 0.463577 0.495957 0 2 663 --
