rs_number reference_allele other_allele eaf beta se beta_95L beta_95U z p-value -log10_p-value q_statistic q_p-value i2 n_studies n_samples effects
rs10119 A G 0.404185 -0.026103 0.002478 -0.03096 -0.021247 -10.535006 6.41e-26 25.193425 3.661189 0.160318 0.453729 3 2859 ---
rs34095326 A G 0.190511 -0.026752 0.003047 -0.032725 -0.020779 -8.778908 1.75e-18 17.757905 0.13622 0.934158 0 3 2859 ---
rs429358 C T 0.275379 -0.049394 0.005657 -0.060481 -0.038307 -8.73182 2.65e-18 17.576777 0.370564 0.542697 0 2 671 -?-
rs75627662 T C 0.280942 -0.023572 0.002723 -0.028909 -0.018234 -8.655426 5.19e-18 17.284942 5.197806 0.074355 0.615222 3 2858 ---
rs4420638 G A 0.299277 -0.04463 0.005476 -0.055363 -0.033897 -8.149817 3.83e-16 15.416578 0.008326 0.927296 0 2 671 -?-
rs12721051 G C 0.296299 -0.044287 0.005548 -0.05516 -0.033413 -7.982854 1.5e-15 14.823669 0.07144 0.789251 0 2 673 -?-
rs56131196 A G 0.296867 -0.044008 0.005557 -0.0549 -0.033116 -7.919009 2.51e-15 14.600101 0.055291 0.814099 0 2 670 -?-
rs6857 T C 0.284023 -0.042019 0.005716 -0.053223 -0.030816 -7.35134 2.05e-13 12.688961 0.079181 0.778411 0 2 673 -?-
rs438811 T C 0.324214 -0.040123 0.005581 -0.051062 -0.029185 -7.18959 6.77e-13 12.169617 0.218278 0.640355 0 2 673 -?-
rs1038026 G A 0.375109 0.018005 0.002536 0.013035 0.022974 7.100764 1.29e-12 11.889165 0.896265 0.63882 0 3 2859 +++
rs10414043 A G 0.219208 -0.043959 0.006194 -0.056099 -0.031819 -7.097211 1.32e-12 11.878018 0.369559 0.543245 0 2 673 -?-
rs7256200 T G 0.219208 -0.043959 0.006194 -0.056099 -0.031819 -7.097211 1.32e-12 11.878018 0.369559 0.543245 0 2 673 -?-
rs483082 T G 0.32271 -0.039763 0.005612 -0.050763 -0.028763 -7.08495 1.45e-12 11.839587 0.181418 0.670158 0 2 673 -?-
rs5117 C T 0.322805 -0.039522 0.005593 -0.050484 -0.02856 -7.066266 1.66e-12 11.781152 0.157636 0.691342 0 2 673 -?-
rs1160985 T C 0.374472 0.017865 0.002538 0.012891 0.022838 7.040254 2e-12 11.700044 0.692831 0.707219 0 3 2859 +++
rs760136 G A 0.374625 0.017865 0.002538 0.012891 0.022838 7.040254 2e-12 11.700044 0.692831 0.707219 0 3 2859 +++
rs741780 C T 0.374625 0.017865 0.002538 0.012891 0.022838 7.040254 2e-12 11.700044 0.692831 0.707219 0 3 2859 +++
rs1038025 C T 0.374625 0.017865 0.002538 0.012891 0.022838 7.040254 2e-12 11.700044 0.692831 0.707219 0 3 2859 +++
rs769449 A G 0.214928 -0.043795 0.006226 -0.055998 -0.031591 -7.033707 2.09e-12 11.679676 0.2451 0.620547 0 2 673 -?-
rs7259620 A G 0.37106 0.01739 0.002542 0.012408 0.022373 6.840573 8.18e-12 11.087026 0.603157 0.73965 0 3 2859 +++
rs283811 G A 0.319228 -0.037182 0.005475 -0.047913 -0.026451 -6.791401 1.15e-11 10.938677 0.566591 0.451617 0 2 673 -?-
rs184017 G T 0.318772 -0.0371 0.005514 -0.047908 -0.026292 -6.728131 1.78e-11 10.749308 0.407697 0.523141 0 2 673 -?-
rs157581 C T 0.318772 -0.0371 0.005514 -0.047908 -0.026292 -6.728131 1.78e-11 10.749308 0.407697 0.523141 0 2 673 -?-
rs157582 T C 0.316668 -0.037041 0.005531 -0.047881 -0.026201 -6.697399 2.2e-11 10.657944 0.602058 0.437794 0 2 673 -?-
rs283815 G A 0.319527 -0.036752 0.005503 -0.047538 -0.025966 -6.678485 2.5e-11 10.601911 0.460668 0.497312 0 2 671 -?-
rs4803770 G C 0.32404 0.01742 0.002638 0.012248 0.022591 6.602382 4.19e-11 10.377999 1.536781 0.463759 0 3 2859 +++
rs12721046 A G 0.237563 -0.038407 0.0059 -0.049972 -0.026842 -6.509111 7.82e-11 10.106935 0.42849 0.512731 0 2 673 -?-
chr19:44893408:G:T T G 0.308904 -0.035713 0.005494 -0.046482 -0.024944 -6.500096 8.3e-11 10.080933 0.8066 0.369127 0 2 673 -?-
rs73052335 C A 0.218992 -0.03929 0.006082 -0.051211 -0.027369 -6.459967 1.08e-10 9.965602 0.332107 0.564421 0 2 673 -?-
rs111789331 A T 0.239046 -0.038065 0.005903 -0.049635 -0.026496 -6.448516 1.17e-10 9.932817 0.38465 0.535125 0 2 673 -?-
rs66626994 A G 0.239046 -0.038065 0.005903 -0.049635 -0.026496 -6.448516 1.17e-10 9.932817 0.38465 0.535125 0 2 673 -?-
rs59325138 T C 0.341691 0.016574 0.002604 0.011471 0.021678 6.365613 2.01e-10 9.697126 2.158699 0.339817 0.073516 3 2859 +++
chr19:44909976:G:T T G 0.050647 0.036297 0.005793 0.024942 0.047651 6.265626 3.83e-10 9.416751 0.326781 0.84926 0 3 2859 +++
rs112019714 C T 0.056036 -0.032393 0.005316 -0.042813 -0.021973 -6.093316 1.14e-09 8.943526 3.880998 0.143632 0.484669 3 2859 ---
rs7412 T C 0.050375 0.035319 0.005829 0.023895 0.046744 6.059505 1.41e-09 8.85215 0.418077 0.811364 0 3 2857 +++
rs1081105 C A 0.055936 -0.032087 0.005315 -0.042506 -0.021669 -6.036602 1.62e-09 8.790524 3.924126 0.140568 0.490332 3 2859 ---
rs71352238 C T 0.23506 -0.035552 0.005995 -0.047302 -0.023802 -5.930447 3.11e-09 8.507805 1.579806 0.208789 0.367011 2 673 -?-
rs2075650 G A 0.23506 -0.035488 0.005995 -0.047239 -0.023737 -5.919151 3.33e-09 8.478003 1.562478 0.211303 0.359991 2 673 -?-
rs34404554 G C 0.234319 -0.035428 0.005994 -0.047175 -0.02368 -5.910819 3.5e-09 8.456055 1.545761 0.213762 0.35307 2 673 -?-
rs11556505 T C 0.234319 -0.035428 0.005994 -0.047175 -0.02368 -5.910819 3.5e-09 8.456055 1.545761 0.213762 0.35307 2 673 -?-
rs115881343 T C 0.055429 -0.031776 0.005391 -0.042343 -0.021209 -5.893773 3.88e-09 8.411242 3.067812 0.215692 0.348069 3 2845 ---
rs12972156 G C 0.234918 -0.03476 0.005947 -0.046417 -0.023103 -5.844546 5.22e-09 8.282522 2.005225 0.156758 0.501303 2 673 -?-
rs12972970 A G 0.234918 -0.03476 0.005947 -0.046417 -0.023103 -5.844546 5.22e-09 8.282522 2.005225 0.156758 0.501303 2 673 -?-
rs34342646 A G 0.234918 -0.03476 0.005947 -0.046417 -0.023103 -5.844546 5.22e-09 8.282522 2.005225 0.156758 0.501303 2 673 -?-
rs484195 A G 0.318865 0.016507 0.002829 0.010963 0.022051 5.835752 5.5e-09 8.259634 0.36818 0.543998 0 2 2685 ++?
rs112849259 T C 0.05144 -0.032071 0.005522 -0.042893 -0.021249 -5.808419 6.48e-09 8.188708 3.993619 0.135768 0.499201 3 2859 ---
rs75687619 T G 0.051532 -0.031833 0.005514 -0.042641 -0.021026 -5.773175 7.99e-09 8.09772 4.026221 0.133573 0.503256 3 2859 ---
rs77301115 A G 0.051263 -0.031733 0.005527 -0.042566 -0.020899 -5.741009 9.66e-09 8.015136 4.204561 0.122178 0.524326 3 2859 ---
rs114536010 T C 0.051347 -0.031652 0.005545 -0.04252 -0.020783 -5.708052 1.17e-08 7.930975 4.036259 0.132904 0.504492 3 2857 ---
rs3925681 A G 0.34926 0.015636 0.002739 0.010267 0.021004 5.708193 1.17e-08 7.931333 2.025894 0.154638 0.506391 2 2685 ++?
rs79398853 T C 0.051485 -0.031238 0.005527 -0.042072 -0.020405 -5.651796 1.63e-08 7.788376 4.098983 0.1288 0.512074 3 2858 ---
rs157595 A G 0.318779 0.015947 0.00283 0.0104 0.021495 5.634304 1.8e-08 7.744311 0.114767 0.734781 0 2 2685 ++?
rs78959900 A G 0.290525 0.016219 0.002884 0.010566 0.021872 5.623396 1.92e-08 7.716897 0.521727 0.470106 0 2 2675 ++?
rs116881820 C T 0.052081 -0.030859 0.005522 -0.041681 -0.020036 -5.588658 2.34e-08 7.629926 4.160032 0.124928 0.519234 3 2859 ---
rs140480140 A G 0.055944 -0.029713 0.005323 -0.040146 -0.019279 -5.581875 2.44e-08 7.613003 1.893573 0.387986 0 3 2859 ---
rs157594 T G 0.319105 0.015771 0.00283 0.010225 0.021317 5.573363 2.56e-08 7.591794 0.133915 0.714406 0 2 2685 ++?
rs440446 C G 0.30488 0.014827 0.002682 0.009571 0.020084 5.528447 3.31e-08 7.480391 3.096081 0.212664 0.354022 3 2859 +++
rs41289512 G C 0.065951 -0.026668 0.004841 -0.036156 -0.017179 -5.508693 3.7e-08 7.431663 0.603146 0.739654 0 3 2859 ---
rs147711004 A G 0.056795 -0.028545 0.005222 -0.03878 -0.01831 -5.466296 4.7e-08 7.327639 0.369941 0.831129 0 3 2859 ---
rs188535946 A G 0.05228 -0.030053 0.005506 -0.040844 -0.019262 -5.458716 4.91e-08 7.309121 1.977034 0.372128 0 3 2859 ---
rs1305062 C G 0.342087 0.014199 0.002614 0.009075 0.019323 5.431518 5.72e-08 7.242875 1.510225 0.469958 0 3 2859 +++
rs150966173 T C 0.054078 -0.029722 0.005477 -0.040458 -0.018987 -5.426297 5.89e-08 7.230195 1.938 0.379462 0 3 2836 ---
rs769450 A G 0.343468 0.013923 0.002601 0.008824 0.019022 5.351931 8.9e-08 7.050818 1.619229 0.44503 0 3 2859 +++
rs34878901 T C 0.342397 0.013958 0.002614 0.008836 0.019081 5.340739 9.46e-08 7.024022 1.723624 0.422396 0 3 2859 +++
rs141622900 A G 0.035058 0.037456 0.007037 0.023665 0.051248 5.323051 1.04e-07 6.981786 0.33079 0.847559 0 3 2859 +++
rs6799160 A G 0.47307 -0.01369 0.002595 -0.018776 -0.008604 -5.275425 1.35e-07 6.868711 1.160068 0.281451 0.137982 2 2685 --?
rs34297047 A G 0.474395 -0.013624 0.002591 -0.018702 -0.008546 -5.258193 1.49e-07 6.828033 1.46088 0.22679 0.315481 2 2685 --?
rs6796201 A G 0.474477 -0.013624 0.002591 -0.018702 -0.008546 -5.258193 1.49e-07 6.828033 1.46088 0.22679 0.315481 2 2685 --?
rs62270274 T G 0.475074 -0.013581 0.002589 -0.018656 -0.008506 -5.244905 1.6e-07 6.79675 1.305773 0.253161 0.23417 2 2685 --?
rs8106922 G A 0.343289 0.013691 0.002612 0.008572 0.01881 5.242138 1.62e-07 6.790247 1.195063 0.550168 0 3 2859 +++
rs190712692 A G 0.035025 0.038703 0.007384 0.024231 0.053174 5.24176 1.62e-07 6.789358 0.020278 0.886764 0 2 2685 ++?
rs11668861 T G 0.433631 0.012943 0.00247 0.008102 0.017785 5.23985 1.64e-07 6.78487 1.759337 0.41492 0 3 2857 +++
rs61679753 A T 0.021864 0.047463 0.009077 0.029673 0.065253 5.229166 1.74e-07 6.759796 0.913187 0.33927 0 2 2685 ++?
rs111784051 G T 0.02197 0.047463 0.009077 0.029673 0.065253 5.229166 1.74e-07 6.759796 0.913187 0.33927 0 2 2685 ++?
rs4679666 C G 0.472903 -0.01355 0.002593 -0.018632 -0.008468 -5.225948 1.77e-07 6.752253 1.16029 0.281406 0.138146 2 2685 --?
rs60049679 C G 0.105703 -0.020618 0.003946 -0.028352 -0.012885 -5.225378 1.77e-07 6.750916 0.669379 0.71556 0 3 2859 ---
rs4803772 T C 0.289328 0.015102 0.002894 0.00943 0.020774 5.218774 1.84e-07 6.735451 0.557988 0.455072 0 2 2685 ++?
rs6441339 T G 0.474256 -0.01348 0.002593 -0.018563 -0.008397 -5.198096 2.06e-07 6.687147 1.29162 0.25575 0.225779 2 2685 --?
rs7254133 T C 0.348032 -0.014087 0.002713 -0.019405 -0.008769 -5.191729 2.13e-07 6.67231 1.119216 0.290087 0.106518 2 2685 --?
rs9790132 A T 0.472767 -0.013472 0.002597 -0.018563 -0.008381 -5.186738 2.18e-07 6.660692 1.036756 0.308577 0.035453 2 2685 --?
rs62270275 G A 0.475156 -0.013388 0.002589 -0.018464 -0.008313 -5.170649 2.38e-07 6.62331 1.38203 0.239756 0.276427 2 2685 --?
rs12721056 T G 0.293205 0.014887 0.002885 0.009233 0.020542 5.16003 2.52e-07 6.598695 0.401851 0.526135 0 2 2685 ++?
rs13092102 C G 0.474749 -0.013355 0.002589 -0.01843 -0.00828 -5.157736 2.55e-07 6.593383 1.395514 0.237476 0.283418 2 2685 --?
rs1447620 T C 0.472174 -0.013368 0.002597 -0.018459 -0.008276 -5.14632 2.71e-07 6.566988 1.024839 0.311374 0.024237 2 2685 --?
rs1839021 T G 0.472174 -0.013308 0.002596 -0.018396 -0.00822 -5.126289 3.01e-07 6.520803 1.045417 0.306565 0.043444 2 2685 --?
rs1447619 A T 0.4725 -0.013265 0.002595 -0.018352 -0.008179 -5.111432 3.26e-07 6.486654 1.060192 0.303171 0.056775 2 2685 --?
rs2121718 C T 0.473256 -0.013261 0.002595 -0.018347 -0.008174 -5.109974 3.29e-07 6.483309 1.111014 0.291862 0.099922 2 2685 --?
rs13071909 A G 0.47293 -0.013237 0.002597 -0.018327 -0.008148 -5.097856 3.5e-07 6.455535 1.119795 0.289963 0.106979 2 2685 --?
rs62270272 A C 0.47293 -0.013237 0.002597 -0.018327 -0.008148 -5.097856 3.5e-07 6.455535 1.119795 0.289963 0.106979 2 2685 --?
rs11716265 G A 0.473093 -0.013143 0.002594 -0.018228 -0.008058 -5.066078 4.14e-07 6.382989 1.153642 0.282788 0.13318 2 2685 --?
rs1447618 C T 0.474826 -0.013068 0.00259 -0.018145 -0.007991 -5.045003 4.62e-07 6.335113 1.456636 0.227466 0.313487 2 2685 --?
rs4679662 T C 0.472581 -0.013081 0.002595 -0.018168 -0.007995 -5.040594 4.73e-07 6.32512 1.125879 0.288656 0.111805 2 2685 --?
rs56665329 T A 0.47816 -0.013053 0.002592 -0.018133 -0.007974 -5.036674 4.83e-07 6.316242 1.309605 0.252466 0.236411 2 2685 --?
rs1839015 C T 0.47816 -0.013053 0.002592 -0.018133 -0.007974 -5.036674 4.83e-07 6.316242 1.309605 0.252466 0.236411 2 2685 --?
rs1160983 A G 0.021807 0.04344 0.008682 0.026423 0.060457 5.0033 5.74e-07 6.240924 1.179501 0.554466 0 3 2859 +++
rs449647 T A 0.147165 0.017459 0.003493 0.010614 0.024304 4.998921 5.87e-07 6.231076 2.762755 0.251232 0.276085 3 2859 +++
rs11924510 T C 0.477974 -0.012935 0.002588 -0.018008 -0.007863 -4.998079 5.9e-07 6.229183 1.593462 0.206832 0.372436 2 2685 --?
rs11922752 G C 0.476997 -0.012919 0.002593 -0.018002 -0.007836 -4.98155 6.43e-07 6.192088 1.31224 0.25199 0.237944 2 2685 --?
rs6764019 A C 0.478404 -0.01287 0.002586 -0.017938 -0.007803 -4.977646 6.56e-07 6.183345 1.685052 0.194254 0.406547 2 2685 --?
rs55956394 C T 0.477997 -0.012887 0.002592 -0.017969 -0.007806 -4.971165 6.78e-07 6.168842 1.375996 0.240784 0.273254 2 2685 --?
rs1374793 G A 0.477997 -0.012824 0.002586 -0.017893 -0.007756 -4.959269 7.21e-07 6.142268 2.022443 0.15499 0.505549 2 2685 --?
rs2238681 T C 0.345124 0.012871 0.002608 0.00776 0.017982 4.935704 8.13e-07 6.089802 1.309702 0.519519 0 3 2859 +++
rs17236725 C T 0.478219 -0.012756 0.002585 -0.017823 -0.00769 -4.934702 8.17e-07 6.087577 1.670929 0.196134 0.401531 2 2685 --?
rs3826688 T C 0.303496 0.014189 0.002881 0.008541 0.019836 4.924133 8.63e-07 6.064126 0.409562 0.522192 0 2 2685 ++?
rs2017395 A G 0.105856 -0.020611 0.004201 -0.028845 -0.012377 -4.906121 9.46e-07 6.024269 0.011456 0.914763 0 2 2682 --?
rs1927087 G A 0.18566 -0.031583 0.006443 -0.044211 -0.018955 -4.902032 9.66e-07 6.015238 0.348369 0.555038 0 2 670 -?-
rs7254892 A G 0.024277 0.040051 0.00818 0.024019 0.056084 4.896471 9.93e-07 6.002969 1.422305 0.491078 0 3 2859 +++
rs71352239 T C 0.281442 0.014237 0.002919 0.008515 0.019959 4.876802 1.1e-06 5.959679 2.071407 0.150083 0.517236 2 2685 ++?
rs584007 A G 0.302686 0.014095 0.002894 0.008423 0.019768 4.870725 1.13e-06 5.946338 0.722728 0.395251 0 2 2685 ++?
rs3852312 T C 0.433645 -0.011778 0.002428 -0.016536 -0.00702 -4.85164 1.25e-06 5.904538 0.016435 0.991816 0 3 2859 ---
rs10490505 G A 0.016297 0.045702 0.009569 0.026946 0.064457 4.775882 1.82e-06 5.740113 0.937003 0.625939 0 3 2857 +++
rs116258878 T C 0.016291 0.045639 0.009569 0.026883 0.064394 4.769282 1.88e-06 5.725903 0.943569 0.623888 0 3 2859 +++
rs143361634 G A 0.01649 0.045639 0.009569 0.026883 0.064394 4.769282 1.88e-06 5.725903 0.943569 0.623888 0 3 2859 +++
rs115642289 A T 0.01649 0.045639 0.009569 0.026883 0.064394 4.769282 1.88e-06 5.725903 0.943569 0.623888 0 3 2859 +++
rs142400212 T C 0.01649 0.045639 0.009569 0.026883 0.064394 4.769282 1.88e-06 5.725903 0.943569 0.623888 0 3 2859 +++
rs116310227 A T 0.01649 0.045639 0.009569 0.026883 0.064394 4.769282 1.88e-06 5.725903 0.943569 0.623888 0 3 2859 +++
rs114908518 A G 0.01649 0.045639 0.009569 0.026883 0.064394 4.769282 1.88e-06 5.725903 0.943569 0.623888 0 3 2859 +++
rs140137626 A C 0.01649 0.045639 0.009569 0.026883 0.064394 4.769282 1.88e-06 5.725903 0.943569 0.623888 0 3 2859 +++
rs150297152 A G 0.01649 0.045639 0.009569 0.026883 0.064394 4.769282 1.88e-06 5.725903 0.943569 0.623888 0 3 2859 +++
rs150935981 C T 0.01649 0.045639 0.009569 0.026883 0.064394 4.769282 1.88e-06 5.725903 0.943569 0.623888 0 3 2859 +++
rs138779041 T C 0.01649 0.045639 0.009569 0.026883 0.064394 4.769282 1.88e-06 5.725903 0.943569 0.623888 0 3 2859 +++
rs12639128 A G 0.478765 -0.012258 0.002583 -0.017321 -0.007196 -4.745879 2.11e-06 5.675659 2.050989 0.152107 0.51243 2 2685 --?
chr6:105808450:T:C T C 0.407994 0.023636 0.005006 0.013824 0.033448 4.721433 2.38e-06 5.623422 1.259155 0.261811 0.205816 2 673 +?+
rs4615801 A G 0.422378 -0.011775 0.002498 -0.016672 -0.006879 -4.713435 2.48e-06 5.606384 0.92636 0.629279 0 3 2859 ---
rs4684447 G A 0.107828 -0.019601 0.00416 -0.027755 -0.011447 -4.711721 2.5e-06 5.602737 0.002673 0.958765 0 2 2685 --?
rs113820112 C T 0.028396 -0.036 0.007641 -0.050976 -0.021025 -4.711686 2.5e-06 5.602664 1.020129 0.600457 0 3 2859 ---
rs112422902 A G 0.02381 0.039329 0.008366 0.022932 0.055725 4.70123 2.63e-06 5.580439 4.614822 0.099519 0.566614 3 2859 -++
rs11177671 C T 0.225947 -0.013839 0.002945 -0.019611 -0.008068 -4.699741 2.65e-06 5.577277 4.267245 0.118408 0.531314 3 2854 ---
rs7103961 G T 0.198649 -0.028563 0.006171 -0.040659 -0.016468 -4.62849 3.74e-06 5.427093 1.94911 0.162683 0.486945 2 673 -?-
rs116402910 A G 0.01639 0.043982 0.009527 0.025309 0.062656 4.616548 3.96e-06 5.402131 1.12145 0.570795 0 3 2859 +++
rs140405467 C A 0.024808 0.02617 0.005689 0.015019 0.037321 4.599876 4.29e-06 5.367379 1.499052 0.220817 0.332912 2 2685 ++?
rs78912788 C T 0.028739 -0.034798 0.007568 -0.049631 -0.019964 -4.597929 4.33e-06 5.363328 0.850416 0.653634 0 3 2859 ---
rs138365796 T C 0.026002 0.034875 0.007616 0.019948 0.049802 4.579398 4.73e-06 5.324852 1.119007 0.571493 0 3 2859 +++
rs72745790 C A 0.024311 0.035917 0.007888 0.020456 0.051378 4.553201 5.36e-06 5.270704 0.899309 0.637848 0 3 2859 +++
rs1927070 T C 0.195776 -0.02847 0.006258 -0.040736 -0.016204 -4.54914 5.47e-06 5.262334 1.385622 0.239146 0.278302 2 673 -?-
rs4650730 T A 0.380716 0.011676 0.002573 0.006632 0.01672 4.537146 5.79e-06 5.23766 0.37517 0.828959 0 3 2859 +++
rs3806174 C T 0.045208 -0.026228 0.005791 -0.037577 -0.014878 -4.529263 6.01e-06 5.221475 0.672603 0.714408 0 3 2859 ---
rs3806176 C G 0.045109 -0.026231 0.0058 -0.037598 -0.014863 -4.522854 6.19e-06 5.208335 0.672521 0.714437 0 3 2859 ---
rs283808 C A 0.036406 0.030611 0.006771 0.017339 0.043882 4.520772 6.25e-06 5.20407 2.094533 0.350896 0.045133 3 2859 +++
rs283809 G A 0.036406 0.030611 0.006771 0.017339 0.043882 4.520772 6.25e-06 5.20407 2.094533 0.350896 0.045133 3 2859 +++
rs12459810 T C 0.302425 -0.012044 0.002678 -0.017294 -0.006794 -4.496642 7e-06 5.154773 4.415111 0.109969 0.54701 3 2857 --+
rs9818913 C A 0.099426 -0.018364 0.004088 -0.026377 -0.01035 -4.491624 7.17e-06 5.144553 0.357681 0.836239 0 3 2859 ---
rs148542739 A G 0.028362 -0.023241 0.005174 -0.033383 -0.0131 -4.491669 7.17e-06 5.144644 15.177401 0.000506 0.868225 3 2797 +-+
rs61896815 A G 0.083877 -0.019851 0.004421 -0.028517 -0.011186 -4.489966 7.22e-06 5.141177 1.126885 0.569246 0 3 2859 ---
rs10817985 T G 0.219343 -0.01333 0.002972 -0.019156 -0.007505 -4.485202 7.39e-06 5.131488 0.553276 0.758329 0 3 2858 ---
rs76860733 A G 0.019795 -0.039207 0.008756 -0.056368 -0.022047 -4.478026 7.64e-06 5.116909 5.148233 0.076221 0.611517 3 2859 ---
rs151216497 T C 0.018708 0.043523 0.00972 0.024472 0.062575 4.477617 7.65e-06 5.116077 0.000287 0.986482 0 2 2685 ++?
rs73025168 T C 0.022006 -0.03881 0.008672 -0.055807 -0.021813 -4.475289 7.74e-06 5.111353 0.126294 0.938806 0 3 2859 ---
rs1391795 C T 0.13505 -0.032927 0.007365 -0.047362 -0.018492 -4.470795 7.9e-06 5.102238 0.044657 0.832636 0 2 672 -?-
rs9822868 C T 0.099503 -0.018252 0.004086 -0.02626 -0.010245 -4.467531 8.02e-06 5.095624 0.358852 0.83575 0 3 2859 ---
rs9818794 G A 0.099503 -0.018252 0.004086 -0.02626 -0.010245 -4.467531 8.02e-06 5.095624 0.358852 0.83575 0 3 2859 ---
rs7181209 G A 0.013785 -0.051106 0.011439 -0.073527 -0.028685 -4.467574 8.02e-06 5.09571 0.320114 0.571539 0 2 2360 ?--
rs28399664 G C 0.033218 -0.029695 0.006653 -0.042735 -0.016654 -4.463196 8.19e-06 5.086847 0.798725 0.670747 0 3 2859 ---
rs12804457 G A 0.110378 -0.017435 0.00391 -0.025099 -0.009771 -4.45882 8.36e-06 5.077993 0.940244 0.624926 0 3 2859 ---
rs536181114 G T 0.031445 0.0651 0.014602 0.036479 0.093721 4.458169 8.38e-06 5.076678 0.001923 0.965021 0 2 673 +?+
rs77779333 G A 0.057381 0.024394 0.005472 0.013669 0.03512 4.457749 8.4e-06 5.075827 1.929368 0.381104 0 3 2852 +++
rs6616627 A G 0.185596 -0.011073 0.002487 -0.015948 -0.006198 -4.451685 8.64e-06 5.063576 0.766481 0.381308 0 2 2298 ?--
rs146275714 A G 0.034994 -0.028922 0.006499 -0.041661 -0.016183 -4.450024 8.71e-06 5.060222 1.8851 0.389633 0 3 2859 ---
rs73048293 A G 0.352661 -0.011497 0.002587 -0.016567 -0.006427 -4.444889 8.92e-06 5.049863 0.047762 0.976402 0 3 2857 ---
rs710689 T C 0.343893 -0.01147 0.002582 -0.016531 -0.006409 -4.442204 9.03e-06 5.04445 1.919976 0.382898 0 3 2859 ---
rs9823194 G A 0.098416 -0.018222 0.004103 -0.026264 -0.01018 -4.441071 9.07e-06 5.042167 0.35248 0.838417 0 3 2859 ---
