rs_number reference_allele other_allele eaf beta se beta_95L beta_95U z p-value -log10_p-value q_statistic q_p-value i2 n_studies n_samples effects
rs2836000 C T 0.035379 0.07105 0.0135 0.04459 0.097509 5.263077 1.45e-07 6.839548 3.87508 0.144058 0.483882 3 2137 +++
rs17765780 T C 0.020251 0.096082 0.018391 0.060036 0.132128 5.22446 1.78e-07 6.748766 0.048937 0.824924 0 2 2044 ?++
rs2394483 A G 0.032668 0.070015 0.013519 0.043518 0.096512 5.179039 2.28e-07 6.64279 0.419656 0.810724 0 3 2137 +++
rs77345544 T C 0.022852 0.105365 0.021127 0.063956 0.146773 4.987244 6.24e-07 6.204854 1.589148 0.207448 0.370732 2 1645 ++?
rs2312793 T G 0.197594 -0.053552 0.010835 -0.074788 -0.032316 -4.942684 7.85e-07 6.105319 0.382601 0.536214 0 2 1642 --?
rs1930190 T C 0.022728 -0.077324 0.015807 -0.108305 -0.046343 -4.891829 1.02e-06 5.992738 3.018229 0.221106 0.33736 3 2137 ---
rs9395125 T C 0.307325 -0.026449 0.005425 -0.037081 -0.015816 -4.875611 1.1e-06 5.957065 0.128702 0.937676 0 3 2137 ---
rs1148605 T G 0.456566 -0.023748 0.004879 -0.033311 -0.014184 -4.866832 1.15e-06 5.9378 2.479548 0.28945 0.193401 3 2137 ---
rs35259877 C A 0.047783 0.05848 0.012111 0.034742 0.082219 4.828505 1.4e-06 5.85407 1.775205 0.411642 0 3 2137 +++
rs12459135 T C 0.02487 0.079802 0.016549 0.047366 0.112238 4.822221 1.44e-06 5.840402 0.111311 0.945865 0 3 2137 +++
rs115954663 T G 0.02308 -0.075334 0.015745 -0.106194 -0.044474 -4.784655 1.74e-06 5.75903 3.133785 0.208693 0.361794 3 2137 ---
rs79004284 A G 0.02357 -0.074909 0.015663 -0.105608 -0.04421 -4.782694 1.76e-06 5.754799 3.46638 0.17672 0.423029 3 2137 ---
rs5030890 T C 0.031452 0.068709 0.01437 0.040544 0.096873 4.781546 1.77e-06 5.752323 0.152015 0.926809 0 3 2137 +++
rs61869874 A G 0.082792 0.044483 0.00931 0.026235 0.062731 4.777832 1.8e-06 5.744315 2.737302 0.25445 0.269354 3 2137 +++
rs10465785 C G 0.023211 -0.074802 0.015733 -0.105639 -0.043965 -4.754462 2.02e-06 5.69406 2.995858 0.223593 0.332412 3 2137 ---
rs34822233 C T 0.031321 0.068336 0.014385 0.040142 0.09653 4.75065 2.06e-06 5.685883 0.141195 0.931837 0 3 2137 +++
rs12775696 A G 0.031321 0.068336 0.014385 0.040142 0.09653 4.75065 2.06e-06 5.685883 0.141195 0.931837 0 3 2137 +++
rs17471063 G T 0.031321 0.068336 0.014385 0.040142 0.09653 4.75065 2.06e-06 5.685883 0.141195 0.931837 0 3 2137 +++
rs77259497 A G 0.031321 0.068336 0.014385 0.040142 0.09653 4.75065 2.06e-06 5.685883 0.141195 0.931837 0 3 2137 +++
rs11815013 T C 0.031321 0.068336 0.014385 0.040142 0.09653 4.75065 2.06e-06 5.685883 0.141195 0.931837 0 3 2137 +++
rs10509307 T G 0.031321 0.068336 0.014385 0.040142 0.09653 4.75065 2.06e-06 5.685883 0.141195 0.931837 0 3 2137 +++
rs12769086 G A 0.03119 0.068336 0.014385 0.040142 0.09653 4.75065 2.06e-06 5.685883 0.141195 0.931837 0 3 2137 +++
rs10816778 C T 0.473507 0.024086 0.005076 0.014136 0.034036 4.744715 2.12e-06 5.673166 2.790521 0.247769 0.283288 3 2137 +++
rs406514 G A 0.243126 -0.027174 0.005761 -0.038465 -0.015883 -4.71696 2.43e-06 5.61389 3.338942 0.188347 0.401008 3 2137 ---
rs451760 G A 0.243126 -0.027174 0.005761 -0.038465 -0.015883 -4.71696 2.43e-06 5.61389 3.338942 0.188347 0.401008 3 2137 ---
rs7031103 G C 0.473652 0.023943 0.005076 0.013993 0.033892 4.71642 2.44e-06 5.612741 2.732324 0.255084 0.268023 3 2137 +++
rs594974 T A 0.243333 -0.027128 0.005761 -0.038419 -0.015836 -4.708901 2.53e-06 5.59674 3.352206 0.187102 0.403378 3 2137 ---
rs1895388 G C 0.243333 -0.027128 0.005761 -0.038419 -0.015836 -4.708901 2.53e-06 5.59674 3.352206 0.187102 0.403378 3 2137 ---
rs11666563 G C 0.243126 -0.027128 0.005761 -0.038419 -0.015836 -4.708901 2.53e-06 5.59674 3.352206 0.187102 0.403378 3 2137 ---
rs10759333 C T 0.474804 0.023882 0.005082 0.013921 0.033843 4.699322 2.65e-06 5.576389 2.886656 0.236141 0.307157 3 2137 +++
rs73206095 A G 0.021258 0.080067 0.017064 0.046621 0.113513 4.692082 2.75e-06 5.561033 0.570654 0.449999 0 2 2044 ?++
rs112377129 T C 0.029404 0.070704 0.015076 0.041155 0.100254 4.689727 2.78e-06 5.556043 0.249267 0.88282 0 3 2137 +++
rs2287847 T C 0.242327 -0.027004 0.005763 -0.038299 -0.015708 -4.685651 2.84e-06 5.547411 3.393909 0.183241 0.410709 3 2137 ---
rs55794215 T C 0.025185 0.074677 0.015956 0.043404 0.105951 4.680281 2.91e-06 5.53605 0.078953 0.961292 0 3 2137 +++
rs2047440 A G 0.025185 0.074677 0.015956 0.043404 0.105951 4.680281 2.91e-06 5.53605 0.078953 0.961292 0 3 2137 +++
rs10243883 A G 0.120504 0.0355 0.007586 0.020631 0.050369 4.679552 2.92e-06 5.534508 2.60924 0.271276 0.233493 3 2137 +++
rs17555825 G C 0.032291 0.066711 0.014257 0.038767 0.094655 4.679197 2.93e-06 5.533758 0.103114 0.94975 0 3 2137 +++
rs36117979 T C 0.032291 0.066711 0.014257 0.038767 0.094655 4.679197 2.93e-06 5.533758 0.103114 0.94975 0 3 2137 +++
rs9630337 A G 0.020756 0.098023 0.021048 0.056769 0.139277 4.657114 3.26e-06 5.487173 2.022536 0.15498 0.505571 2 2044 ?++
rs17470053 A C 0.025723 0.074115 0.01592 0.042912 0.105318 4.655502 3.28e-06 5.483781 0.093812 0.954177 0 3 2137 +++
rs113645439 T C 0.031891 0.066518 0.014292 0.038506 0.094531 4.654142 3.3e-06 5.480919 0.099842 0.951305 0 3 2137 +++
rs111269237 T C 0.032153 0.066338 0.014277 0.038355 0.094321 4.646451 3.43e-06 5.464753 0.096869 0.95272 0 3 2137 +++
rs35570648 G A 0.032153 0.066338 0.014277 0.038355 0.094321 4.646451 3.43e-06 5.464753 0.096869 0.95272 0 3 2137 +++
rs2894071 C A 0.032153 0.066338 0.014277 0.038355 0.094321 4.646451 3.43e-06 5.464753 0.096869 0.95272 0 3 2137 +++
rs34146994 C T 0.032153 0.066338 0.014277 0.038355 0.094321 4.646451 3.43e-06 5.464753 0.096869 0.95272 0 3 2137 +++
rs2050938 C T 0.032153 0.066338 0.014277 0.038355 0.094321 4.646451 3.43e-06 5.464753 0.096869 0.95272 0 3 2137 +++
rs4628578 G A 0.032153 0.066338 0.014277 0.038355 0.094321 4.646451 3.43e-06 5.464753 0.096869 0.95272 0 3 2137 +++
rs3856814 C T 0.286643 -0.02653 0.005728 -0.037757 -0.015303 -4.631612 3.68e-06 5.433631 3.989547 0.136044 0.49869 3 2137 ---
rs75619489 T A 0.018934 0.105714 0.022836 0.060955 0.150473 4.629253 3.73e-06 5.428692 0.887389 0.346186 0 2 1645 ++?
rs112846072 G A 0.018934 0.105714 0.022836 0.060955 0.150473 4.629253 3.73e-06 5.428692 0.887389 0.346186 0 2 1645 ++?
rs34657772 C T 0.031982 0.065795 0.014248 0.037869 0.093721 4.617804 3.94e-06 5.404753 0.087451 0.957216 0 3 2137 +++
rs77240029 T C 0.031982 0.065795 0.014248 0.037869 0.093721 4.617804 3.94e-06 5.404753 0.087451 0.957216 0 3 2137 +++
rs34785904 G C 0.031982 0.065795 0.014248 0.037869 0.093721 4.617804 3.94e-06 5.404753 0.087451 0.957216 0 3 2137 +++
rs10521302 A G 0.481756 0.022837 0.004954 0.013127 0.032548 4.609737 4.09e-06 5.387919 4.464655 0.107278 0.552037 3 2137 +++
rs76412325 C T 0.029251 0.072884 0.01584 0.041836 0.103931 4.601127 4.27e-06 5.369982 4.481988 0.106353 0.553769 3 2137 +++
rs2863072 G A 0.385156 -0.023224 0.005048 -0.033118 -0.013329 -4.600531 4.28e-06 5.368741 6.825313 0.032954 0.706973 3 2137 +--
rs11773951 A G 0.306176 0.031508 0.00686 0.018064 0.044953 4.593385 4.43e-06 5.35388 3.410636 0.064777 0.7068 2 1645 ++?
rs77057854 T C 0.028942 0.072944 0.015881 0.041817 0.104071 4.593134 4.43e-06 5.353358 4.411471 0.110169 0.546636 3 2137 +++
rs1890692 T C 0.193019 0.028517 0.006227 0.016313 0.040721 4.579925 4.72e-06 5.325943 0.679647 0.711896 0 3 2137 +++
rs74992726 A G 0.028721 0.072725 0.015893 0.041576 0.103875 4.576031 4.81e-06 5.317877 4.468451 0.107075 0.552418 3 2137 +++
rs17224277 A G 0.022503 0.08496 0.018566 0.04857 0.12135 4.576027 4.81e-06 5.317868 0.660635 0.416336 0 2 2044 ?++
rs76960744 T C 0.037815 0.078201 0.017128 0.04463 0.111772 4.565612 5.05e-06 5.296321 0.61763 0.43193 0 2 1645 ++?
rs61367754 A C 0.186325 0.031487 0.006901 0.017961 0.045013 4.562634 5.13e-06 5.290167 7.392002 0.024823 0.729437 3 2137 +++
rs10796175 T C 0.258951 -0.026876 0.005895 -0.03843 -0.015322 -4.559245 5.21e-06 5.28317 2.102737 0.349459 0.048859 3 2137 ---
rs744366 A G 0.03083 0.082409 0.01809 0.046952 0.117865 4.555489 5.3e-06 5.275422 0.000634 0.979911 0 2 1645 ++?
rs6463413 A G 0.37764 0.02399 0.005269 0.013664 0.034316 4.553436 5.36e-06 5.271188 4.997656 0.082181 0.599812 3 2137 +++
rs77621308 A T 0.029032 0.072164 0.015858 0.041081 0.103247 4.550503 5.43e-06 5.265143 4.668186 0.096898 0.571568 3 2137 +++
rs142870138 A G 0.025085 0.072095 0.01587 0.04099 0.1032 4.542911 5.63e-06 5.249512 0.198832 0.655666 0 2 2044 ?++
rs113034350 C A 0.012407 0.101975 0.02249 0.057894 0.146055 4.534203 5.87e-06 5.231614 1.042985 0.307128 0.041214 2 2044 ?++
rs28617357 A T 0.13247 0.043368 0.009573 0.024606 0.062131 4.530412 5.97e-06 5.223833 0.525651 0.468441 0 2 1645 ++?
rs10229458 C T 0.12014 0.034401 0.007598 0.019509 0.049294 4.527594 6.05e-06 5.218051 2.423492 0.297677 0.174745 3 2137 +++
rs6980455 C T 0.377786 0.023839 0.005269 0.013513 0.034166 4.524859 6.13e-06 5.212444 4.928062 0.085091 0.594161 3 2137 +++
rs11813199 C A 0.03119 0.064975 0.014364 0.036822 0.093128 4.523534 6.17e-06 5.209728 0.106705 0.948046 0 3 2137 +++
rs11817579 T C 0.03119 0.064975 0.014364 0.036822 0.093128 4.523534 6.17e-06 5.209728 0.106705 0.948046 0 3 2137 +++
rs11817988 T C 0.03119 0.064975 0.014364 0.036822 0.093128 4.523534 6.17e-06 5.209728 0.106705 0.948046 0 3 2137 +++
rs66946349 G C 0.03119 0.064975 0.014364 0.036822 0.093128 4.523534 6.17e-06 5.209728 0.106705 0.948046 0 3 2137 +++
rs66859037 A G 0.03119 0.064975 0.014364 0.036822 0.093128 4.523534 6.17e-06 5.209728 0.106705 0.948046 0 3 2137 +++
rs5942584 C T 0.158818 -0.047837 0.010575 -0.068564 -0.027109 -4.523422 6.17e-06 5.209499 0.022938 0.879617 0 2 1642 --?
rs181721 C T 0.314967 -0.025285 0.005591 -0.036243 -0.014327 -4.522598 6.2e-06 5.207809 4.247045 0.11961 0.529084 3 2137 ---
rs10490991 A G 0.022007 -0.077398 0.01712 -0.110953 -0.043843 -4.520948 6.25e-06 5.20443 1.249649 0.535355 0 3 2137 ---
rs12783555 A G 0.080762 0.042957 0.009503 0.024331 0.061583 4.520399 6.26e-06 5.203307 1.159927 0.559919 0 3 2137 +++
rs4731717 T C 0.03659 0.070802 0.015668 0.040093 0.101512 4.518869 6.31e-06 5.200174 0.815455 0.366512 0 2 1645 ++?
rs17470673 G A 0.032821 0.063888 0.01414 0.036174 0.091602 4.518345 6.32e-06 5.199101 0.075115 0.963139 0 3 2137 +++
rs35086750 A T 0.032821 0.063888 0.01414 0.036174 0.091602 4.518345 6.32e-06 5.199101 0.075115 0.963139 0 3 2137 +++
rs73051305 G A 0.192203 0.030054 0.006652 0.017016 0.043092 4.518059 6.33e-06 5.198514 6.353471 0.041722 0.685211 3 2137 +++
rs12782516 A G 0.033213 0.063824 0.014129 0.036131 0.091518 4.517109 6.36e-06 5.196571 0.075004 0.963193 0 3 2137 +++
rs28727575 A G 0.038868 0.05588 0.012377 0.031622 0.080138 4.514986 6.42e-06 5.192227 1.601177 0.449065 0 3 2137 +++
rs3803250 G A 0.156239 0.033157 0.007347 0.018756 0.047557 4.512891 6.49e-06 5.187942 1.735229 0.419952 0 3 2137 +++
rs77315923 G A 0.015535 0.125895 0.027908 0.071196 0.180594 4.511145 6.54e-06 5.184374 3.123332 0.077179 0.679829 2 1645 ++?
rs10170794 C A 0.217157 0.027654 0.006132 0.015635 0.039672 4.509916 6.58e-06 5.181861 1.733312 0.420355 0 3 2137 +++
rs140457315 A C 0.012867 0.138276 0.03066 0.078182 0.198369 4.50999 6.58e-06 5.182014 1.976031 0.159809 0.493935 2 2044 ?++
rs34441078 A G 0.082963 0.042177 0.009354 0.023844 0.06051 4.509204 6.6e-06 5.180407 2.115067 0.347311 0.054403 3 2137 +++
rs61869906 A G 0.082026 0.042409 0.009411 0.023963 0.060856 4.506144 6.7e-06 5.174157 2.064623 0.356183 0.0313 3 2137 +++
rs11090099 G A 0.231445 -0.02635 0.00585 -0.037817 -0.014883 -4.503976 6.77e-06 5.169732 1.054169 0.590323 0 3 2137 ---
rs35162257 G A 0.291798 -0.024747 0.005495 -0.035518 -0.013977 -4.50348 6.78e-06 5.168719 2.863609 0.238877 0.301581 3 2137 ---
rs2957766 G A 0.145487 0.032094 0.007131 0.018117 0.046072 4.500455 6.88e-06 5.162548 0.956733 0.619795 0 3 2137 +++
rs2224382 A C 0.442476 -0.022814 0.005071 -0.032754 -0.012874 -4.498427 6.94e-06 5.158412 0.53363 0.765815 0 3 2136 ---
rs11929513 A G 0.193954 0.029854 0.006637 0.016846 0.042861 4.498268 6.95e-06 5.158089 7.246691 0.026693 0.724012 3 2137 +++
rs35879464 A G 0.024698 0.071802 0.015975 0.040492 0.103113 4.494709 7.07e-06 5.150834 0.376937 0.828226 0 3 2137 +++
rs72801513 G A 0.024698 0.071802 0.015975 0.040492 0.103113 4.494709 7.07e-06 5.150834 0.376937 0.828226 0 3 2137 +++
rs223737 T A 0.157969 -0.047742 0.010623 -0.068564 -0.026921 -4.494233 7.08e-06 5.149866 0.021326 0.883893 0 2 1642 --?
rs7801107 T C 0.362813 0.023509 0.005232 0.013254 0.033764 4.493027 7.12e-06 5.14741 2.601385 0.272343 0.231179 3 2137 +++
rs12767134 A C 0.031932 0.064442 0.014357 0.036302 0.092582 4.488472 7.28e-06 5.138137 0.074026 0.963664 0 3 2137 +++
rs17471610 G C 0.03167 0.064442 0.014357 0.036302 0.092582 4.488472 7.28e-06 5.138137 0.074026 0.963664 0 3 2137 +++
rs34707685 T C 0.031801 0.064442 0.014357 0.036302 0.092582 4.488472 7.28e-06 5.138137 0.074026 0.963664 0 3 2137 +++
rs12783453 C T 0.031801 0.064442 0.014357 0.036302 0.092582 4.488472 7.28e-06 5.138137 0.074026 0.963664 0 3 2137 +++
rs72803503 C A 0.031801 0.064442 0.014357 0.036302 0.092582 4.488472 7.28e-06 5.138137 0.074026 0.963664 0 3 2137 +++
rs12778685 C T 0.031801 0.064442 0.014357 0.036302 0.092582 4.488472 7.28e-06 5.138137 0.074026 0.963664 0 3 2137 +++
rs7907661 A G 0.031801 0.064442 0.014357 0.036302 0.092582 4.488472 7.28e-06 5.138137 0.074026 0.963664 0 3 2137 +++
rs12766376 T C 0.031801 0.064442 0.014357 0.036302 0.092582 4.488472 7.28e-06 5.138137 0.074026 0.963664 0 3 2137 +++
rs1149754 A G 0.416511 -0.026856 0.005985 -0.038587 -0.015125 -4.487 7.33e-06 5.135144 0.33007 0.565618 0 2 1645 --?
rs12456687 T C 0.079795 0.045285 0.010097 0.025496 0.065074 4.485218 7.39e-06 5.13152 3.389015 0.065632 0.704929 2 1645 ++?
rs73049697 A G 0.191337 0.029864 0.006661 0.016807 0.04292 4.483121 7.46e-06 5.127256 6.266544 0.043575 0.680845 3 2137 +++
rs72801587 G A 0.032552 0.062488 0.013953 0.03514 0.089836 4.478504 7.62e-06 5.117878 0.077872 0.961812 0 3 2137 +++
rs5942585 G T 0.158441 -0.047524 0.010617 -0.068334 -0.026715 -4.476193 7.71e-06 5.113186 0.017633 0.894359 0 2 1642 --?
rs11796079 G A 0.158441 -0.047524 0.010617 -0.068334 -0.026715 -4.476193 7.71e-06 5.113186 0.017633 0.894359 0 2 1642 --?
rs5942588 T C 0.158441 -0.047524 0.010617 -0.068334 -0.026715 -4.476193 7.71e-06 5.113186 0.017633 0.894359 0 2 1642 --?
rs55990525 A G 0.029529 0.063908 0.014293 0.035895 0.091922 4.471387 7.88e-06 5.10344 0.542064 0.762592 0 3 2137 +++
rs2534414 T A 0.158252 -0.047452 0.010623 -0.068273 -0.026631 -4.466929 8.05e-06 5.094405 0.016506 0.897772 0 2 1642 --?
rs12389659 A G 0.158252 -0.047452 0.010623 -0.068273 -0.026631 -4.466929 8.05e-06 5.094405 0.016506 0.897772 0 2 1642 --?
rs5942597 T C 0.158252 -0.047452 0.010623 -0.068273 -0.026631 -4.466929 8.05e-06 5.094405 0.016506 0.897772 0 2 1642 --?
rs5985246 T G 0.158252 -0.047452 0.010623 -0.068273 -0.026631 -4.466929 8.05e-06 5.094405 0.016506 0.897772 0 2 1642 --?
rs5985248 T G 0.158252 -0.047452 0.010623 -0.068273 -0.026631 -4.466929 8.05e-06 5.094405 0.016506 0.897772 0 2 1642 --?
rs11797326 A T 0.158629 -0.047397 0.010617 -0.068206 -0.026587 -4.464193 8.15e-06 5.088865 0.015645 0.90046 0 2 1642 --?
rs9317430 G A 0.017157 0.081902 0.01835 0.045937 0.117868 4.463413 8.18e-06 5.087285 1.78786 0.181187 0.440672 2 2044 ?++
rs9843410 T C 0.035873 0.057144 0.012803 0.032049 0.082238 4.463205 8.19e-06 5.086865 3.317876 0.190341 0.397205 3 2137 +++
rs11044813 C G 0.053485 0.063172 0.014158 0.035423 0.090922 4.462028 8.23e-06 5.084483 0.389478 0.532574 0 2 1645 ++?
rs62442232 G A 0.03264 0.065293 0.014664 0.036551 0.094034 4.452602 8.6e-06 5.065427 4.366392 0.112681 0.541956 3 2137 +++
rs79814344 A T 0.013891 0.081653 0.018366 0.045656 0.117649 4.445967 8.87e-06 5.052036 11.357836 0.003417 0.82391 3 2137 -++
rs33954727 C G 0.159329 -0.038132 0.008578 -0.054945 -0.021318 -4.445185 8.9e-06 5.050459 0.918483 0.337873 0 2 1645 --?
rs12484975 A G 0.230937 -0.026011 0.005852 -0.03748 -0.014541 -4.444985 8.91e-06 5.050057 1.136269 0.566581 0 3 2137 ---
rs2710657 T C 0.416697 0.022125 0.004979 0.012367 0.031884 4.443916 8.96e-06 5.047901 4.332922 0.114582 0.538418 3 2137 +++
rs117492745 G A 0.032182 0.072716 0.01637 0.040632 0.104801 4.442117 9.03e-06 5.044275 0.970187 0.61564 0 3 2119 +++
rs62442231 C A 0.032502 0.065187 0.014675 0.036423 0.09395 4.441945 9.04e-06 5.043929 4.348615 0.113687 0.540083 3 2137 +++
rs34354966 A T 0.018402 0.095256 0.021468 0.053178 0.137334 4.437014 9.25e-06 5.033998 3.167167 0.075133 0.68426 2 2044 ?++
rs2540518 T C 0.027055 0.079923 0.018017 0.044609 0.115237 4.435909 9.29e-06 5.031773 4.450124 0.034899 0.775287 2 1645 ++?
rs62443963 A T 0.029901 0.068822 0.015518 0.038406 0.099238 4.434926 9.34e-06 5.029795 3.459352 0.177342 0.421857 3 2137 +++
rs61869866 G A 0.08917 0.039854 0.008987 0.02224 0.057469 4.434618 9.35e-06 5.029174 1.594208 0.450632 0 3 2137 +++
rs7103520 C G 0.384753 -0.027871 0.006285 -0.04019 -0.015552 -4.434421 9.36e-06 5.028778 0.438765 0.507719 0 2 1645 --?
rs2555074 T C 0.416842 0.022078 0.004979 0.012319 0.031838 4.434228 9.37e-06 5.02839 4.344874 0.1139 0.539687 3 2137 +++
rs17553484 C T 0.083403 0.041432 0.00935 0.023106 0.059758 4.431159 9.5e-06 5.022217 2.377002 0.304678 0.158604 3 2137 +++
rs12154733 C T 0.055452 0.062123 0.014032 0.03462 0.089625 4.42729 9.67e-06 5.014442 2.480717 0.11525 0.596891 2 1645 ++?
rs16983782 A G 0.408697 0.022289 0.005039 0.012412 0.032165 4.423232 9.86e-06 5.006291 4.282304 0.117519 0.532962 3 2137 +++
rs78629647 G A 0.047187 0.051181 0.011579 0.028487 0.073875 4.420259 9.99e-06 5.000326 1.277868 0.527855 0 3 2137 +++
rs77629278 G A 0.047187 0.051181 0.011579 0.028487 0.073875 4.420259 9.99e-06 5.000326 1.277868 0.527855 0 3 2137 +++
