rs_number reference_allele other_allele eaf beta se beta_95L beta_95U z p-value -log10_p-value q_statistic q_p-value i2 n_studies n_samples effects
rs75627662 T C 0.27477 -0.115886 0.017716 -0.150609 -0.081163 -6.541436 6.3e-11 10.200459 9.353493 0.002226 0.893088 2 3713 -+
rs7259620 A G 0.369222 0.10086 0.016351 0.068811 0.132909 6.168256 7.12e-10 9.147791 0.004003 0.949551 0 2 3714 ++
chr19:44909976:G:T T G 0.055515 0.211238 0.035227 0.142193 0.280283 5.996483 2.07e-09 8.683118 1.658825 0.197762 0.397164 2 3714 ++
rs7412 T C 0.054395 0.207902 0.035514 0.138295 0.277509 5.854109 4.93e-09 8.307449 0.772998 0.379291 0 2 3709 ++
rs1081105 C A 0.057883 -0.18959 0.03359 -0.255427 -0.123754 -5.644235 1.7e-08 7.769313 1.865113 0.172036 0.46384 2 3714 --
rs112019714 C T 0.058567 -0.189212 0.033553 -0.254977 -0.123447 -5.639128 1.75e-08 7.756451 2.070187 0.150203 0.516952 2 3714 --
rs115881343 T C 0.056645 -0.192177 0.034208 -0.259226 -0.125129 -5.617844 1.98e-08 7.702962 1.843691 0.174519 0.45761 2 3698 --
rs141622900 A G 0.038539 0.232706 0.0419 0.150583 0.31483 5.553901 2.86e-08 7.543418 0.040045 0.841392 0 2 3714 ++
rs59325138 T C 0.330214 0.094366 0.017151 0.060749 0.127982 5.50202 3.84e-08 7.415241 0.108963 0.741328 0 2 3714 ++
rs114536010 T C 0.052835 -0.192894 0.035277 -0.262036 -0.123752 -5.468047 4.66e-08 7.33192 1.735664 0.187689 0.423852 2 3709 --
rs112849259 T C 0.053148 -0.188886 0.035014 -0.257514 -0.120258 -5.394511 7.03e-08 7.15324 1.597186 0.206302 0.373899 2 3713 --
rs79398853 T C 0.053044 -0.189718 0.035191 -0.258693 -0.120743 -5.391033 7.16e-08 7.144845 1.783544 0.181715 0.439319 2 3711 --
rs75687619 T G 0.053236 -0.187623 0.034981 -0.256187 -0.119059 -5.36349 8.35e-08 7.078547 1.568297 0.210454 0.362366 2 3714 --
rs116881820 C T 0.053609 -0.186624 0.035073 -0.255367 -0.117881 -5.321026 1.05e-07 6.976958 1.643114 0.199899 0.3914 2 3714 --
rs77301115 A G 0.053005 -0.185768 0.035078 -0.254521 -0.117016 -5.29589 1.21e-07 6.917182 1.527616 0.216471 0.345385 2 3714 --
rs12041781 A G 0.081399 -0.152367 0.029295 -0.209785 -0.094948 -5.2011 2.02e-07 6.694154 1.835894 0.175433 0.455306 2 3714 --
rs150966173 T C 0.055768 -0.178387 0.034825 -0.246643 -0.11013 -5.122384 3.08e-07 6.511818 1.521584 0.21738 0.34279 2 3682 --
rs8106922 G A 0.330589 0.087467 0.017205 0.053745 0.12119 5.083748 3.77e-07 6.423276 0.162 0.687322 0 2 3714 ++
rs140480140 A G 0.058065 -0.170829 0.033849 -0.237173 -0.104485 -5.046792 4.58e-07 6.339168 1.916962 0.166192 0.478341 2 3714 --
rs188535946 A G 0.054481 -0.172275 0.034232 -0.23937 -0.10518 -5.032548 4.93e-07 6.306905 0.982769 0.321516 0 2 3714 --
rs17581281 T C 0.198233 0.098957 0.019889 0.059974 0.137941 4.975348 6.63e-07 6.178199 0.004659 0.945582 0 2 3711 ++
rs13380060 T C 0.194818 0.099116 0.020025 0.059868 0.138365 4.949691 7.57e-07 6.120914 0.135469 0.712828 0 2 3714 ++
rs28568521 G C 0.196245 0.096106 0.019924 0.057055 0.135158 4.823614 1.43e-06 5.843429 0.021498 0.88343 0 2 3714 ++
rs2238681 T C 0.331856 0.082946 0.017212 0.04921 0.116682 4.819013 1.47e-06 5.833429 0.254419 0.613981 0 2 3714 ++
rs58476307 A G 0.074819 -0.132327 0.027525 -0.186276 -0.078378 -4.807513 1.55e-06 5.808474 4.961427 0.025919 0.798445 2 3714 --
rs58757653 G C 0.074454 -0.131665 0.027578 -0.185717 -0.077613 -4.774361 1.83e-06 5.736837 5.149442 0.023254 0.805804 2 3714 --
rs9647276 A C 0.437901 0.074926 0.015925 0.043714 0.106139 4.705041 2.58e-06 5.588534 1.830524 0.176066 0.453708 2 3713 ++
rs1305062 C G 0.338224 0.079432 0.016953 0.046205 0.112659 4.685507 2.84e-06 5.547105 1.081284 0.298411 0.075174 2 3714 ++
rs34878901 T C 0.342446 0.078418 0.01684 0.045411 0.111425 4.65657 3.27e-06 5.486029 1.163415 0.280758 0.140462 2 3714 ++
rs7214232 A G 0.320829 -0.079615 0.017139 -0.113208 -0.046022 -4.645122 3.45e-06 5.461962 0.551214 0.457822 0 2 3703 --
rs12079178 C T 0.10764 -0.117094 0.025453 -0.166982 -0.067206 -4.600425 4.28e-06 5.368522 0.000402 0.983996 0 2 3714 --
rs12126233 A G 0.107268 -0.116709 0.025512 -0.166713 -0.066705 -4.574607 4.84e-06 5.314927 0.007609 0.93049 0 2 3714 --
rs3790619 G T 0.423374 -0.072969 0.015969 -0.104268 -0.04167 -4.569459 4.96e-06 5.304274 0.794111 0.37286 0 2 3714 --
rs9662941 A G 0.186192 -0.093813 0.020732 -0.134448 -0.053177 -4.524935 6.13e-06 5.212599 0.353724 0.552013 0 2 3707 --
rs140671929 T C 0.030014 -0.208372 0.046104 -0.298737 -0.118008 -4.519579 6.29e-06 5.201627 1.529955 0.216119 0.346386 2 3714 --
rs72839826 G C 0.322558 -0.077126 0.017073 -0.110589 -0.043664 -4.517512 6.35e-06 5.197396 0.771158 0.379859 0 2 3714 --
rs2008185 T A 0.323593 -0.076961 0.017065 -0.110409 -0.043513 -4.509805 6.58e-06 5.181634 0.476136 0.490178 0 2 3714 --
rs73232783 A C 0.080242 -0.132926 0.029603 -0.190947 -0.074904 -4.490269 7.21e-06 5.141794 1.532889 0.215679 0.347637 2 3714 -+
rs60798442 A G 0.187144 -0.092651 0.020699 -0.13322 -0.052082 -4.476182 7.71e-06 5.113165 0.339917 0.559877 0 2 3714 --
rs6674724 T A 0.187291 -0.092417 0.020694 -0.132977 -0.051857 -4.465904 8.08e-06 5.092329 0.337177 0.561464 0 2 3714 --
rs715707 A G 0.071378 -0.224346 0.050605 -0.323531 -0.125161 -4.433297 9.41e-06 5.026518 0.382641 0.536193 0 2 979 --
