rs_number reference_allele other_allele eaf beta se beta_95L beta_95U z p-value -log10_p-value q_statistic q_p-value i2 n_studies n_samples effects
rs10742692 A G 0.465879 -0.268484 0.053237 -0.372828 -0.164141 -5.043232 4.67e-07 6.331097 0.435535 0.509285 0 2 2136 --?
rs10742693 T C 0.465879 -0.268484 0.053237 -0.372828 -0.164141 -5.043232 4.67e-07 6.331097 0.435535 0.509285 0 2 2136 --?
rs28716248 A G 0.292552 -0.287011 0.058545 -0.40176 -0.172263 -4.902384 9.64e-07 6.016015 0.019396 0.889236 0 2 2136 --?
rs25452 A G 0.218255 -0.310905 0.063425 -0.435218 -0.186592 -4.901917 9.66e-07 6.014984 0.741282 0.389251 0 2 2136 --?
rs2185752 C T 0.204352 0.253181 0.052022 0.151217 0.355145 4.866768 1.15e-06 5.937658 0.688015 0.708924 0 3 2656 +++
rs11879304 A G 0.423091 0.266374 0.054754 0.159056 0.373692 4.864914 1.17e-06 5.933594 0.705276 0.401017 0 2 2136 ++?
rs1553171 A G 0.203731 0.252901 0.052027 0.150927 0.354875 4.860918 1.19e-06 5.924839 0.688604 0.708715 0 3 2656 +++
rs10850838 T C 0.411504 -0.20454 0.042079 -0.287015 -0.122064 -4.86079 1.19e-06 5.924559 0.586594 0.745801 0 3 2656 ---
rs6569757 T C 0.183242 0.258125 0.053416 0.153429 0.36282 4.832351 1.37e-06 5.862444 0.177555 0.915049 0 3 2656 +++
rs28489386 G A 0.101539 -0.32049 0.066429 -0.450691 -0.190289 -4.824533 1.43e-06 5.845429 0.545037 0.761459 0 3 2656 ---
rs11754841 C T 0.130349 -0.398029 0.083002 -0.560713 -0.235344 -4.795387 1.65e-06 5.782216 0.645211 0.42183 0 2 2136 --?
rs7765331 C T 0.183242 0.254766 0.053443 0.150018 0.359513 4.767071 1.9e-06 5.721147 0.218241 0.896622 0 3 2656 +++
rs7971698 A T 0.043029 -0.620964 0.130253 -0.87626 -0.365667 -4.767357 1.9e-06 5.72176 0.573255 0.448968 0 2 2136 --?
rs4946420 C A 0.207922 0.246873 0.051823 0.145301 0.348446 4.763815 1.93e-06 5.714145 0.461013 0.794131 0 3 2656 +++
rs56352730 C G 0.027284 -0.83757 0.176132 -1.182788 -0.492353 -4.755369 2.01e-06 5.696006 0.891778 0.640255 0 3 2604 ---
rs2066353 C A 0.212224 0.244916 0.051652 0.143677 0.346154 4.74163 2.15e-06 5.666562 0.322606 0.851034 0 3 2656 +++
rs115647696 A G 0.101403 -0.305027 0.064516 -0.431479 -0.178575 -4.727916 2.31e-06 5.63725 0.18317 0.912484 0 3 2656 ---
rs16997644 A G 0.101556 -0.305027 0.064516 -0.431479 -0.178575 -4.727916 2.31e-06 5.63725 0.18317 0.912484 0 3 2656 ---
rs6923080 T C 0.2027 0.246811 0.052282 0.144337 0.349284 4.720715 2.39e-06 5.621891 0.267421 0.874843 0 3 2656 +++
rs13334562 T C 0.186681 0.329937 0.069898 0.192938 0.466936 4.720293 2.39e-06 5.620992 0.103216 0.748004 0 2 2136 ++?
rs10129805 T C 0.322376 0.26823 0.056856 0.156792 0.379668 4.717696 2.42e-06 5.615458 1.493269 0.22171 0.330328 2 2136 ++?
rs9878159 T C 0.352087 -0.267291 0.056661 -0.378346 -0.156235 -4.717363 2.43e-06 5.61475 0.080543 0.776563 0 2 2136 --?
rs9882482 A G 0.352087 -0.267291 0.056661 -0.378346 -0.156235 -4.717363 2.43e-06 5.61475 0.080543 0.776563 0 2 2136 --?
rs1979703 T C 0.351896 -0.267203 0.056676 -0.378289 -0.156117 -4.714531 2.46e-06 5.608719 0.080168 0.77707 0 2 2136 --?
rs747260 A G 0.19391 0.321998 0.068474 0.187789 0.456208 4.702479 2.61e-06 5.583092 0.003534 0.952594 0 2 2136 ++?
rs111339848 T A 0.099995 -0.301546 0.064313 -0.4276 -0.175492 -4.688698 2.79e-06 5.553863 0.492417 0.781759 0 3 2656 ---
rs8120085 T C 0.141451 -0.265503 0.056718 -0.37667 -0.154336 -4.681121 2.9e-06 5.537826 0.769822 0.680511 0 3 2656 ---
rs10903995 T C 0.241033 -0.288255 0.061753 -0.409291 -0.167218 -4.667835 3.09e-06 5.509764 1.148678 0.283826 0.129434 2 2136 --?
rs6710723 C T 0.054859 0.478948 0.103313 0.276454 0.681441 4.63589 3.61e-06 5.442593 1.57156 0.455764 0 3 2656 +++
rs80299373 T C 0.012444 -0.847592 0.182872 -1.206021 -0.489163 -4.634888 3.63e-06 5.440494 0.683333 0.710585 0 3 2656 ---
rs11220765 C A 0.19857 -0.229019 0.049523 -0.326085 -0.131953 -4.624447 3.81e-06 5.418637 3.275538 0.194413 0.389413 3 2656 ---
rs9387652 T C 0.206879 0.239701 0.051905 0.137968 0.341434 4.618119 3.93e-06 5.405412 0.204237 0.902922 0 3 2656 +++
rs904574 G A 0.210832 0.238663 0.051743 0.137247 0.340078 4.612503 4.04e-06 5.393688 0.102204 0.950182 0 3 2656 +++
rs113173727 T C 0.134897 -0.264154 0.057413 -0.376683 -0.151624 -4.600944 4.27e-06 5.369602 0.846658 0.654863 0 3 2656 ---
rs66714711 G C 0.180632 0.246889 0.053712 0.141613 0.352164 4.59653 4.36e-06 5.360417 0.269348 0.874001 0 3 2656 +++
rs8086491 C T 0.034309 0.501915 0.109544 0.287209 0.71662 4.581875 4.68e-06 5.329986 1.528055 0.465787 0 3 2656 +++
rs7348023 A G 0.136103 -0.261571 0.05725 -0.373781 -0.149362 -4.568944 4.97e-06 5.303208 0.759502 0.684032 0 3 2656 ---
rs62138101 A G 0.014072 1.14193 0.252888 0.646269 1.637592 4.515549 6.41e-06 5.193379 0.045616 0.830875 0 2 2136 ++?
rs7206406 A C 0.206479 0.304767 0.067543 0.172383 0.437152 4.512183 6.51e-06 5.186495 0.282993 0.594746 0 2 2136 ++?
rs28469663 G C 0.062666 0.463847 0.102901 0.262161 0.665533 4.507703 6.65e-06 5.17734 0.000215 0.988291 0 2 2136 ++?
rs2318444 A C 0.210955 0.303132 0.067288 0.171248 0.435017 4.504997 6.73e-06 5.171816 0.293846 0.587767 0 2 2136 ++?
rs1112369 C T 0.20737 0.233281 0.051788 0.131776 0.334786 4.504508 6.75e-06 5.170817 0.602076 0.74005 0 3 2656 +++
rs1353864 A C 0.207216 0.233281 0.051788 0.131776 0.334786 4.504508 6.75e-06 5.170817 0.602076 0.74005 0 3 2656 +++
rs4945640 C G 0.20737 0.233281 0.051788 0.131776 0.334786 4.504508 6.75e-06 5.170817 0.602076 0.74005 0 3 2656 +++
rs13336788 G A 0.215422 0.297973 0.066201 0.168219 0.427727 4.501035 6.86e-06 5.16373 0.017786 0.893905 0 2 2136 ++?
rs12486232 G A 0.248376 -0.220893 0.049102 -0.317134 -0.124653 -4.498644 6.94e-06 5.158855 0.218607 0.896458 0 3 2656 ---
rs12496138 A T 0.248376 -0.220893 0.049102 -0.317134 -0.124653 -4.498644 6.94e-06 5.158855 0.218607 0.896458 0 3 2656 ---
rs62138099 T A 0.013901 1.138721 0.253168 0.642512 1.63493 4.497889 6.96e-06 5.157315 0.042868 0.835974 0 2 2136 ++?
rs438318 T C 0.195018 0.230253 0.051307 0.129691 0.330816 4.487724 7.3e-06 5.136616 4.560395 0.102264 0.561441 3 2656 -++
rs72836244 A G 0.059157 -0.396499 0.088539 -0.570035 -0.222962 -4.478237 7.63e-06 5.117335 0.215885 0.897679 0 3 2656 ---
rs7740310 T C 0.209273 0.231703 0.051755 0.130263 0.333144 4.476895 7.68e-06 5.114612 0.555911 0.757331 0 3 2656 +++
rs112299161 C G 0.022592 0.805752 0.179979 0.452992 1.158512 4.476912 7.68e-06 5.114646 1.223423 0.26869 0.182621 2 2136 ++?
rs742079 T C 0.52111 0.182608 0.04082 0.1026 0.262615 4.473475 7.8e-06 5.107672 0.751073 0.686921 0 3 2655 +++
rs9385073 A G 0.207063 0.2316 0.0518 0.130073 0.333128 4.471082 7.89e-06 5.10282 0.57352 0.750692 0 3 2656 +++
rs6918211 C G 0.207063 0.2316 0.0518 0.130073 0.333128 4.471082 7.89e-06 5.10282 0.57352 0.750692 0 3 2656 +++
rs1318271 A G 0.212579 0.230147 0.051623 0.128965 0.331328 4.458198 8.38e-06 5.076736 0.427462 0.807565 0 3 2656 +++
rs13331328 A G 0.198481 0.302057 0.067822 0.169125 0.434989 4.453642 8.56e-06 5.067527 0.004803 0.944746 0 2 2136 ++?
rs72836240 G A 0.059294 -0.392979 0.088294 -0.566036 -0.219923 -4.450795 8.67e-06 5.061779 0.197081 0.906159 0 3 2656 ---
rs72836241 G A 0.059294 -0.392979 0.088294 -0.566036 -0.219923 -4.450795 8.67e-06 5.061779 0.197081 0.906159 0 3 2656 ---
rs72836243 T C 0.059294 -0.392979 0.088294 -0.566036 -0.219923 -4.450795 8.67e-06 5.061779 0.197081 0.906159 0 3 2656 ---
rs72836246 C T 0.059294 -0.392979 0.088294 -0.566036 -0.219923 -4.450795 8.67e-06 5.061779 0.197081 0.906159 0 3 2656 ---
rs72836248 G A 0.059294 -0.392979 0.088294 -0.566036 -0.219923 -4.450795 8.67e-06 5.061779 0.197081 0.906159 0 3 2656 ---
rs72836249 G C 0.059294 -0.392979 0.088294 -0.566036 -0.219923 -4.450795 8.67e-06 5.061779 0.197081 0.906159 0 3 2656 ---
rs72836251 A C 0.059294 -0.392979 0.088294 -0.566036 -0.219923 -4.450795 8.67e-06 5.061779 0.197081 0.906159 0 3 2656 ---
rs12492697 A C 0.24784 -0.218435 0.049116 -0.314702 -0.122168 -4.447341 8.81e-06 5.054808 0.174811 0.916306 0 3 2656 ---
rs80314031 G C 0.05428 -0.382805 0.086237 -0.551829 -0.213781 -4.439003 9.16e-06 5.038001 0.843515 0.655893 0 3 2656 ---
rs10852285 C G 0.425374 0.236449 0.05332 0.131942 0.340956 4.434549 9.35e-06 5.029036 1.075091 0.299798 0.069846 2 2136 ++?
rs6788109 A G 0.248258 -0.215087 0.04854 -0.310225 -0.119949 -4.431156 9.5e-06 5.02221 0.39538 0.820624 0 3 2653 ---
rs79156617 T G 0.05948 -0.386721 0.08731 -0.557849 -0.215593 -4.429266 9.58e-06 5.018412 0.187201 0.910646 0 3 2656 ---
