rs_number reference_allele other_allele eaf beta se beta_95L beta_95U z p-value -log10_p-value q_statistic q_p-value i2 n_studies n_samples effects
rs10119 A G 0.419908 -0.196788 0.019296 -0.234609 -0.158967 -10.198221 2.16e-24 23.664603 13.334864 0.001272 0.850017 3 3242 ---
rs75627662 T C 0.293101 -0.189819 0.020909 -0.230801 -0.148837 -9.078228 1.17e-19 18.931524 24.782537 4.15e-06 0.919298 3 3242 ---
rs34095326 A G 0.197768 -0.214878 0.024005 -0.261928 -0.167828 -8.951326 3.72e-19 18.429248 4.320436 0.1153 0.537084 3 3242 ---
rs429358 C T 0.241108 -0.321065 0.035973 -0.391572 -0.250559 -8.925214 4.71e-19 18.326755 2.981637 0.084214 0.664614 2 722 -?-
rs12721051 G C 0.271504 -0.290048 0.034441 -0.357553 -0.222544 -8.421545 3.92e-17 16.407063 4.585556 0.032243 0.781924 2 725 -?-
rs4420638 G A 0.270843 -0.289254 0.034519 -0.356911 -0.221598 -8.379652 5.59e-17 16.252293 4.740605 0.029459 0.789056 2 722 -?-
rs56131196 A G 0.269162 -0.289301 0.034717 -0.357346 -0.221255 -8.333061 8.3e-17 16.081053 4.571873 0.032501 0.781271 2 722 -?-
rs10414043 A G 0.201826 -0.319226 0.039155 -0.39597 -0.242481 -8.15279 3.74e-16 15.427243 5.69582 0.017005 0.824433 2 725 -?-
rs7256200 T G 0.201826 -0.319226 0.039155 -0.39597 -0.242481 -8.15279 3.74e-16 15.427243 5.69582 0.017005 0.824433 2 725 -?-
rs769449 A G 0.198452 -0.314801 0.039279 -0.391788 -0.237814 -8.014458 1.16e-15 14.934982 5.533517 0.018656 0.819283 2 725 -?-
rs6857 T C 0.260404 -0.275625 0.034966 -0.344158 -0.207092 -7.882726 3.36e-15 14.473823 3.119502 0.07736 0.679436 2 725 -?-
rs7412 T C 0.047662 0.326087 0.043173 0.241469 0.410705 7.553114 4.44e-14 13.352477 3.450371 0.17814 0.420352 3 3236 +++
rs73052335 C A 0.211339 -0.290341 0.03855 -0.365899 -0.214784 -7.531575 5.24e-14 13.28082 4.274024 0.038699 0.766028 2 725 -?-
chr19:44909976:G:T T G 0.047909 0.31275 0.043285 0.227912 0.397587 7.225445 5.2e-13 12.283776 3.675511 0.159174 0.455858 3 3242 +++
rs12721046 A G 0.228462 -0.268908 0.037282 -0.34198 -0.195837 -7.212914 5.7e-13 12.243816 6.283856 0.012184 0.840862 2 725 -?-
rs66626994 A G 0.227754 -0.269781 0.037529 -0.343337 -0.196225 -7.188672 6.81e-13 12.1667 6.505208 0.010756 0.846277 2 725 -?-
rs111789331 A T 0.228462 -0.26884 0.037427 -0.342196 -0.195484 -7.183129 7.09e-13 12.149102 6.329319 0.011876 0.842005 2 725 -?-
chr19:44893408:G:T T G 0.282889 -0.242097 0.03412 -0.308972 -0.175221 -7.095374 1.34e-12 11.872257 8.218053 0.004148 0.878317 2 725 -?-
rs184017 G T 0.292341 -0.229062 0.034046 -0.295792 -0.162332 -6.728003 1.78e-11 10.748928 7.661033 0.005643 0.869469 2 725 -?-
rs283815 G A 0.291895 -0.229538 0.034204 -0.296577 -0.162499 -6.710952 2e-11 10.698185 7.701859 0.005516 0.870161 2 721 -?-
rs157581 C T 0.29305 -0.227366 0.034091 -0.294184 -0.160549 -6.669478 2.66e-11 10.575281 7.38051 0.006593 0.864508 2 725 -?-
rs157582 T C 0.29305 -0.227366 0.034091 -0.294184 -0.160549 -6.669478 2.66e-11 10.575281 7.38051 0.006593 0.864508 2 725 -?-
rs365653 G A 0.098075 0.207027 0.031112 0.146049 0.268006 6.654369 2.95e-11 10.53069 3.778475 0.151187 0.470686 3 3242 +++
rs12972156 G C 0.222818 -0.249003 0.037562 -0.322624 -0.175381 -6.629131 3.5e-11 10.45642 4.605367 0.031872 0.782862 2 725 -?-
rs12972970 A G 0.222818 -0.249003 0.037562 -0.322624 -0.175381 -6.629131 3.5e-11 10.45642 4.605367 0.031872 0.782862 2 725 -?-
rs283811 G A 0.293754 -0.225028 0.033983 -0.291636 -0.158421 -6.621699 3.68e-11 10.434601 7.804598 0.005211 0.87187 2 725 -?-
rs2075650 G A 0.219399 -0.247497 0.037799 -0.321583 -0.173412 -6.547747 6.04e-11 10.218769 4.971019 0.025775 0.798834 2 725 -?-
rs34404554 G C 0.219399 -0.247497 0.037799 -0.321583 -0.173412 -6.547747 6.04e-11 10.218769 4.971019 0.025775 0.798834 2 725 -?-
rs11556505 T C 0.219399 -0.247497 0.037799 -0.321583 -0.173412 -6.547747 6.04e-11 10.218769 4.971019 0.025775 0.798834 2 725 -?-
rs73052307 C T 0.112052 0.18995 0.029236 0.132647 0.247252 6.497119 8.47e-11 10.072353 3.675484 0.159176 0.455854 3 3237 +++
rs157594 T G 0.316643 0.152359 0.023579 0.106145 0.198573 6.46172 1.07e-10 9.970627 0.146625 0.701781 0 2 2838 ++?
rs157595 A G 0.316199 0.150962 0.023564 0.104777 0.197147 6.406521 1.54e-10 9.813062 0.168751 0.681224 0 2 2838 ++?
rs71352238 C T 0.222114 -0.240296 0.037824 -0.314431 -0.166161 -6.353025 2.18e-10 9.661593 4.914067 0.026639 0.796503 2 725 -?-
rs440446 C G 0.302948 0.128106 0.02036 0.0882 0.168012 6.292004 3.23e-10 9.490306 2.398662 0.301396 0.166202 3 3242 +++
rs484195 A G 0.316901 0.147382 0.023564 0.101196 0.193568 6.254503 4.11e-10 9.385821 0.170968 0.679253 0 2 2838 ++?
rs34342646 A G 0.225588 -0.234531 0.037624 -0.308273 -0.160788 -6.233568 4.7e-10 9.327754 5.386724 0.020291 0.814358 2 725 -?-
rs141622900 A G 0.032123 0.336701 0.054195 0.230478 0.442923 6.212756 5.37e-10 9.27021 1.732254 0.420577 0 3 3242 +++
rs3925681 A G 0.337273 0.140815 0.022979 0.095776 0.185855 6.127931 9.17e-10 9.03758 1.406 0.235722 0.288762 2 2838 ++?
rs11668327 C G 0.13993 0.161746 0.026747 0.109321 0.21417 6.047174 1.52e-09 8.818943 1.201918 0.548286 0 3 3242 +++
rs7259620 A G 0.35174 0.117881 0.019744 0.079182 0.156579 5.970409 2.43e-09 8.613675 13.897904 0.00096 0.856093 3 3242 ++-
rs1038026 G A 0.354519 0.116384 0.019716 0.077741 0.155026 5.903112 3.67e-09 8.435779 13.346899 0.001264 0.850152 3 3242 ++-
rs584007 A G 0.301487 0.14047 0.023868 0.093688 0.187252 5.885215 4.09e-09 8.388792 0.144424 0.703922 0 2 2836 ++?
rs1038025 C T 0.35413 0.115761 0.019706 0.077137 0.154386 5.874359 4.36e-09 8.360355 13.193372 0.001365 0.848409 3 3242 ++-
rs760136 G A 0.354053 0.115596 0.019716 0.076953 0.154239 5.863165 4.67e-09 8.331088 13.159439 0.001388 0.848018 3 3242 ++-
rs741780 C T 0.354053 0.115596 0.019716 0.076953 0.154239 5.863165 4.67e-09 8.331088 13.159439 0.001388 0.848018 3 3242 ++-
rs3826688 T C 0.302285 0.139019 0.023782 0.092406 0.185632 5.845534 5.19e-09 8.285096 0.220673 0.638527 0 2 2838 ++?
rs1160985 T C 0.354053 0.115034 0.019706 0.07641 0.153658 5.837444 5.44e-09 8.264036 13.021773 0.001487 0.846411 3 3242 ++-
rs11668861 T G 0.426252 0.110499 0.019111 0.073042 0.147956 5.782078 7.57e-09 8.120655 1.586821 0.4523 0 3 3242 +++
rs5117 C T 0.300656 -0.196596 0.034019 -0.263272 -0.129919 -5.779058 7.71e-09 8.112871 17.061978 3.62e-05 0.94139 2 725 -?-
rs483082 T G 0.302068 -0.194934 0.03398 -0.261535 -0.128332 -5.736638 9.91e-09 8.003948 17.623094 2.69e-05 0.943256 2 725 -?-
rs449647 T A 0.142145 0.154733 0.027016 0.101781 0.207685 5.727412 1.05e-08 7.980359 0.756209 0.685159 0 3 3242 +++
rs438811 T C 0.300696 -0.192372 0.034068 -0.259145 -0.125598 -5.646677 1.68e-08 7.775467 17.039317 3.66e-05 0.941312 2 725 -?-
rs78959900 A G 0.27065 0.135792 0.02445 0.08787 0.183715 5.553847 2.86e-08 7.543284 2.997099 0.083414 0.666344 2 2829 ++?
rs12721056 T G 0.272143 0.135908 0.024525 0.08784 0.183977 5.541675 3.07e-08 7.51311 2.333052 0.126653 0.571377 2 2838 ++?
rs4803772 T C 0.267532 0.134517 0.024688 0.086129 0.182905 5.448716 5.19e-08 7.284728 2.346862 0.125535 0.573899 2 2838 ++?
rs157580 G A 0.362193 0.168485 0.031122 0.107485 0.229484 5.41363 6.32e-08 7.199475 1.424895 0.232599 0.298194 2 724 +?+
rs6859 A G 0.452996 -0.167855 0.031039 -0.228691 -0.107019 -5.407888 6.52e-08 7.185573 0.370082 0.542959 0 2 724 -?-
rs190712692 A G 0.030623 0.346836 0.066416 0.21666 0.477011 5.222158 1.81e-07 6.743375 1.519404 0.21771 0.341847 2 2838 ++?
rs146275714 A G 0.036997 -0.252828 0.049163 -0.349188 -0.156469 -5.142643 2.76e-07 6.558496 0.332307 0.846916 0 3 3242 ---
rs117392392 A G 0.019878 -0.392069 0.076625 -0.542254 -0.241883 -5.116696 3.17e-07 6.498744 0.261732 0.608932 0 2 2837 --?
rs406315 G A 0.414836 -0.098932 0.019427 -0.137008 -0.060856 -5.092618 3.6e-07 6.443548 3.428858 0.180067 0.416715 3 3242 ---
rs3852861 T G 0.386262 0.098202 0.019292 0.06039 0.136014 5.090345 3.64e-07 6.438349 1.346211 0.510122 0 3 3242 +++
rs12691088 A G 0.038055 -0.247601 0.048653 -0.34296 -0.152241 -5.089137 3.67e-07 6.435588 0.00817 0.995923 0 3 3242 ---
rs3852860 T C 0.386181 0.097758 0.019303 0.059925 0.135591 5.064507 4.17e-07 6.379414 1.230906 0.540396 0 3 3242 +++
rs12975850 A G 0.034118 0.255848 0.05087 0.156142 0.355553 5.029438 5.01e-07 6.299873 0.137627 0.933501 0 3 3240 +++
rs12984907 C G 0.03611 0.246767 0.049511 0.149726 0.343809 4.984089 6.34e-07 6.19778 0.335247 0.845672 0 3 3242 +++
rs147711004 A G 0.058444 -0.197732 0.039906 -0.275949 -0.119516 -4.954915 7.37e-07 6.132557 1.134866 0.566979 0 3 3242 ---
rs77745380 T G 0.034529 0.249649 0.050512 0.150645 0.348652 4.942365 7.86e-07 6.104608 0.368912 0.831557 0 3 3242 +++
rs35415579 A C 0.034529 0.249649 0.050512 0.150645 0.348652 4.942365 7.86e-07 6.104608 0.368912 0.831557 0 3 3242 +++
rs41290120 A G 0.030356 0.265267 0.053747 0.159922 0.370612 4.935428 8.14e-07 6.089189 5.124893 0.077116 0.609748 3 3241 +++
rs115813687 C G 0.034405 0.249272 0.05059 0.150115 0.34843 4.927263 8.49e-07 6.071066 0.36324 0.833918 0 3 3242 +++
rs12980827 C T 0.034405 0.249272 0.05059 0.150115 0.34843 4.927263 8.49e-07 6.071066 0.36324 0.833918 0 3 3242 +++
rs12975571 A T 0.034405 0.249272 0.05059 0.150115 0.34843 4.927263 8.49e-07 6.071066 0.36324 0.833918 0 3 3242 +++
rs35689937 T C 0.034405 0.249272 0.05059 0.150115 0.34843 4.927263 8.49e-07 6.071066 0.36324 0.833918 0 3 3242 +++
rs76992045 A G 0.034405 0.249272 0.05059 0.150115 0.34843 4.927263 8.49e-07 6.071066 0.36324 0.833918 0 3 3242 +++
rs148717946 A G 0.034405 0.249272 0.05059 0.150115 0.34843 4.927263 8.49e-07 6.071066 0.36324 0.833918 0 3 3242 +++
rs34673356 T C 0.034405 0.249272 0.05059 0.150115 0.34843 4.927263 8.49e-07 6.071066 0.36324 0.833918 0 3 3242 +++
rs35561188 T G 0.034405 0.249272 0.05059 0.150115 0.34843 4.927263 8.49e-07 6.071066 0.36324 0.833918 0 3 3242 +++
rs150580790 A G 0.034405 0.249272 0.05059 0.150115 0.34843 4.927263 8.49e-07 6.071066 0.36324 0.833918 0 3 3242 +++
rs12978034 A G 0.034405 0.249272 0.05059 0.150115 0.34843 4.927263 8.49e-07 6.071066 0.36324 0.833918 0 3 3242 +++
rs35542116 C T 0.033963 0.250458 0.050941 0.150615 0.350302 4.916667 8.96e-07 6.047589 0.385654 0.824625 0 3 3241 +++
rs140199261 C G 0.035958 0.244206 0.049689 0.146815 0.341597 4.914655 9.05e-07 6.043136 0.384352 0.825162 0 3 3242 +++
rs13084875 C T 0.272843 0.168782 0.034436 0.101288 0.236277 4.901359 9.69e-07 6.013754 0.017491 0.894783 0 2 725 +?+
rs137963801 G A 0.017765 0.649101 0.132571 0.389262 0.908939 4.896262 9.94e-07 6.00251 4.699439 0.030172 0.787209 2 614 +?+
rs146816323 A G 0.017765 0.649101 0.132571 0.389262 0.908939 4.896262 9.94e-07 6.00251 4.699439 0.030172 0.787209 2 614 +?+
rs12981357 T A 0.034254 0.24665 0.050782 0.147117 0.346182 4.857042 1.21e-06 5.916354 0.413008 0.813423 0 3 3242 +++
rs12983114 T C 0.029639 0.261696 0.054149 0.155564 0.367827 4.832917 1.37e-06 5.863678 0.742937 0.689721 0 3 3242 +++
rs35753968 C T 0.029756 0.261696 0.054149 0.155564 0.367827 4.832917 1.37e-06 5.863678 0.742937 0.689721 0 3 3242 +++
rs148603134 T C 0.034529 0.243858 0.050517 0.144844 0.342871 4.827247 1.41e-06 5.851333 0.280897 0.868969 0 3 3242 +++
rs71355982 C T 0.033984 0.245365 0.051005 0.145396 0.345334 4.810651 1.53e-06 5.815277 0.633466 0.728525 0 3 3242 +++
rs75113102 G A 0.033984 0.245365 0.051005 0.145396 0.345334 4.810651 1.53e-06 5.815277 0.633466 0.728525 0 3 3242 +++
rs199946960 A G 0.033984 0.245365 0.051005 0.145396 0.345334 4.810651 1.53e-06 5.815277 0.633466 0.728525 0 3 3242 +++
rs71355995 G C 0.033984 0.245365 0.051005 0.145396 0.345334 4.810651 1.53e-06 5.815277 0.633466 0.728525 0 3 3242 +++
rs116521452 A G 0.029756 0.259949 0.054052 0.154008 0.365891 4.809258 1.54e-06 5.812255 0.707839 0.701932 0 3 3242 +++
rs189860751 T C 0.034225 0.244344 0.05084 0.144698 0.34399 4.806156 1.56e-06 5.805531 0.610393 0.736979 0 3 3242 +++
rs28399637 A G 0.363971 -0.09603 0.020005 -0.13524 -0.05682 -4.80024 1.61e-06 5.792717 0.15719 0.924414 0 3 3238 ---
rs112019714 C T 0.060172 -0.195186 0.040671 -0.274901 -0.115472 -4.799192 1.62e-06 5.790449 2.191257 0.334329 0.087282 3 3242 ---
rs1160983 A G 0.019626 0.324739 0.067692 0.192063 0.457416 4.797294 1.64e-06 5.786342 12.619968 0.001818 0.841521 3 3242 -++
rs1081105 C A 0.061251 -0.193729 0.040403 -0.27292 -0.114539 -4.79489 1.66e-06 5.781143 2.234094 0.327245 0.104783 3 3242 ---
rs7256686 C T 0.029756 0.258957 0.054057 0.153006 0.364909 4.790478 1.69e-06 5.771605 0.689115 0.708534 0 3 3242 +++
rs35148768 T G 0.029756 0.258957 0.054057 0.153006 0.364909 4.790478 1.69e-06 5.771605 0.689115 0.708534 0 3 3242 +++
rs78247803 G A 0.034101 0.243883 0.05092 0.14408 0.343686 4.78955 1.7e-06 5.7696 0.601808 0.740149 0 3 3242 +++
rs74169639 A G 0.034101 0.243883 0.05092 0.14408 0.343686 4.78955 1.7e-06 5.7696 0.601808 0.740149 0 3 3242 +++
rs116181804 G A 0.034101 0.243883 0.05092 0.14408 0.343686 4.78955 1.7e-06 5.7696 0.601808 0.740149 0 3 3242 +++
rs34861566 C G 0.034101 0.243883 0.05092 0.14408 0.343686 4.78955 1.7e-06 5.7696 0.601808 0.740149 0 3 3242 +++
rs138236136 T C 0.034101 0.243883 0.05092 0.14408 0.343686 4.78955 1.7e-06 5.7696 0.601808 0.740149 0 3 3242 +++
rs12985488 C T 0.034101 0.243883 0.05092 0.14408 0.343686 4.78955 1.7e-06 5.7696 0.601808 0.740149 0 3 3242 +++
rs12985141 C T 0.034101 0.243883 0.05092 0.14408 0.343686 4.78955 1.7e-06 5.7696 0.601808 0.740149 0 3 3242 +++
rs71355985 T G 0.034101 0.243883 0.05092 0.14408 0.343686 4.78955 1.7e-06 5.7696 0.601808 0.740149 0 3 3242 +++
rs74406853 A G 0.034101 0.243883 0.05092 0.14408 0.343686 4.78955 1.7e-06 5.7696 0.601808 0.740149 0 3 3242 +++
rs114846849 T C 0.034101 0.243883 0.05092 0.14408 0.343686 4.78955 1.7e-06 5.7696 0.601808 0.740149 0 3 3242 +++
rs76751667 C T 0.034101 0.243883 0.05092 0.14408 0.343686 4.78955 1.7e-06 5.7696 0.601808 0.740149 0 3 3242 +++
rs7871975 T C 0.141848 -0.211198 0.044111 -0.297656 -0.12474 -4.787845 1.71e-06 5.765917 3.143265 0.076241 0.681859 2 724 -?-
rs116955472 C T 0.033624 0.244854 0.051185 0.14453 0.345177 4.783658 1.75e-06 5.756879 0.438517 0.803114 0 3 3242 +++
rs79739112 A G 0.033624 0.244854 0.051185 0.14453 0.345177 4.783658 1.75e-06 5.756879 0.438517 0.803114 0 3 3242 +++
rs12984783 G A 0.033992 0.243496 0.05099 0.143557 0.343436 4.775411 1.82e-06 5.7391 0.594691 0.742787 0 3 3241 +++
rs35924076 G C 0.033984 0.243167 0.051005 0.143198 0.343136 4.767554 1.9e-06 5.722186 0.588203 0.745201 0 3 3242 +++
rs117696054 G A 0.033984 0.243167 0.051005 0.143198 0.343136 4.767554 1.9e-06 5.722186 0.588203 0.745201 0 3 3242 +++
rs35556864 T C 0.033984 0.243167 0.051005 0.143198 0.343136 4.767554 1.9e-06 5.722186 0.588203 0.745201 0 3 3242 +++
rs59325138 T C 0.321055 0.09691 0.020392 0.056941 0.136878 4.752326 2.04e-06 5.689477 19.287906 6.48e-05 0.896308 3 3242 ++-
rs71355994 T C 0.034342 0.241012 0.050765 0.141514 0.340511 4.747642 2.09e-06 5.679437 0.543756 0.761947 0 3 3242 +++
rs77625918 T C 0.02554 0.281366 0.059268 0.1652 0.397532 4.74734 2.1e-06 5.678789 1.908096 0.385179 0 3 3242 +++
rs12972707 A G 0.030113 0.255627 0.053857 0.150066 0.361187 4.746363 2.11e-06 5.676696 0.627543 0.730686 0 3 3242 +++
rs112692314 C T 0.078877 -0.189666 0.039988 -0.268043 -0.111289 -4.743056 2.14e-06 5.669615 0.05058 0.822057 0 2 2838 --?
rs903196 C T 0.316116 0.156214 0.033021 0.091493 0.220934 4.730797 2.27e-06 5.643401 1.180259 0.277303 0.152728 2 723 +?+
rs35001851 C T 0.031142 0.249615 0.052819 0.146091 0.35314 4.725896 2.33e-06 5.63294 0.292613 0.863893 0 3 3238 +++
rs115881343 T C 0.059706 -0.193092 0.040887 -0.27323 -0.112954 -4.722595 2.37e-06 5.625899 2.267322 0.321853 0.117902 3 3227 ---
rs12981375 G A 0.033473 0.242135 0.051384 0.141422 0.342847 4.712271 2.49e-06 5.603907 0.479107 0.786979 0 3 3242 +++
rs34898135 A G 0.033744 0.240939 0.051163 0.140659 0.341219 4.70921 2.53e-06 5.597396 0.546055 0.761072 0 3 3242 +++
rs283809 G A 0.032519 0.257166 0.054657 0.150039 0.364293 4.705126 2.58e-06 5.588714 5.110355 0.077678 0.608638 3 3242 -++
rs74708523 T G 0.065679 -0.181898 0.038683 -0.257716 -0.106079 -4.702269 2.61e-06 5.582645 2.205622 0.331937 0.093226 3 3242 ---
rs34701636 T C 0.034225 0.238792 0.050845 0.139136 0.338447 4.69648 2.69e-06 5.570357 0.503331 0.777505 0 3 3242 +++
rs6511380 T C 0.031113 0.247778 0.052798 0.144294 0.351262 4.692961 2.74e-06 5.562896 0.400228 0.818638 0 3 3241 +++
rs7252224 A G 0.030557 0.249981 0.053327 0.14546 0.354503 4.6877 2.81e-06 5.551749 0.569457 0.752219 0 3 3236 +++
rs12986388 C T 0.029794 0.252067 0.053785 0.146649 0.357485 4.686601 2.82e-06 5.549422 0.610052 0.737104 0 3 3242 +++
rs13020586 C T 0.270447 -0.09903 0.021157 -0.140497 -0.057562 -4.68073 2.9e-06 5.537 7.706029 0.021216 0.740463 3 3242 ---
rs12985854 G A 0.030516 0.249418 0.053308 0.144935 0.353902 4.678834 2.93e-06 5.532989 0.560094 0.755748 0 3 3241 +++
rs12980058 A G 0.030508 0.249294 0.053308 0.144811 0.353777 4.6765 2.96e-06 5.528057 0.558015 0.756534 0 3 3242 +++
rs71357924 A G 0.030508 0.249294 0.053308 0.144811 0.353777 4.6765 2.96e-06 5.528057 0.558015 0.756534 0 3 3242 +++
rs71357929 G A 0.030508 0.249294 0.053308 0.144811 0.353777 4.6765 2.96e-06 5.528057 0.558015 0.756534 0 3 3242 +++
rs61675871 A G 0.030508 0.249294 0.053308 0.144811 0.353777 4.6765 2.96e-06 5.528057 0.558015 0.756534 0 3 3242 +++
rs34245449 G A 0.030508 0.249294 0.053308 0.144811 0.353777 4.6765 2.96e-06 5.528057 0.558015 0.756534 0 3 3242 +++
rs71357957 G T 0.030508 0.249294 0.053308 0.144811 0.353777 4.6765 2.96e-06 5.528057 0.558015 0.756534 0 3 3242 +++
rs71357958 G C 0.030508 0.249294 0.053308 0.144811 0.353777 4.6765 2.96e-06 5.528057 0.558015 0.756534 0 3 3242 +++
rs7258222 C T 0.030508 0.249294 0.053308 0.144811 0.353777 4.6765 2.96e-06 5.528057 0.558015 0.756534 0 3 3242 +++
rs34419724 T G 0.031258 0.245847 0.052649 0.142655 0.349039 4.669532 3.07e-06 5.513343 0.516532 0.77239 0 3 3242 +++
rs71357922 T C 0.031258 0.245847 0.052649 0.142655 0.349039 4.669532 3.07e-06 5.513343 0.516532 0.77239 0 3 3242 +++
rs16999569 G A 0.031258 0.245847 0.052649 0.142655 0.349039 4.669532 3.07e-06 5.513343 0.516532 0.77239 0 3 3242 +++
rs71357923 G A 0.031258 0.245847 0.052649 0.142655 0.349039 4.669532 3.07e-06 5.513343 0.516532 0.77239 0 3 3242 +++
rs35596322 C G 0.031258 0.245847 0.052649 0.142655 0.349039 4.669532 3.07e-06 5.513343 0.516532 0.77239 0 3 3242 +++
rs12980855 C T 0.031258 0.245847 0.052649 0.142655 0.349039 4.669532 3.07e-06 5.513343 0.516532 0.77239 0 3 3242 +++
rs12980129 G C 0.031258 0.245847 0.052649 0.142655 0.349039 4.669532 3.07e-06 5.513343 0.516532 0.77239 0 3 3242 +++
rs12974891 A G 0.031498 0.244998 0.052466 0.142164 0.347832 4.669632 3.07e-06 5.513555 0.501957 0.778039 0 3 3242 +++
rs34930809 A G 0.031258 0.245847 0.052649 0.142655 0.349039 4.669532 3.07e-06 5.513343 0.516532 0.77239 0 3 3242 +++
rs7343173 C T 0.031258 0.245847 0.052649 0.142655 0.349039 4.669532 3.07e-06 5.513343 0.516532 0.77239 0 3 3242 +++
rs7343174 C T 0.031258 0.245847 0.052649 0.142655 0.349039 4.669532 3.07e-06 5.513343 0.516532 0.77239 0 3 3242 +++
rs34209680 A G 0.031258 0.245847 0.052649 0.142655 0.349039 4.669532 3.07e-06 5.513343 0.516532 0.77239 0 3 3242 +++
rs34540264 A G 0.031258 0.245847 0.052649 0.142655 0.349039 4.669532 3.07e-06 5.513343 0.516532 0.77239 0 3 3242 +++
rs12978992 T A 0.031258 0.245847 0.052649 0.142655 0.349039 4.669532 3.07e-06 5.513343 0.516532 0.77239 0 3 3242 +++
rs75540452 C T 0.031258 0.245847 0.052649 0.142655 0.349039 4.669532 3.07e-06 5.513343 0.516532 0.77239 0 3 3242 +++
rs2216628 C T 0.031258 0.245847 0.052649 0.142655 0.349039 4.669532 3.07e-06 5.513343 0.516532 0.77239 0 3 3242 +++
rs71357927 C T 0.031258 0.245847 0.052649 0.142655 0.349039 4.669532 3.07e-06 5.513343 0.516532 0.77239 0 3 3242 +++
rs36074431 G T 0.031258 0.245847 0.052649 0.142655 0.349039 4.669532 3.07e-06 5.513343 0.516532 0.77239 0 3 3242 +++
rs58398512 T C 0.031258 0.245847 0.052649 0.142655 0.349039 4.669532 3.07e-06 5.513343 0.516532 0.77239 0 3 3242 +++
rs3951788 T C 0.031258 0.245847 0.052649 0.142655 0.349039 4.669532 3.07e-06 5.513343 0.516532 0.77239 0 3 3242 +++
rs34093357 T C 0.031258 0.245847 0.052649 0.142655 0.349039 4.669532 3.07e-06 5.513343 0.516532 0.77239 0 3 3242 +++
rs8106204 G C 0.031258 0.245847 0.052649 0.142655 0.349039 4.669532 3.07e-06 5.513343 0.516532 0.77239 0 3 3242 +++
rs1834949 A G 0.031258 0.245847 0.052649 0.142655 0.349039 4.669532 3.07e-06 5.513343 0.516532 0.77239 0 3 3242 +++
rs1834950 C G 0.031258 0.245847 0.052649 0.142655 0.349039 4.669532 3.07e-06 5.513343 0.516532 0.77239 0 3 3242 +++
rs71357930 T C 0.031258 0.245847 0.052649 0.142655 0.349039 4.669532 3.07e-06 5.513343 0.516532 0.77239 0 3 3242 +++
rs34378744 T C 0.031258 0.245847 0.052649 0.142655 0.349039 4.669532 3.07e-06 5.513343 0.516532 0.77239 0 3 3242 +++
rs6511379 G T 0.031258 0.245847 0.052649 0.142655 0.349039 4.669532 3.07e-06 5.513343 0.516532 0.77239 0 3 3242 +++
rs16999595 A G 0.031258 0.245847 0.052649 0.142655 0.349039 4.669532 3.07e-06 5.513343 0.516532 0.77239 0 3 3242 +++
rs34971025 G A 0.031258 0.245847 0.052649 0.142655 0.349039 4.669532 3.07e-06 5.513343 0.516532 0.77239 0 3 3242 +++
rs34977013 T C 0.031258 0.245847 0.052649 0.142655 0.349039 4.669532 3.07e-06 5.513343 0.516532 0.77239 0 3 3242 +++
rs34509183 G C 0.031258 0.245847 0.052649 0.142655 0.349039 4.669532 3.07e-06 5.513343 0.516532 0.77239 0 3 3242 +++
rs12979245 G C 0.031258 0.245847 0.052649 0.142655 0.349039 4.669532 3.07e-06 5.513343 0.516532 0.77239 0 3 3242 +++
rs35313857 A C 0.031258 0.245847 0.052649 0.142655 0.349039 4.669532 3.07e-06 5.513343 0.516532 0.77239 0 3 3242 +++
rs34611323 A G 0.031258 0.245847 0.052649 0.142655 0.349039 4.669532 3.07e-06 5.513343 0.516532 0.77239 0 3 3242 +++
rs34997927 A G 0.031258 0.245847 0.052649 0.142655 0.349039 4.669532 3.07e-06 5.513343 0.516532 0.77239 0 3 3242 +++
rs12971306 T G 0.031141 0.245847 0.052649 0.142655 0.349039 4.669532 3.07e-06 5.513343 0.516532 0.77239 0 3 3242 +++
rs71357949 C T 0.031258 0.245847 0.052649 0.142655 0.349039 4.669532 3.07e-06 5.513343 0.516532 0.77239 0 3 3242 +++
rs71357950 A G 0.031258 0.245847 0.052649 0.142655 0.349039 4.669532 3.07e-06 5.513343 0.516532 0.77239 0 3 3242 +++
rs79216041 C T 0.031258 0.245847 0.052649 0.142655 0.349039 4.669532 3.07e-06 5.513343 0.516532 0.77239 0 3 3242 +++
rs71357952 T C 0.031258 0.245847 0.052649 0.142655 0.349039 4.669532 3.07e-06 5.513343 0.516532 0.77239 0 3 3242 +++
rs4614859 A G 0.031258 0.245847 0.052649 0.142655 0.349039 4.669532 3.07e-06 5.513343 0.516532 0.77239 0 3 3242 +++
rs34085282 C G 0.031258 0.245847 0.052649 0.142655 0.349039 4.669532 3.07e-06 5.513343 0.516532 0.77239 0 3 3242 +++
rs34856960 A C 0.031258 0.245847 0.052649 0.142655 0.349039 4.669532 3.07e-06 5.513343 0.516532 0.77239 0 3 3242 +++
rs36051846 A G 0.031258 0.245847 0.052649 0.142655 0.349039 4.669532 3.07e-06 5.513343 0.516532 0.77239 0 3 3242 +++
rs34627660 C T 0.031258 0.245847 0.052649 0.142655 0.349039 4.669532 3.07e-06 5.513343 0.516532 0.77239 0 3 3242 +++
rs36024314 C G 0.031258 0.245847 0.052649 0.142655 0.349039 4.669532 3.07e-06 5.513343 0.516532 0.77239 0 3 3242 +++
rs12983303 T C 0.031258 0.245847 0.052649 0.142655 0.349039 4.669532 3.07e-06 5.513343 0.516532 0.77239 0 3 3242 +++
rs71357953 G C 0.031258 0.245847 0.052649 0.142655 0.349039 4.669532 3.07e-06 5.513343 0.516532 0.77239 0 3 3242 +++
rs71357954 T C 0.031258 0.245847 0.052649 0.142655 0.349039 4.669532 3.07e-06 5.513343 0.516532 0.77239 0 3 3242 +++
rs12978602 C G 0.031258 0.245847 0.052649 0.142655 0.349039 4.669532 3.07e-06 5.513343 0.516532 0.77239 0 3 3242 +++
rs12971311 G C 0.031258 0.245847 0.052649 0.142655 0.349039 4.669532 3.07e-06 5.513343 0.516532 0.77239 0 3 3242 +++
rs35540495 C T 0.031258 0.245847 0.052649 0.142655 0.349039 4.669532 3.07e-06 5.513343 0.516532 0.77239 0 3 3242 +++
rs71357955 G A 0.031258 0.245847 0.052649 0.142655 0.349039 4.669532 3.07e-06 5.513343 0.516532 0.77239 0 3 3242 +++
rs8100903 G A 0.031258 0.245847 0.052649 0.142655 0.349039 4.669532 3.07e-06 5.513343 0.516532 0.77239 0 3 3242 +++
rs8101021 G A 0.031258 0.245847 0.052649 0.142655 0.349039 4.669532 3.07e-06 5.513343 0.516532 0.77239 0 3 3242 +++
rs34572128 T A 0.031258 0.245847 0.052649 0.142655 0.349039 4.669532 3.07e-06 5.513343 0.516532 0.77239 0 3 3242 +++
rs16999587 C T 0.031391 0.245451 0.0526 0.142355 0.348547 4.666387 3.11e-06 5.506709 0.509918 0.774948 0 3 3225 +++
rs283808 C A 0.032635 0.254498 0.054562 0.147556 0.36144 4.664373 3.14e-06 5.502464 5.041593 0.080396 0.6033 3 3242 -++
rs118147862 A G 0.027476 0.25827 0.055382 0.14972 0.366819 4.663383 3.16e-06 5.500377 2.934405 0.23057 0.318431 3 3242 +++
rs942875 A G 0.141367 -0.126538 0.027144 -0.179741 -0.073335 -4.661641 3.19e-06 5.496707 1.436159 0.487688 0 3 3242 ---
rs12980083 A G 0.029669 0.250991 0.053881 0.145385 0.356598 4.658252 3.24e-06 5.489569 0.591668 0.743911 0 3 3242 +++
rs150024905 A G 0.0213 0.351227 0.075423 0.203398 0.499056 4.65677 3.26e-06 5.486449 8.7e-05 0.992557 0 2 2838 ++?
rs35568863 A G 0.028495 0.256673 0.055256 0.148372 0.364974 4.645183 3.45e-06 5.462089 0.820125 0.663609 0 3 3242 +++
rs35612542 A G 0.031374 0.244109 0.05256 0.141091 0.347127 4.644355 3.46e-06 5.460351 0.488868 0.783148 0 3 3242 +++
rs41289512 G C 0.068021 -0.173713 0.037424 -0.247064 -0.100361 -4.641696 3.51e-06 5.454769 0.28862 0.865619 0 3 3242 ---
rs34985844 A G 0.263949 -0.09854 0.021237 -0.140165 -0.056915 -4.63997 3.54e-06 5.451149 8.160768 0.016901 0.754925 3 3242 ---
rs8107024 C T 0.031649 0.243085 0.052443 0.140298 0.345873 4.63526 3.62e-06 5.441274 0.546942 0.760734 0 3 3242 +++
rs34325504 T C 0.028782 0.254608 0.054961 0.146884 0.362332 4.632502 3.67e-06 5.435496 0.597518 0.741738 0 3 3241 +++
rs1374518 A G 0.423882 -0.086417 0.018733 -0.123134 -0.049699 -4.612972 4.03e-06 5.394667 0.472659 0.78952 0 3 3242 ---
rs34239709 A G 0.029553 0.24894 0.053977 0.143145 0.354735 4.611961 4.05e-06 5.392557 0.557119 0.756873 0 3 3242 +++
rs34302188 C T 0.029553 0.24894 0.053977 0.143145 0.354735 4.611961 4.05e-06 5.392557 0.557119 0.756873 0 3 3242 +++
rs12973801 C T 0.029553 0.24894 0.053977 0.143145 0.354735 4.611961 4.05e-06 5.392557 0.557119 0.756873 0 3 3242 +++
rs12976049 C G 0.029553 0.24894 0.053977 0.143145 0.354735 4.611961 4.05e-06 5.392557 0.557119 0.756873 0 3 3242 +++
rs406456 G A 0.438455 -0.088856 0.019283 -0.126651 -0.051062 -4.608059 4.13e-06 5.384422 4.483248 0.106286 0.553895 3 3242 ---
rs148933445 A G 0.014587 0.346155 0.075322 0.198523 0.493787 4.595645 4.38e-06 5.358578 4.123726 0.127217 0.515002 3 3242 -++
rs12973782 A G 0.030391 0.243993 0.053406 0.139318 0.348669 4.56867 4.98e-06 5.302643 0.476131 0.788151 0 3 3242 +++
rs9676337 A G 0.030901 0.241706 0.052929 0.137966 0.345446 4.566645 5.03e-06 5.298456 0.455573 0.796294 0 3 3242 +++
rs157590 C A 0.419722 0.100505 0.022049 0.05729 0.143721 4.558324 5.23e-06 5.28127 0.021813 0.882585 0 2 2838 ++?
rs35521938 T C 0.030711 0.243328 0.05342 0.138624 0.348031 4.554983 5.32e-06 5.274377 0.446099 0.800075 0 3 3242 +++
rs4734093 T C 0.426839 -0.085328 0.018748 -0.122074 -0.048582 -4.551285 5.41e-06 5.266755 0.486479 0.784084 0 3 3242 ---
rs12445269 T C 0.414512 -0.086882 0.019097 -0.124313 -0.049452 -4.549524 5.46e-06 5.263126 0.397421 0.819787 0 3 3242 ---
rs116881820 C T 0.057364 -0.188026 0.041367 -0.269105 -0.106947 -4.54533 5.57e-06 5.25449 2.431097 0.296547 0.177326 3 3242 ---
rs118120169 T C 0.02673 0.262242 0.057731 0.149088 0.375395 4.542445 5.64e-06 5.248554 5.068609 0.079317 0.605414 3 3242 -++
rs75929181 C T 0.027905 0.25361 0.055836 0.144172 0.363049 4.542048 5.65e-06 5.247738 0.968173 0.61626 0 3 3238 +++
rs34066773 C G 0.027873 0.253356 0.055841 0.143907 0.362804 4.537087 5.79e-06 5.237539 0.961689 0.618261 0 3 3242 +++
rs2194111 T C 0.031123 0.239802 0.052858 0.1362 0.343403 4.536715 5.8e-06 5.236774 0.603587 0.739491 0 3 3240 +++
rs470782 T C 0.393235 0.087901 0.019395 0.049886 0.125915 4.532132 5.92e-06 5.227362 0.269005 0.874151 0 3 3242 +++
rs12987109 A G 0.262396 -0.096467 0.021286 -0.138188 -0.054746 -4.531848 5.93e-06 5.226778 6.440499 0.039945 0.689465 3 3242 ---
rs75687619 T G 0.05678 -0.188394 0.04157 -0.269871 -0.106918 -4.532022 5.93e-06 5.227137 2.423349 0.297698 0.174696 3 3241 ---
rs79398853 T C 0.05678 -0.18843 0.041594 -0.269954 -0.106906 -4.530215 5.98e-06 5.223428 2.422719 0.297792 0.174481 3 3241 ---
rs58086506 G A 0.089658 0.151007 0.033336 0.085669 0.216345 4.529863 5.99e-06 5.222705 0.245202 0.884617 0 3 3242 +++
rs77565618 T G 0.065706 -0.175029 0.038645 -0.250773 -0.099285 -4.52917 6.01e-06 5.221283 2.49429 0.287324 0.198169 3 3242 ---
rs77301115 A G 0.056541 -0.188015 0.041606 -0.269564 -0.106467 -4.51892 6.31e-06 5.200278 2.437657 0.295576 0.17954 3 3242 ---
rs12977637 G C 0.031669 0.238794 0.052853 0.135202 0.342386 4.518087 6.33e-06 5.198573 0.390708 0.822543 0 3 3242 +++
rs115685970 T C 0.0304 -0.249183 0.055158 -0.357292 -0.141074 -4.517641 6.34e-06 5.197661 6.185493 0.045377 0.676663 3 3242 ---
rs78466931 C G 0.042831 -0.213487 0.047261 -0.306118 -0.120857 -4.517241 6.36e-06 5.196841 7.580338 0.022592 0.73616 3 3242 ---
rs111999275 G A 0.06559 -0.174625 0.038668 -0.250414 -0.098836 -4.516026 6.39e-06 5.194356 2.086233 0.352355 0.041334 3 3242 ---
rs534746682 G C 0.042715 -0.212753 0.047326 -0.305511 -0.119994 -4.495493 7.04e-06 5.152433 7.658115 0.02173 0.738839 3 3242 ---
rs191226949 G A 0.066653 0.170846 0.038012 0.096343 0.245349 4.494576 7.07e-06 5.150564 0.276394 0.870927 0 3 3242 +++
rs114536010 T C 0.056715 -0.186051 0.041594 -0.267576 -0.104527 -4.473024 7.82e-06 5.106758 2.507667 0.285409 0.202446 3 3239 ---
rs34246017 T C 0.07023 0.166358 0.037232 0.093384 0.239333 4.468171 8e-06 5.096922 0.283757 0.867727 0 3 3242 +++
rs115028849 T C 0.010843 0.448862 0.100484 0.251913 0.645811 4.466987 8.04e-06 5.094522 0.00115 0.972945 0 2 2921 ?++
rs144586820 C T 0.010843 0.448862 0.100484 0.251913 0.645811 4.466987 8.04e-06 5.094522 0.00115 0.972945 0 2 2921 ?++
rs11616763 G T 0.010843 0.448862 0.100484 0.251913 0.645811 4.466987 8.04e-06 5.094522 0.00115 0.972945 0 2 2921 ?++
rs76008740 A G 0.010843 0.448862 0.100484 0.251913 0.645811 4.466987 8.04e-06 5.094522 0.00115 0.972945 0 2 2921 ?++
rs11616962 T C 0.010843 0.448862 0.100484 0.251913 0.645811 4.466987 8.04e-06 5.094522 0.00115 0.972945 0 2 2921 ?++
rs11616400 A G 0.010843 0.448862 0.100484 0.251913 0.645811 4.466987 8.04e-06 5.094522 0.00115 0.972945 0 2 2921 ?++
rs62251260 G A 0.230167 -0.101121 0.022656 -0.145527 -0.056714 -4.463253 8.19e-06 5.086962 0.981795 0.612077 0 3 3241 ---
rs7254133 T C 0.357321 -0.100882 0.022611 -0.145199 -0.056565 -4.46172 8.24e-06 5.08386 1.897217 0.16839 0.472912 2 2838 --?
rs546655 C T 0.23602 -0.161417 0.03618 -0.23233 -0.090504 -4.461485 8.25e-06 5.083384 1.737116 0.187505 0.424333 2 725 -?-
rs79026924 A G 0.065229 -0.172125 0.038595 -0.247772 -0.096478 -4.459718 8.32e-06 5.07981 1.493072 0.474006 0 3 3242 ---
rs112849259 T C 0.057066 -0.184864 0.041496 -0.266196 -0.103531 -4.454955 8.51e-06 5.07018 2.524743 0.282982 0.20784 3 3241 ---
rs34484894 T G 0.027598 0.250424 0.05622 0.140234 0.360615 4.454405 8.53e-06 5.06907 0.814381 0.665517 0 3 3242 +++
rs11667640 T C 0.063549 0.168563 0.037848 0.09438 0.242746 4.453634 8.56e-06 5.067513 0.172193 0.917506 0 3 3240 +++
rs9626766 G T 0.065803 -0.170856 0.038375 -0.246071 -0.09564 -4.452246 8.62e-06 5.064709 1.892443 0.388205 0 3 3242 ---
rs1124191 T C 0.275644 -0.094834 0.021322 -0.136626 -0.053043 -4.447668 8.8e-06 5.055468 4.368824 0.112544 0.542211 3 3241 ---
rs146492901 T C 0.015538 -0.376404 0.084755 -0.542523 -0.210284 -4.44109 9.07e-06 5.042205 0.707836 0.400163 0 2 2838 --?
rs7170264 T C 0.413961 -0.083058 0.018704 -0.119717 -0.046399 -4.44073 9.09e-06 5.041481 0.105631 0.948555 0 3 3242 ---
rs118129891 G A 0.06616 -0.170124 0.038317 -0.245225 -0.095024 -4.439964 9.12e-06 5.039937 1.895253 0.38766 0 3 3242 ---
rs17677634 G C 0.065803 -0.170264 0.03837 -0.245469 -0.095059 -4.437442 9.23e-06 5.034858 1.8947 0.387767 0 3 3242 ---
rs9627130 G T 0.065803 -0.170264 0.03837 -0.245469 -0.095059 -4.437442 9.23e-06 5.034858 1.8947 0.387767 0 3 3242 ---
rs9627131 A G 0.065803 -0.170264 0.03837 -0.245469 -0.095059 -4.437442 9.23e-06 5.034858 1.8947 0.387767 0 3 3242 ---
rs1003567 A C 0.065803 -0.170264 0.03837 -0.245469 -0.095059 -4.437442 9.23e-06 5.034858 1.8947 0.387767 0 3 3242 ---
rs9627132 A G 0.065803 -0.170264 0.03837 -0.245469 -0.095059 -4.437442 9.23e-06 5.034858 1.8947 0.387767 0 3 3242 ---
rs142263639 A G 0.028887 0.242309 0.05461 0.135274 0.349344 4.437115 9.24e-06 5.034201 0.672888 0.714306 0 3 3242 +++
rs34984565 A G 0.028887 0.242309 0.05461 0.135274 0.349344 4.437115 9.24e-06 5.034201 0.672888 0.714306 0 3 3242 +++
rs7254892 A G 0.022133 0.287147 0.064715 0.160306 0.413988 4.437127 9.24e-06 5.034224 10.918468 0.004257 0.816824 3 3242 -++
rs4620184 C G 0.364421 0.087467 0.019766 0.048726 0.126208 4.425131 9.77e-06 5.010105 0.283451 0.867859 0 3 3242 +++
