rs_number reference_allele other_allele eaf beta se beta_95L beta_95U z p-value -log10_p-value q_statistic q_p-value i2 n_studies n_samples effects
rs10119 A G 0.344206 -0.133845 0.009757 -0.152968 -0.114721 -13.717731 8.77e-43 42.057108 5.246174 0.021995 0.809385 2 11205 --
rs34095326 A G 0.150028 -0.161235 0.01357 -0.187833 -0.134638 -11.881538 1.61e-32 31.794438 0.579543 0.446492 0 2 11205 -+
rs75627662 T C 0.232615 -0.125493 0.01082 -0.1467 -0.104286 -11.598299 4.56e-31 30.340988 15.513281 8.19e-05 0.935539 2 11941 -+
rs1081105 C A 0.043337 -0.24408 0.022866 -0.288898 -0.199262 -10.674206 1.45e-26 25.83959 0.004972 0.943787 0 2 11942 --
rs112019714 C T 0.044048 -0.232748 0.022627 -0.277096 -0.188399 -10.286387 8.71e-25 24.060112 0.043956 0.833936 0 2 11942 --
rs115881343 T C 0.042718 -0.233785 0.023131 -0.279123 -0.188447 -10.106818 5.52e-24 23.258113 0.000422 0.983616 0 2 11857 --
rs112849259 T C 0.039998 -0.23678 0.023788 -0.283405 -0.190156 -9.953753 2.6e-23 22.585444 0.036419 0.848653 0 2 11938 --
rs79398853 T C 0.039984 -0.237043 0.023836 -0.283762 -0.190324 -9.944694 2.84e-23 22.54595 0.013062 0.909008 0 2 11930 --
rs75687619 T G 0.040066 -0.236393 0.023771 -0.282985 -0.189801 -9.944426 2.85e-23 22.544784 0.038679 0.844086 0 2 11942 --
rs116881820 C T 0.040403 -0.235078 0.023751 -0.281631 -0.188525 -9.897463 4.56e-23 22.340607 0.021868 0.88244 0 2 11942 --
rs77301115 A G 0.039943 -0.235499 0.023803 -0.282153 -0.188844 -9.89359 4.74e-23 22.323812 0.015123 0.902128 0 2 11941 --
rs114536010 T C 0.039851 -0.235876 0.023896 -0.282712 -0.189039 -9.870918 5.95e-23 22.225623 0.065828 0.797511 0 2 11907 --
rs150966173 T C 0.04189 -0.232438 0.023585 -0.278665 -0.186211 -9.855262 6.95e-23 22.157945 0.021742 0.882776 0 2 11841 --
rs140480140 A G 0.044042 -0.223393 0.022751 -0.267984 -0.178801 -9.819119 9.95e-23 22.002113 2.2e-05 0.99626 0 2 11942 --
rs188535946 A G 0.041448 -0.225206 0.023302 -0.270877 -0.179535 -9.664815 4.54e-22 21.343144 0.145573 0.702802 0 2 11942 --
rs7259620 A G 0.407027 0.084115 0.008991 0.066492 0.101738 9.355266 8.87e-21 20.052072 0.126454 0.722137 0 2 11942 ++
rs59325138 T C 0.362168 0.079108 0.009269 0.060942 0.097275 8.535044 1.48e-17 16.830155 1.265593 0.260595 0.209856 2 11942 ++
rs118170342 C T 0.056376 -0.178066 0.02141 -0.220028 -0.136103 -8.317128 9.49e-17 16.022706 0.408528 0.522718 0 2 11228 --
rs4803770 G C 0.343811 0.077219 0.009472 0.058655 0.095784 8.152614 3.74e-16 15.426614 0.022387 0.881061 0 2 11841 ++
rs3925681 A G 0.373814 0.076932 0.009721 0.057878 0.095987 7.91364 2.62e-15 14.581379 0.015038 0.902399 0 2 11228 ++
rs34878901 T C 0.374215 0.072312 0.009182 0.054314 0.090309 7.874971 3.57e-15 14.446907 1.180241 0.277307 0.152715 2 11942 ++
rs769450 A G 0.371985 0.071741 0.009176 0.053756 0.089726 7.818436 5.6e-15 14.251461 1.298262 0.254531 0.229739 2 11942 ++
rs8106922 G A 0.36138 0.071643 0.009284 0.053445 0.08984 7.716414 1.25e-14 13.902221 0.111717 0.738198 0 2 11941 ++
rs1305062 C G 0.369437 0.070911 0.009201 0.052877 0.088946 7.706609 1.35e-14 13.86889 0.361719 0.547553 0 2 11942 ++
rs429358 C T 0.162692 -0.129137 0.016798 -0.162061 -0.096214 -7.687722 1.57e-14 13.804803 0.154611 0.694168 0 2 3088 --
rs147711004 A G 0.042731 -0.17397 0.023267 -0.219572 -0.128367 -7.477232 7.93e-14 13.100907 0.040111 0.841264 0 2 11900 --
rs60049679 C G 0.087461 -0.121126 0.016269 -0.153012 -0.089239 -7.445282 1.01e-13 12.995719 3.422651 0.064308 0.707829 2 11942 --
rs2238681 T C 0.36155 0.068935 0.009311 0.050685 0.087185 7.403574 1.38e-13 12.85906 0.644427 0.422112 0 2 11942 ++
rs12721051 G C 0.187849 -0.116525 0.015959 -0.147804 -0.085246 -7.301604 2.96e-13 12.52808 0.863102 0.352872 0 2 3093 --
rs56131196 A G 0.192947 -0.113741 0.015643 -0.144402 -0.083081 -7.270986 3.72e-13 12.429564 0.028009 0.867087 0 2 3089 --
rs484195 A G 0.339277 0.071923 0.009933 0.052454 0.091392 7.240827 4.65e-13 12.33292 0.971517 0.324302 0 2 11228 ++
rs157594 T G 0.339074 0.070697 0.009945 0.051206 0.090189 7.109152 1.21e-12 11.915505 0.851792 0.356046 0 2 11228 ++
rs4420638 G A 0.193616 -0.11087 0.015617 -0.141479 -0.080261 -7.099403 1.3e-12 11.884894 0.346792 0.555935 0 2 3089 --
rs157595 A G 0.338784 0.07051 0.009945 0.051019 0.090001 7.090314 1.39e-12 11.856394 0.845244 0.357901 0 2 11228 ++
rs41289512 G C 0.050504 -0.151808 0.021427 -0.193805 -0.109811 -7.08493 1.45e-12 11.839526 0.060027 0.806453 0 2 11900 --
rs12721056 T G 0.315432 0.070954 0.010106 0.051147 0.090761 7.021276 2.29e-12 11.64105 0.011639 0.914088 0 2 11228 ++
rs438811 T C 0.296187 -0.099219 0.014156 -0.126964 -0.071474 -7.00916 2.49e-12 11.603468 0.164471 0.685073 0 2 3729 --
rs584007 A G 0.31977 0.069017 0.01011 0.049201 0.088833 6.826381 9.03e-12 11.044103 0.748333 0.387004 0 2 11226 ++
rs3826688 T C 0.320795 0.068299 0.010082 0.048538 0.08806 6.774213 1.3e-11 10.887063 0.56143 0.453685 0 2 11228 ++
rs440446 C G 0.319453 0.064676 0.009604 0.045852 0.0835 6.73422 1.71e-11 10.76746 2.263319 0.13247 0.558171 2 11841 +-
rs78959900 A G 0.312225 0.068293 0.010153 0.048394 0.088192 6.726584 1.8e-11 10.744699 0.30694 0.579564 0 2 11188 ++
rs4803772 T C 0.306431 0.068565 0.010195 0.048584 0.088547 6.725629 1.81e-11 10.741855 0.045101 0.831819 0 2 11228 ++
rs12462573 A G 0.280443 -0.066571 0.010002 -0.086175 -0.046968 -6.655921 2.92e-11 10.535266 0.048683 0.825372 0 2 11942 --
rs56317818 T C 0.28151 -0.066173 0.009993 -0.085758 -0.046587 -6.622185 3.66e-11 10.436028 0.092825 0.760616 0 2 11942 --
rs5117 C T 0.237938 -0.095443 0.014548 -0.123957 -0.066929 -6.560616 5.54e-11 10.256161 0.287545 0.591798 0 2 3093 --
rs3745150 C G 0.36376 0.057692 0.009324 0.039418 0.075967 6.187605 6.3e-10 9.200917 0.032262 0.857453 0 2 11942 ++
rs71352239 T C 0.290842 0.06376 0.01038 0.043415 0.084106 6.142362 8.38e-10 9.076943 0.099045 0.752978 0 2 11228 ++
rs111789331 A T 0.150005 -0.103799 0.017477 -0.138054 -0.069545 -5.939328 2.94e-09 8.531276 0.049489 0.823955 0 2 3093 --
rs6857 T C 0.173793 -0.099747 0.016863 -0.132799 -0.066696 -5.915201 3.41e-09 8.467594 0.601933 0.437841 0 2 3093 --
rs66626994 A G 0.153077 -0.101512 0.017209 -0.135241 -0.067782 -5.898733 3.76e-09 8.424269 0.825251 0.363649 0 2 3093 --
rs10402271 G T 0.33811 -0.056168 0.00953 -0.074847 -0.03749 -5.894018 3.87e-09 8.411886 4.602579 0.031924 0.78273 2 11938 -+
rs10402524 C T 0.337948 -0.055913 0.009522 -0.074576 -0.03725 -5.872133 4.42e-09 8.354531 4.267871 0.03884 0.765691 2 11942 -+
rs4803763 C G 0.279167 -0.058655 0.010044 -0.078341 -0.038969 -5.839848 5.37e-09 8.270292 7.485631 0.006219 0.866411 2 11942 -+
rs2075649 G A 0.355077 0.05521 0.009473 0.036643 0.073776 5.828299 5.75e-09 8.240264 0.180262 0.671148 0 2 11841 ++
rs12721046 A G 0.14857 -0.10202 0.017536 -0.136392 -0.067649 -5.817606 6.13e-09 8.212511 0.044503 0.83292 0 2 3093 --
rs10406338 C T 0.343129 -0.055225 0.009511 -0.073866 -0.036585 -5.806698 6.54e-09 8.184254 5.261163 0.021806 0.809928 2 11942 -+
rs10405693 T C 0.3392 -0.054475 0.009537 -0.073167 -0.035783 -5.712226 1.14e-08 7.941608 6.063859 0.013798 0.835089 2 11934 -+
rs73052335 C A 0.131576 -0.105044 0.018456 -0.141217 -0.068871 -5.6917 1.29e-08 7.889388 0.053216 0.817559 0 2 3093 --
rs73048293 A G 0.318913 -0.055143 0.009696 -0.074147 -0.036138 -5.68715 1.32e-08 7.877836 0.31492 0.574677 0 2 11937 --
rs58132661 T A 0.344647 -0.05355 0.009475 -0.07212 -0.03498 -5.651972 1.63e-08 7.788821 5.549956 0.018481 0.819818 2 11942 -+
rs58826447 A T 0.344647 -0.05355 0.009475 -0.07212 -0.03498 -5.651972 1.63e-08 7.788821 5.549956 0.018481 0.819818 2 11942 -+
rs58446550 A C 0.344647 -0.05355 0.009475 -0.07212 -0.03498 -5.651972 1.63e-08 7.788821 5.549956 0.018481 0.819818 2 11942 -+
rs35396326 G C 0.292488 -0.055869 0.009911 -0.075295 -0.036443 -5.636869 1.78e-08 7.750765 7.341642 0.006738 0.863791 2 11942 -+
rs10412413 T C 0.346108 -0.053043 0.009466 -0.071595 -0.03449 -5.603762 2.15e-08 7.667677 7.255729 0.007068 0.862178 2 11942 -+
rs2972559 G C 0.282919 -0.055957 0.009994 -0.075545 -0.036368 -5.598934 2.21e-08 7.655599 4.870297 0.027323 0.794674 2 11942 -+
rs4803758 T G 0.346086 -0.052957 0.009464 -0.071506 -0.034409 -5.595838 2.25e-08 7.647861 7.243602 0.007115 0.861947 2 11942 -+
rs12459575 A G 0.31869 -0.054173 0.009694 -0.073172 -0.035173 -5.588386 2.35e-08 7.629248 0.34855 0.554935 0 2 11942 --
rs157581 C T 0.283838 -0.078617 0.014315 -0.106674 -0.050561 -5.492084 4.07e-08 7.390822 0.000888 0.976231 0 2 3729 --
rs7256200 T G 0.131436 -0.099981 0.018333 -0.135914 -0.064049 -5.453617 5.05e-08 7.296679 6.422062 0.011271 0.844287 2 3093 -+
rs10414043 A G 0.131599 -0.099904 0.018332 -0.135835 -0.063973 -5.449695 5.16e-08 7.287114 6.481108 0.010903 0.845705 2 3093 -+
rs4803762 A G 0.322918 -0.052598 0.009658 -0.071527 -0.033669 -5.446199 5.27e-08 7.278595 0.284482 0.593779 0 2 11942 --
rs283811 G A 0.272345 -0.077577 0.014251 -0.105508 -0.049646 -5.443748 5.34e-08 7.272626 0.075979 0.782822 0 2 3729 --
rs184017 G T 0.278466 -0.077421 0.014352 -0.105552 -0.049291 -5.394326 7.03e-08 7.152793 0.002663 0.958846 0 2 3729 --
rs2927480 C G 0.315584 -0.052511 0.009743 -0.071607 -0.033414 -5.389447 7.23e-08 7.141017 3.998658 0.045536 0.749916 2 11942 -+
chr19:44893408:G:T T G 0.221125 -0.079317 0.014932 -0.108584 -0.05005 -5.311818 1.11e-07 6.955029 0.664321 0.415039 0 2 3093 --
rs7254133 T C 0.325094 -0.054244 0.010222 -0.074279 -0.034209 -5.306653 1.14e-07 6.942744 13.918292 0.000191 0.928152 2 11228 -+
rs4803761 G A 0.32861 -0.050874 0.009608 -0.069707 -0.032041 -5.294714 1.22e-07 6.914391 0.242266 0.622574 0 2 11942 --
rs11668327 C G 0.150797 0.064047 0.012286 0.039966 0.088129 5.212853 1.9e-07 6.721603 0.309347 0.578081 0 2 11841 ++
chr19:44909976:G:T T G 0.066867 0.088561 0.01726 0.05473 0.122391 5.130858 2.94e-07 6.531321 0.588897 0.442846 0 2 11942 ++
rs17013444 C T 0.086708 -0.080266 0.015722 -0.111081 -0.049452 -5.105463 3.37e-07 6.472962 0.423274 0.515308 0 2 11942 --
rs7359852 C T 0.326426 -0.048744 0.009599 -0.067559 -0.02993 -5.077903 3.89e-07 6.409936 8.867763 0.002903 0.887232 2 11942 -+
rs10410835 T C 0.458224 0.045776 0.009045 0.028048 0.063503 5.061109 4.25e-07 6.371684 4.400331 0.035932 0.772744 2 11841 +-
rs3021439 A G 0.321249 -0.048568 0.009663 -0.067508 -0.029628 -5.025962 5.1e-07 6.292017 12.646513 0.000376 0.920927 2 11942 -+
rs2927468 A G 0.459418 0.045386 0.009047 0.027654 0.063119 5.016627 5.36e-07 6.270944 4.679401 0.030526 0.786297 2 11841 +-
rs7412 T C 0.065789 0.085776 0.017431 0.051612 0.11994 4.921032 8.76e-07 6.057253 0.755037 0.384886 0 2 11932 ++
rs57465754 G C 0.247392 -0.051846 0.010763 -0.072941 -0.030751 -4.817224 1.48e-06 5.829543 0.000273 0.986805 0 2 11841 --
rs141622900 A G 0.045056 0.10019 0.020847 0.05933 0.141049 4.806037 1.57e-06 5.805273 0.225908 0.634575 0 2 11940 ++
rs10034686 A G 0.23092 0.068516 0.014274 0.04054 0.096493 4.800158 1.61e-06 5.792541 1.364179 0.242814 0.266958 2 3828 ++
rs3806179 A C 0.147315 -0.060066 0.012547 -0.084658 -0.035474 -4.78729 1.72e-06 5.76472 0.032631 0.856651 0 2 11942 --
rs190712692 A G 0.044534 0.106755 0.022361 0.062927 0.150583 4.774135 1.84e-06 5.73635 0.312849 0.575937 0 2 11228 ++
rs148851376 T C 0.052961 -0.095022 0.019937 -0.134098 -0.055946 -4.766185 1.91e-06 5.719241 0.999295 0.317481 0 2 11942 --
rs71352238 C T 0.144648 -0.085808 0.018159 -0.121399 -0.050217 -4.725462 2.33e-06 5.632013 0.122119 0.726748 0 2 3093 --
rs2221434 A G 0.167471 0.073227 0.015497 0.042853 0.103601 4.725232 2.34e-06 5.631522 1.302361 0.253782 0.232164 2 3830 ++
rs112329279 T C 0.053677 -0.093047 0.019799 -0.131852 -0.054241 -4.699672 2.65e-06 5.57713 1.253432 0.262898 0.202191 2 11942 --
rs449647 T A 0.169374 0.055819 0.011909 0.032477 0.079161 4.687027 2.82e-06 5.550323 9.277334 0.00232 0.89221 2 11942 +-
rs56160010 A G 0.17919 -0.05483 0.011705 -0.077772 -0.031887 -4.684111 2.86e-06 5.54415 0.717668 0.39691 0 2 11942 --
rs72725900 A T 0.147942 -0.058644 0.012535 -0.083212 -0.034076 -4.67856 2.93e-06 5.532411 0.077599 0.780578 0 2 11942 --
rs143668237 C G 0.052794 -0.093246 0.019941 -0.132331 -0.054162 -4.676089 2.97e-06 5.527189 1.591258 0.207147 0.371566 2 11942 --
rs12972156 G C 0.144515 -0.084262 0.018045 -0.119631 -0.048894 -4.66956 3.07e-06 5.513403 0.11528 0.734211 0 2 3093 --
rs12972970 A G 0.144515 -0.084262 0.018045 -0.119631 -0.048894 -4.66956 3.07e-06 5.513403 0.11528 0.734211 0 2 3093 --
rs34404554 G C 0.146324 -0.083187 0.017899 -0.118269 -0.048106 -4.647717 3.41e-06 5.467413 2.152704 0.142319 0.535468 2 3093 -+
rs637195 G T 0.264028 0.047326 0.010219 0.027297 0.067355 4.631143 3.69e-06 5.432649 0.183166 0.668666 0 2 11841 ++
rs1995626 C T 0.228358 0.066843 0.014482 0.038459 0.095228 4.615661 3.98e-06 5.400278 0.10791 0.742536 0 2 3083 ++
rs6926198 A T 0.186351 0.052689 0.011418 0.03031 0.075069 4.614621 4e-06 5.398108 0.006576 0.935369 0 2 11942 ++
rs11556505 T C 0.147455 -0.081598 0.017829 -0.116543 -0.046654 -4.576772 4.79e-06 5.319411 3.033992 0.081537 0.670401 2 3093 -+
rs77021985 T C 0.049614 -0.093926 0.020569 -0.134241 -0.053611 -4.566445 5.03e-06 5.298042 0.701878 0.402153 0 2 11942 --
rs41334244 G A 0.056318 -0.0885 0.019438 -0.126598 -0.050402 -4.55298 5.37e-06 5.270247 2.806755 0.093868 0.643717 2 11941 --
rs2927437 A G 0.188832 -0.051699 0.011379 -0.074001 -0.029396 -4.543437 5.62e-06 5.250594 0.550925 0.45794 0 2 11942 --
chr19:44954955:G:A A G 0.049575 -0.093527 0.020589 -0.133881 -0.053173 -4.542618 5.64e-06 5.24891 0.537593 0.463432 0 2 11942 --
rs16979588 C T 0.063931 -0.086252 0.018999 -0.123491 -0.049013 -4.539737 5.71e-06 5.242984 1.888725 0.169346 0.470542 2 11841 --
rs73558194 A G 0.064191 -0.086064 0.018962 -0.123229 -0.048899 -4.538784 5.74e-06 5.241025 2.283335 0.13077 0.562044 2 11840 --
rs7257610 A G 0.056529 -0.088141 0.01942 -0.126204 -0.050078 -4.53874 5.74e-06 5.240935 2.421796 0.119658 0.587083 2 11941 --
rs61062133 G C 0.056358 -0.088167 0.019432 -0.126254 -0.05008 -4.537175 5.78e-06 5.237719 2.389815 0.122128 0.581558 2 11942 --
rs73558190 G A 0.063128 -0.086372 0.019052 -0.123714 -0.04903 -4.533508 5.89e-06 5.230187 2.107156 0.146612 0.525427 2 11841 --
rs111869796 T C 0.063003 -0.086342 0.01906 -0.123699 -0.048985 -4.530038 5.98e-06 5.223064 2.03988 0.153222 0.509775 2 11841 --
rs73560223 G A 0.056565 -0.087952 0.019417 -0.12601 -0.049895 -4.529638 5.99e-06 5.222244 2.526819 0.111926 0.604245 2 11942 --
rs17314282 G C 0.453757 -0.042243 0.009329 -0.060529 -0.023958 -4.528013 6.04e-06 5.218909 0.297478 0.585468 0 2 11171 --
rs112417029 T C 0.063003 -0.086264 0.01906 -0.123622 -0.048907 -4.525966 6.1e-06 5.214712 2.034876 0.153727 0.50857 2 11841 --
rs2590395 G A 0.423217 -0.04089 0.009041 -0.05861 -0.02317 -4.522801 6.19e-06 5.208225 1.908046 0.16718 0.475904 2 11942 -+
rs16979600 C A 0.062998 -0.086317 0.019085 -0.123723 -0.048912 -4.522904 6.19e-06 5.208437 2.077622 0.149473 0.51868 2 11826 --
rs16979586 G A 0.056292 -0.087908 0.019452 -0.126033 -0.049783 -4.51929 6.29e-06 5.201036 2.356676 0.124748 0.575673 2 11929 --
rs12613092 A G 0.45258 -0.042206 0.009343 -0.060519 -0.023893 -4.517172 6.36e-06 5.1967 0.474337 0.490999 0 2 11171 --
chr2:83208087:T:C T C 0.453305 -0.042195 0.009344 -0.06051 -0.02388 -4.515485 6.41e-06 5.193249 0.404512 0.524768 0 2 11171 --
rs2075650 G A 0.149383 -0.07985 0.017704 -0.11455 -0.04515 -4.510242 6.57e-06 5.182527 3.596359 0.057906 0.721941 2 3093 -+
rs73558200 T A 0.063044 -0.085893 0.019058 -0.123246 -0.04854 -4.507011 6.67e-06 5.175928 2.010901 0.156173 0.50271 2 11841 --
rs34112623 T C 0.063256 -0.085845 0.019056 -0.123195 -0.048495 -4.50489 6.74e-06 5.171597 2.025573 0.154671 0.506312 2 11841 --
rs57270598 A G 0.063003 -0.085798 0.01906 -0.123155 -0.048441 -4.501488 6.84e-06 5.164655 2.004924 0.156789 0.501228 2 11841 --
rs73558195 A G 0.063044 -0.085737 0.019058 -0.12309 -0.048385 -4.498866 6.93e-06 5.159306 2.000969 0.157199 0.500242 2 11841 --
rs60461903 C T 0.056688 -0.087232 0.019394 -0.125245 -0.049219 -4.49782 6.96e-06 5.157174 2.476403 0.115566 0.596189 2 11942 --
rs17210492 T C 0.275995 -0.045039 0.010018 -0.064675 -0.025403 -4.495668 7.03e-06 5.152788 3.513523 0.06087 0.715385 2 11940 --
rs6737504 A G 0.453361 -0.041968 0.009342 -0.060278 -0.023658 -4.492511 7.14e-06 5.146359 0.395293 0.52953 0 2 11171 --
rs4907883 G C 0.159934 0.039444 0.008806 0.022184 0.056703 4.479153 7.6e-06 5.119196 2.118228 0.145555 0.527907 2 11688 ++
rs17314289 G A 0.452245 -0.04184 0.009345 -0.060157 -0.023524 -4.477309 7.67e-06 5.115452 0.660745 0.416297 0 2 11171 --
rs17314310 C T 0.452245 -0.04184 0.009345 -0.060157 -0.023524 -4.477309 7.67e-06 5.115452 0.660745 0.416297 0 2 11171 --
rs4712277 G T 0.183665 -0.05292 0.011825 -0.076096 -0.029744 -4.475429 7.73e-06 5.111638 1.71124 0.190825 0.415628 2 11841 --
rs12463782 T C 0.455763 -0.042462 0.009492 -0.061067 -0.023858 -4.473357 7.81e-06 5.107434 0.627224 0.428375 0 2 11068 --
rs12612559 T C 0.452218 -0.041759 0.009346 -0.060076 -0.023441 -4.468291 8e-06 5.097165 0.709957 0.399458 0 2 11171 --
rs7422313 A G 0.452436 -0.041753 0.009345 -0.060069 -0.023438 -4.468161 8e-06 5.096901 0.655071 0.418305 0 2 11171 --
rs6757235 T C 0.452245 -0.041752 0.009345 -0.060069 -0.023436 -4.467884 8.01e-06 5.096338 0.656159 0.417919 0 2 11171 --
rs6705105 C A 0.452245 -0.041752 0.009345 -0.060069 -0.023436 -4.467884 8.01e-06 5.096338 0.656159 0.417919 0 2 11171 --
rs6705434 G C 0.452245 -0.041752 0.009345 -0.060069 -0.023436 -4.467884 8.01e-06 5.096338 0.656159 0.417919 0 2 11171 --
rs11689472 A C 0.452364 -0.041713 0.009345 -0.060028 -0.023397 -4.463841 8.16e-06 5.088153 0.652975 0.419051 0 2 11171 --
rs6547461 T A 0.452364 -0.041713 0.009345 -0.060028 -0.023397 -4.463841 8.16e-06 5.088153 0.652975 0.419051 0 2 11171 --
rs62149052 C T 0.452317 -0.041706 0.009345 -0.060022 -0.02339 -4.462876 8.2e-06 5.086198 0.657681 0.41738 0 2 11171 --
rs2850710 G A 0.419267 -0.040357 0.009044 -0.058083 -0.02263 -4.46213 8.23e-06 5.084688 2.335769 0.126433 0.571875 2 11942 -+
rs62149053 A C 0.452291 -0.041647 0.009345 -0.059962 -0.023331 -4.456773 8.44e-06 5.073854 0.649553 0.420273 0 2 11171 --
rs35249779 A G 0.45239 -0.041636 0.009344 -0.059949 -0.023322 -4.45596 8.47e-06 5.072212 0.623971 0.429575 0 2 11171 --
rs7587655 T A 0.45239 -0.041636 0.009344 -0.059949 -0.023322 -4.45596 8.47e-06 5.072212 0.623971 0.429575 0 2 11171 --
rs7422727 T G 0.452472 -0.041664 0.009354 -0.059998 -0.02333 -4.454021 8.54e-06 5.068294 0.650571 0.419909 0 2 11165 --
rs13289630 C A 0.281328 -0.044437 0.009976 -0.06399 -0.024883 -4.454246 8.54e-06 5.068749 4.604438 0.031889 0.782818 2 11942 --
rs12627105 C T 0.333971 0.043318 0.009738 0.024232 0.062405 4.448444 8.77e-06 5.057035 0.610581 0.434569 0 2 11841 ++
rs6547458 G A 0.452203 -0.041542 0.009348 -0.059863 -0.023221 -4.444108 8.95e-06 5.048288 0.645298 0.421799 0 2 11171 --
rs6705528 G C 0.452513 -0.041512 0.009347 -0.059831 -0.023193 -4.441394 9.06e-06 5.042819 0.805587 0.369428 0 2 11171 --
rs11161976 C T 0.132459 -0.058277 0.013135 -0.084022 -0.032531 -4.436592 9.27e-06 5.033148 0.497435 0.480629 0 2 11942 -+
rs12529256 G A 0.261859 -0.045251 0.010218 -0.065279 -0.025223 -4.428438 9.62e-06 5.016748 1.088107 0.296891 0.080973 2 11942 --
rs60151175 A C 0.156626 -0.054358 0.012291 -0.078448 -0.030268 -4.422634 9.88e-06 5.005091 3.062947 0.080096 0.673517 2 11942 -+
rs3112439 G C 0.130914 -0.063031 0.014259 -0.090979 -0.035082 -4.420292 9.99e-06 5.000392 0.531075 0.466155 0 2 11228 --
