rs_number reference_allele other_allele eaf beta se beta_95L beta_95U z p-value -log10_p-value q_statistic q_p-value i2 n_studies n_samples effects
rs11927393 G T 0.091251 -0.012874 0.002564 -0.017899 -0.00785 -5.021934 5.21e-07 6.28292 8.875007 0.031 0.661972 4 19705 ----
rs6768610 C T 0.091179 -0.012891 0.002568 -0.017924 -0.007857 -5.019458 5.28e-07 6.27733 8.959512 0.029834 0.66516 4 19665 ----
rs1570186 A G 0.325607 -0.009421 0.001882 -0.01311 -0.005732 -5.005137 5.69e-07 6.245057 2.081547 0.353181 0.039176 3 6429 -+?-
rs1321874 A C 0.324758 -0.009296 0.00188 -0.012982 -0.00561 -4.943422 7.82e-07 6.106961 2.156093 0.340259 0.072396 3 6431 -+?-
rs1836847 C T 0.064398 0.018004 0.003675 0.0108 0.025207 4.89865 9.82e-07 6.007776 5.932194 0.051504 0.662857 3 6428 ++?-
rs11718215 A C 0.09014 -0.012446 0.002585 -0.017512 -0.00738 -4.815453 1.49e-06 5.825698 9.10867 0.02788 0.670643 4 19707 ----
rs4906795 A G 0.077026 0.015916 0.003329 0.009391 0.022441 4.780847 1.77e-06 5.750815 0.960774 0.618544 0 3 6430 ++?+
rs73491284 A G 0.045962 -0.017399 0.003663 -0.024578 -0.01022 -4.750317 2.06e-06 5.685169 0.352069 0.838589 0 3 17710 ---?
rs6787421 A T 0.089591 -0.012142 0.00258 -0.017198 -0.007085 -4.706337 2.56e-06 5.591289 9.253798 0.0261 0.675809 4 19707 ----
rs6414507 A T 0.089589 -0.01213 0.00258 -0.017186 -0.007073 -4.701678 2.62e-06 5.581389 9.26167 0.026007 0.676084 4 19707 ----
rs143963940 A G 0.020795 0.024322 0.00518 0.014169 0.034475 4.695401 2.7e-06 5.568068 4.409309 0.220524 0.319621 4 19707 ++++
rs116977492 G A 0.039134 -0.01801 0.00384 -0.025536 -0.010484 -4.69054 2.77e-06 5.557764 1.817103 0.61122 0 4 19707 ----
rs6816374 G A 0.262298 -0.008161 0.001757 -0.011605 -0.004717 -4.644561 3.46e-06 5.460784 3.891884 0.142853 0.48611 3 17710 ---?
rs4912553 T C 0.086986 -0.012024 0.0026 -0.01712 -0.006929 -4.625552 3.79e-06 5.420948 10.697476 0.013479 0.71956 4 19707 ----
rs143810912 A G 0.021819 0.023128 0.005004 0.01332 0.032936 4.621958 3.86e-06 5.413432 2.664944 0.446218 0 4 19707 ++++
rs13126049 G A 0.154238 0.011203 0.00244 0.006421 0.015985 4.591675 4.46e-06 5.350326 0.702666 0.703749 0 3 6430 ++?+
rs145948060 T C 0.019278 0.02453 0.005348 0.014048 0.035013 4.586661 4.57e-06 5.339916 10.238214 0.016646 0.70698 4 19707 +-+-
rs6789727 A C 0.086682 -0.011925 0.002602 -0.017026 -0.006825 -4.582579 4.66e-06 5.331446 11.47215 0.009428 0.738497 4 19707 ----
rs113333445 T C 0.046611 0.015989 0.003491 0.009147 0.022831 4.580031 4.72e-06 5.326165 7.337314 0.061889 0.591131 4 19707 +++-
rs275728 T G 0.053277 0.017996 0.003968 0.010219 0.025773 4.535244 5.84e-06 5.233752 1.352154 0.508608 0 3 6422 ++?+
rs113890326 C G 0.093904 -0.011476 0.002537 -0.016449 -0.006503 -4.523127 6.18e-06 5.208895 7.676388 0.053195 0.609191 4 19707 ----
rs7624864 A G 0.093904 -0.011476 0.002537 -0.016449 -0.006503 -4.523127 6.18e-06 5.208895 7.676388 0.053195 0.609191 4 19707 ----
rs13149903 G T 0.261105 -0.007923 0.001757 -0.011366 -0.00448 -4.51017 6.57e-06 5.182381 3.211582 0.200731 0.377254 3 17710 ---?
rs112993161 T C 0.09382 -0.011437 0.002538 -0.016412 -0.006463 -4.50654 6.68e-06 5.174965 7.476691 0.05816 0.598753 4 19707 ----
rs7630982 A G 0.093884 -0.011425 0.002537 -0.016397 -0.006452 -4.50341 6.78e-06 5.168575 7.489146 0.057838 0.59942 4 19698 ----
rs6772679 C G 0.09384 -0.011421 0.002538 -0.016396 -0.006446 -4.49931 6.91e-06 5.160213 7.475784 0.058184 0.598704 4 19707 ----
rs2627427 C T 0.118479 -0.010353 0.002303 -0.014866 -0.00584 -4.496051 7.02e-06 5.15357 0.247815 0.969524 0 4 19707 ----
rs6775142 C G 0.09386 -0.011411 0.002538 -0.016386 -0.006436 -4.495393 7.04e-06 5.152229 7.475323 0.058196 0.59868 4 19707 ----
rs57054619 G T 0.314194 0.007083 0.001578 0.003989 0.010176 4.487547 7.31e-06 5.136257 0.649772 0.88495 0 4 19694 ++++
rs143410174 C T 0.022298 0.021823 0.004872 0.012273 0.031372 4.47888 7.61e-06 5.118642 4.173099 0.243369 0.28111 4 19707 +-++
rs6815266 A G 0.262104 -0.007854 0.001757 -0.011298 -0.00441 -4.469699 7.94e-06 5.100018 3.511961 0.172738 0.430518 3 17710 ---?
rs12365709 A G 0.061356 0.013281 0.002982 0.007436 0.019126 4.453383 8.57e-06 5.067005 0.976779 0.806871 0 4 19707 +-++
rs138648148 A G 0.019921 0.023531 0.005297 0.013149 0.033913 4.44219 9.03e-06 5.044423 11.796598 0.008113 0.745689 4 19707 +-+-
rs12147226 T C 0.021098 0.022195 0.005003 0.012388 0.032001 4.435897 9.3e-06 5.031749 2.76115 0.429935 0 4 19707 +-++
rs112645873 A G 0.031495 -0.018802 0.004241 -0.027114 -0.010491 -4.433912 9.38e-06 5.027754 1.026062 0.794946 0 4 19707 ----
