rs_number reference_allele other_allele eaf beta se beta_95L beta_95U z p-value -log10_p-value q_statistic q_p-value i2 n_studies n_samples effects
rs35433994 A G 0.097306 -0.400345 0.073976 -0.545338 -0.255352 -5.411826 6.38e-08 7.195107 2.307034 0.12879 0.566543 2 267 --
rs7709204 A T 0.098578 -0.400345 0.073976 -0.545338 -0.255352 -5.411826 6.38e-08 7.195107 2.307034 0.12879 0.566543 2 267 --
rs58452693 C T 0.350345 -0.245709 0.047235 -0.338289 -0.153129 -5.201865 2.01e-07 6.695938 0.899385 0.342947 0 2 267 --
rs17153106 C T 0.103584 -0.365079 0.072303 -0.506792 -0.223366 -5.049311 4.52e-07 6.344884 1.805715 0.179023 0.446203 2 267 --
rs4620020 C G 0.103584 -0.365079 0.072303 -0.506792 -0.223366 -5.049311 4.52e-07 6.344884 1.805715 0.179023 0.446203 2 267 --
rs28703569 C T 0.103584 -0.365079 0.072303 -0.506792 -0.223366 -5.049311 4.52e-07 6.344884 1.805715 0.179023 0.446203 2 267 --
rs28696180 G A 0.103584 -0.365079 0.072303 -0.506792 -0.223366 -5.049311 4.52e-07 6.344884 1.805715 0.179023 0.446203 2 267 --
rs1873483 G A 0.103584 -0.365079 0.072303 -0.506792 -0.223366 -5.049311 4.52e-07 6.344884 1.805715 0.179023 0.446203 2 267 --
rs10056409 G A 0.103584 -0.365079 0.072303 -0.506792 -0.223366 -5.049311 4.52e-07 6.344884 1.805715 0.179023 0.446203 2 267 --
rs68179213 T G 0.14396 -0.293244 0.058082 -0.407085 -0.179402 -5.048749 4.53e-07 6.343608 4.302577 0.038055 0.767581 2 267 --
rs59851826 G A 0.343402 -0.237179 0.047097 -0.32949 -0.144869 -5.035951 4.85e-07 6.314606 1.136501 0.286393 0.120106 2 267 --
rs79730176 G A 0.070811 -0.470356 0.0936 -0.653812 -0.2869 -5.02517 5.13e-07 6.290226 0.706192 0.400711 0 2 267 --
rs61677310 A T 0.070811 -0.470356 0.0936 -0.653812 -0.2869 -5.02517 5.13e-07 6.290226 0.706192 0.400711 0 2 267 --
rs11829304 T G 0.070811 -0.470356 0.0936 -0.653812 -0.2869 -5.02517 5.13e-07 6.290226 0.706192 0.400711 0 2 267 --
rs80244597 T C 0.070811 -0.470356 0.0936 -0.653812 -0.2869 -5.02517 5.13e-07 6.290226 0.706192 0.400711 0 2 267 --
rs61927694 T C 0.070811 -0.470356 0.0936 -0.653812 -0.2869 -5.02517 5.13e-07 6.290226 0.706192 0.400711 0 2 267 --
rs73583196 T C 0.091636 -0.343467 0.068442 -0.477613 -0.20932 -5.018343 5.31e-07 6.274815 2.027938 0.15443 0.506888 2 267 --
rs9662060 C G 0.142796 -0.308977 0.06161 -0.429733 -0.18822 -5.015011 5.4e-07 6.267299 0.163648 0.68582 0 2 267 --
rs140610452 C A 0.142796 -0.308977 0.06161 -0.429733 -0.18822 -5.015011 5.4e-07 6.267299 0.163648 0.68582 0 2 267 --
rs7706068 C T 0.104856 -0.36183 0.072147 -0.503237 -0.220422 -5.015193 5.4e-07 6.267709 1.971709 0.160267 0.492826 2 267 --
rs6595624 T C 0.104856 -0.36183 0.072147 -0.503237 -0.220422 -5.015193 5.4e-07 6.267709 1.971709 0.160267 0.492826 2 267 --
rs75581961 C T 0.104856 -0.36183 0.072147 -0.503237 -0.220422 -5.015193 5.4e-07 6.267709 1.971709 0.160267 0.492826 2 267 --
rs75857378 T C 0.104856 -0.36183 0.072147 -0.503237 -0.220422 -5.015193 5.4e-07 6.267709 1.971709 0.160267 0.492826 2 267 --
rs1567145 G A 0.197797 -0.278347 0.055638 -0.387397 -0.169298 -5.002871 5.75e-07 6.239959 14.636492 0.00013 0.931678 2 267 +-
rs113537493 G A 0.058794 -0.506845 0.101441 -0.70567 -0.30802 -4.996437 5.95e-07 6.225493 1.439144 0.230278 0.305143 2 267 --
rs62308099 G C 0.207234 -0.290179 0.058226 -0.404302 -0.176056 -4.983664 6.36e-07 6.196826 2.973232 0.084653 0.663666 2 267 --
rs34308849 G A 0.207234 -0.290179 0.058226 -0.404302 -0.176056 -4.983664 6.36e-07 6.196826 2.973232 0.084653 0.663666 2 267 --
rs67580908 C G 0.170649 -0.301934 0.060707 -0.42092 -0.182949 -4.973644 6.69e-07 6.174388 13.159043 0.000286 0.924007 2 267 +-
rs60634591 C G 0.295884 -0.261426 0.052681 -0.364679 -0.158172 -4.962474 7.09e-07 6.149421 0.334834 0.562826 0 2 267 --
rs4765999 T C 0.181251 -0.321389 0.065187 -0.449156 -0.193622 -4.930245 8.36e-07 6.077681 0.007245 0.932167 0 2 267 --
rs3811603 T C 0.206544 0.231444 0.047205 0.138923 0.323965 4.902998 9.61e-07 6.01737 5.276558 0.021614 0.810483 2 267 ++
rs74592067 A G 0.080283 -0.402746 0.082447 -0.564342 -0.24115 -4.884917 1.05e-06 5.977522 2.020075 0.155231 0.504969 2 267 --
rs34973383 C T 0.147784 -0.290094 0.059582 -0.406875 -0.173314 -4.868848 1.14e-06 5.942219 0.11147 0.738477 0 2 267 --
rs11732444 T A 0.238912 -0.267678 0.055594 -0.376642 -0.158714 -4.814876 1.5e-06 5.824444 0.159423 0.689688 0 2 267 --
rs8052709 A G 0.284327 -0.235346 0.049027 -0.33144 -0.139253 -4.800305 1.61e-06 5.792859 2.239177 0.134553 0.553407 2 267 --
rs7578535 G A 0.201472 0.233127 0.048636 0.1378 0.328454 4.793271 1.67e-06 5.777642 4.234673 0.039606 0.763854 2 267 ++
rs13274956 A G 0.14529 -0.27995 0.058483 -0.394578 -0.165323 -4.786834 1.72e-06 5.763734 5.387805 0.020278 0.814396 2 267 --
rs11753643 C A 0.014544 -1.023374 0.213988 -1.442791 -0.603956 -4.782381 1.76e-06 5.754125 0.077661 0.780493 0 2 267 --
rs34778676 G A 0.014544 -1.023374 0.213988 -1.442791 -0.603956 -4.782381 1.76e-06 5.754125 0.077661 0.780493 0 2 267 --
rs71570214 A G 0.014544 -1.023374 0.213988 -1.442791 -0.603956 -4.782381 1.76e-06 5.754125 0.077661 0.780493 0 2 267 --
rs71570215 A G 0.014544 -1.023374 0.213988 -1.442791 -0.603956 -4.782381 1.76e-06 5.754125 0.077661 0.780493 0 2 267 --
rs11756989 T G 0.014544 -1.023374 0.213988 -1.442791 -0.603956 -4.782381 1.76e-06 5.754125 0.077661 0.780493 0 2 267 --
rs11752299 T A 0.014544 -1.023374 0.213988 -1.442791 -0.603956 -4.782381 1.76e-06 5.754125 0.077661 0.780493 0 2 267 --
rs11756990 A G 0.014544 -1.023374 0.213988 -1.442791 -0.603956 -4.782381 1.76e-06 5.754125 0.077661 0.780493 0 2 267 --
rs111839599 G A 0.015816 -1.023374 0.213988 -1.442791 -0.603956 -4.782381 1.76e-06 5.754125 0.077661 0.780493 0 2 267 --
rs3124852 A G 0.28418 0.207553 0.04349 0.122313 0.292793 4.77243 1.85e-06 5.732678 0.826269 0.363354 0 2 260 ++
rs17704024 C T 0.04364 -0.607551 0.127537 -0.857524 -0.357577 -4.763706 1.93e-06 5.713911 0.043584 0.834629 0 2 267 --
rs2131739 T C 0.116338 -0.345651 0.07268 -0.488103 -0.203199 -4.755826 2.01e-06 5.696985 7.03556 0.007991 0.857865 2 267 --
rs12567983 T C 0.023969 -0.618386 0.1306 -0.874361 -0.362411 -4.734983 2.23e-06 5.652346 0.045059 0.831896 0 2 267 --
rs11773945 A C 0.18969 -0.298542 0.063119 -0.422254 -0.174829 -4.729848 2.28e-06 5.641375 0.061137 0.804708 0 2 267 --
rs77948783 A G 0.014544 -1.047712 0.222272 -1.483364 -0.61206 -4.713659 2.47e-06 5.606862 0.153088 0.695602 0 2 267 --
rs2281278 C T 0.051883 -0.432093 0.092095 -0.6126 -0.251586 -4.691805 2.75e-06 5.560446 0.224306 0.635778 0 2 260 --
rs72731240 G A 0.026505 -0.571256 0.12184 -0.810062 -0.332449 -4.688569 2.8e-06 5.553589 1.549235 0.213248 0.35452 2 267 --
rs3124845 G A 0.289365 0.20322 0.043389 0.118178 0.288263 4.683699 2.86e-06 5.543279 0.99585 0.318317 0 2 260 ++
rs2201044 C T 0.098578 -0.354484 0.075829 -0.503109 -0.20586 -4.67481 2.99e-06 5.524487 2.571261 0.108821 0.611086 2 267 --
rs1352738 A G 0.098578 -0.354484 0.075829 -0.503109 -0.20586 -4.67481 2.99e-06 5.524487 2.571261 0.108821 0.611086 2 267 --
rs10076377 G A 0.406593 -0.228047 0.04882 -0.323734 -0.132361 -4.671217 3.04e-06 5.5169 0.027305 0.868754 0 2 267 --
rs3124856 T C 0.280325 0.20076 0.042984 0.116511 0.28501 4.670537 3.05e-06 5.515466 0.176924 0.67403 0 2 260 ++
rs3124857 T A 0.280325 0.20076 0.042984 0.116511 0.28501 4.670537 3.05e-06 5.515466 0.176924 0.67403 0 2 260 ++
rs3124858 C T 0.280325 0.20076 0.042984 0.116511 0.28501 4.670537 3.05e-06 5.515466 0.176924 0.67403 0 2 260 ++
rs10014044 G A 0.243984 -0.259016 0.055469 -0.367735 -0.150297 -4.669575 3.07e-06 5.513434 0.337798 0.561103 0 2 267 --
rs13117527 A G 0.243984 -0.259016 0.055469 -0.367735 -0.150297 -4.669575 3.07e-06 5.513434 0.337798 0.561103 0 2 267 --
rs10010104 G A 0.243984 -0.259016 0.055469 -0.367735 -0.150297 -4.669575 3.07e-06 5.513434 0.337798 0.561103 0 2 267 --
rs10941048 G C 0.247185 -0.237519 0.051144 -0.337762 -0.137276 -4.644086 3.47e-06 5.459787 1.925977 0.165199 0.480783 2 267 --
rs17109526 A G 0.025233 -0.599662 0.12953 -0.85354 -0.345784 -4.629533 3.72e-06 5.429279 0.211318 0.645737 0 2 267 --
rs12409252 T C 0.025233 -0.599662 0.12953 -0.85354 -0.345784 -4.629533 3.72e-06 5.429279 0.211318 0.645737 0 2 267 --
rs17385547 T C 0.084028 -0.40107 0.086673 -0.570948 -0.231191 -4.627408 3.76e-06 5.424831 0.088238 0.766429 0 2 267 --
rs12730333 T C 0.084028 -0.40107 0.086673 -0.570948 -0.231191 -4.627408 3.76e-06 5.424831 0.088238 0.766429 0 2 267 --
rs9788814 G C 0.221202 -0.255623 0.055414 -0.364235 -0.147011 -4.612955 4.03e-06 5.394631 7.086658 0.007766 0.85889 2 267 --
rs11864616 T G 0.17252 -0.288603 0.062571 -0.411243 -0.165964 -4.612408 4.04e-06 5.393489 11.272765 0.000787 0.911291 2 267 +-
rs58757653 G C 0.218001 -0.220598 0.047921 -0.314524 -0.126672 -4.603329 4.22e-06 5.374567 9.13783 0.002504 0.890565 2 267 +-
rs12900224 G C 0.115091 -0.334788 0.072833 -0.477541 -0.192034 -4.596622 4.36e-06 5.360609 8.178988 0.004238 0.877735 2 267 --
rs7167673 T C 0.115091 -0.334788 0.072833 -0.477541 -0.192034 -4.596622 4.36e-06 5.360609 8.178988 0.004238 0.877735 2 267 --
rs58476307 A G 0.223073 -0.219172 0.047726 -0.312714 -0.125629 -4.592327 4.45e-06 5.351681 9.221233 0.002392 0.891555 2 267 +-
rs11862051 T C 0.17252 -0.2869 0.062533 -0.409464 -0.164336 -4.587997 4.54e-06 5.342689 11.504913 0.000694 0.913081 2 267 +-
rs1876348 A G 0.17252 -0.2869 0.062533 -0.409464 -0.164336 -4.587997 4.54e-06 5.342689 11.504913 0.000694 0.913081 2 267 +-
rs7203272 T C 0.17252 -0.2869 0.062533 -0.409464 -0.164336 -4.587997 4.54e-06 5.342689 11.504913 0.000694 0.913081 2 267 +-
rs67921400 G A 0.17252 -0.2869 0.062533 -0.409464 -0.164336 -4.587997 4.54e-06 5.342689 11.504913 0.000694 0.913081 2 267 +-
rs62297634 G A 0.044912 -0.585425 0.12786 -0.836031 -0.334819 -4.57863 4.75e-06 5.323261 0.163666 0.685803 0 2 267 --
rs62299365 A C 0.04364 -0.585425 0.12786 -0.836031 -0.334819 -4.57863 4.75e-06 5.323261 0.163666 0.685803 0 2 267 --
rs17705888 C G 0.04364 -0.585425 0.12786 -0.836031 -0.334819 -4.57863 4.75e-06 5.323261 0.163666 0.685803 0 2 267 --
rs11195922 T C 0.32881 0.255605 0.055841 0.146157 0.365054 4.577373 4.78e-06 5.320655 0.771332 0.379805 0 2 267 ++
rs13273502 G T 0.256097 0.295514 0.064574 0.16895 0.422079 4.576395 4.8e-06 5.318629 0.580871 0.445971 0 2 264 ++
rs10083242 G A 0.114301 -0.276566 0.060456 -0.39506 -0.158072 -4.574674 4.84e-06 5.315066 0.834987 0.360834 0 2 267 --
rs58368518 G A 0.223697 -0.215222 0.047068 -0.307476 -0.122969 -4.572583 4.89e-06 5.310738 7.087236 0.007763 0.858901 2 267 +-
rs59476885 C T 0.238372 -0.240025 0.052648 -0.343214 -0.136835 -4.559065 5.21e-06 5.2828 0.571116 0.449816 0 2 267 --
rs696014 A G 0.097805 0.288727 0.063479 0.164308 0.413147 4.54837 5.49e-06 5.260749 3.157935 0.075559 0.683337 2 267 ++
rs11864703 T G 0.173767 -0.283224 0.062455 -0.405636 -0.160811 -4.534819 5.85e-06 5.23288 12.01634 0.000527 0.91678 2 267 +-
rs66480523 C G 0.173767 -0.283224 0.062455 -0.405636 -0.160811 -4.534819 5.85e-06 5.23288 12.01634 0.000527 0.91678 2 267 +-
rs112050758 A G 0.173767 -0.283224 0.062455 -0.405636 -0.160811 -4.534819 5.85e-06 5.23288 12.01634 0.000527 0.91678 2 267 +-
rs6501053 G A 0.173767 -0.283224 0.062455 -0.405636 -0.160811 -4.534819 5.85e-06 5.23288 12.01634 0.000527 0.91678 2 267 +-
rs8063655 T C 0.173767 -0.283224 0.062455 -0.405636 -0.160811 -4.534819 5.85e-06 5.23288 12.01634 0.000527 0.91678 2 267 +-
rs58267025 A G 0.173767 -0.283224 0.062455 -0.405636 -0.160811 -4.534819 5.85e-06 5.23288 12.01634 0.000527 0.91678 2 267 +-
rs66727533 A G 0.173767 -0.283224 0.062455 -0.405636 -0.160811 -4.534819 5.85e-06 5.23288 12.01634 0.000527 0.91678 2 267 +-
rs67741531 G A 0.173767 -0.283224 0.062455 -0.405636 -0.160811 -4.534819 5.85e-06 5.23288 12.01634 0.000527 0.91678 2 267 +-
rs6501056 T C 0.173767 -0.283224 0.062455 -0.405636 -0.160811 -4.534819 5.85e-06 5.23288 12.01634 0.000527 0.91678 2 267 +-
rs10810936 T C 0.306569 -0.237224 0.05237 -0.339869 -0.134579 -4.529771 5.99e-06 5.222517 0.558772 0.454755 0 2 267 --
rs73099681 T A 0.066948 0.473275 0.10459 0.268278 0.678272 4.525034 6.13e-06 5.212803 0.199228 0.655345 0 2 267 ++
rs61923077 T A 0.066948 0.473275 0.10459 0.268278 0.678272 4.525034 6.13e-06 5.212803 0.199228 0.655345 0 2 267 ++
rs3128066 A G 0.28551 0.193111 0.042848 0.109129 0.277092 4.506926 6.67e-06 5.175753 0.338813 0.560515 0 2 260 ++
rs11524965 T G 0.05554 -0.359776 0.079911 -0.516401 -0.203151 -4.502226 6.82e-06 5.166159 6.859182 0.008819 0.85421 2 267 +-
rs879188 A G 0.05554 -0.359776 0.079911 -0.516401 -0.203151 -4.502226 6.82e-06 5.166159 6.859182 0.008819 0.85421 2 267 +-
rs142302875 A T 0.015153 -0.841652 0.186952 -1.208078 -0.475225 -4.501961 6.83e-06 5.165619 0.215735 0.642309 0 2 267 --
rs1353644 A G 0.218791 -0.263739 0.058675 -0.378742 -0.148736 -4.4949 7.06e-06 5.151224 2.01059 0.156205 0.502634 2 267 --
rs4689486 T C 0.195572 -0.275465 0.061291 -0.395596 -0.155335 -4.494375 7.08e-06 5.150156 3.508977 0.061037 0.715017 2 266 --
rs28547260 G A 0.123131 -0.318682 0.070909 -0.457663 -0.1797 -4.494246 7.08e-06 5.149891 1.431937 0.231449 0.301645 2 267 --
rs76990803 C T 0.123131 0.240766 0.053577 0.135755 0.345776 4.493836 7.09e-06 5.149057 1.701668 0.19207 0.412341 2 267 ++
rs11195911 C T 0.330057 0.250727 0.055941 0.141084 0.360371 4.48202 7.5e-06 5.12502 0.625435 0.429035 0 2 267 ++
rs11195912 C T 0.330057 0.250727 0.055941 0.141084 0.360371 4.48202 7.5e-06 5.12502 0.625435 0.429035 0 2 267 ++
rs11195913 G C 0.330057 0.250727 0.055941 0.141084 0.360371 4.48202 7.5e-06 5.12502 0.625435 0.429035 0 2 267 ++
rs11195915 A G 0.330057 0.250727 0.055941 0.141084 0.360371 4.48202 7.5e-06 5.12502 0.625435 0.429035 0 2 267 ++
rs10885334 C T 0.330057 0.250727 0.055941 0.141084 0.360371 4.48202 7.5e-06 5.12502 0.625435 0.429035 0 2 267 ++
rs10885335 G T 0.330057 0.250727 0.055941 0.141084 0.360371 4.48202 7.5e-06 5.12502 0.625435 0.429035 0 2 267 ++
rs11195917 A G 0.330057 0.250727 0.055941 0.141084 0.360371 4.48202 7.5e-06 5.12502 0.625435 0.429035 0 2 267 ++
rs768102 C T 0.330057 0.250727 0.055941 0.141084 0.360371 4.48202 7.5e-06 5.12502 0.625435 0.429035 0 2 267 ++
rs10885338 G A 0.330057 0.250727 0.055941 0.141084 0.360371 4.48202 7.5e-06 5.12502 0.625435 0.429035 0 2 267 ++
rs11062546 A G 0.05554 -0.359221 0.080196 -0.516407 -0.202036 -4.479268 7.6e-06 5.11943 7.151043 0.007492 0.86016 2 267 +-
rs6810642 T C 0.244625 -0.253728 0.056661 -0.364783 -0.142673 -4.478025 7.64e-06 5.116906 0.258081 0.611442 0 2 267 --
rs28641874 C T 0.245872 -0.253728 0.056661 -0.364783 -0.142673 -4.478025 7.64e-06 5.116906 0.258081 0.611442 0 2 267 --
rs28839320 T C 0.245872 -0.253728 0.056661 -0.364783 -0.142673 -4.478025 7.64e-06 5.116906 0.258081 0.611442 0 2 267 --
rs28827331 C T 0.245872 -0.253728 0.056661 -0.364783 -0.142673 -4.478025 7.64e-06 5.116906 0.258081 0.611442 0 2 267 --
rs10881059 T C 0.048049 -0.525592 0.117627 -0.756141 -0.295043 -4.468293 8e-06 5.097167 0.59813 0.439292 0 2 267 --
rs112982582 C G 0.06488 -0.402896 0.090222 -0.579731 -0.226062 -4.465632 8.1e-06 5.091777 0.048742 0.825266 0 2 260 --
rs4927295 A G 0.020825 -0.736213 0.165022 -1.059656 -0.41277 -4.461305 8.26e-06 5.08302 0.87593 0.349319 0 2 267 --
rs74077367 A T 0.020825 -0.736213 0.165022 -1.059656 -0.41277 -4.461305 8.26e-06 5.08302 0.87593 0.349319 0 2 267 --
rs56034078 G T 0.120637 -0.320778 0.072007 -0.461913 -0.179644 -4.454804 8.51e-06 5.069876 0.642277 0.422887 0 2 267 --
rs6827979 T A 0.247119 -0.251215 0.056405 -0.361769 -0.14066 -4.453736 8.56e-06 5.067718 0.307993 0.578915 0 2 267 --
rs7725938 A T 0.251551 -0.228687 0.051357 -0.329346 -0.128027 -4.452878 8.59e-06 5.065985 1.872468 0.171193 0.465945 2 267 --
rs78552167 A C 0.015816 -1.005463 0.225828 -1.448086 -0.56284 -4.452339 8.61e-06 5.064896 2.251331 0.1335 0.555818 2 267 --
rs10068804 G A 0.208024 -0.235207 0.05286 -0.338812 -0.131602 -4.449649 8.72e-06 5.059466 2.063502 0.150863 0.515387 2 267 --
rs75405300 C T 0.050639 -0.552411 0.124389 -0.796214 -0.308608 -4.440985 9.08e-06 5.041993 3.956323 0.046696 0.74724 2 267 --
rs1422833 A G 0.441407 -0.217926 0.049134 -0.314227 -0.121624 -4.435371 9.32e-06 5.030689 0.269688 0.603541 0 2 267 --
rs6839431 T C 0.254062 -0.249078 0.056176 -0.359182 -0.138973 -4.433906 9.38e-06 5.027742 0.12814 0.720368 0 2 267 --
rs12414342 A G 0.10885 -0.363619 0.082012 -0.524362 -0.202877 -4.433755 9.39e-06 5.027439 0.424775 0.514564 0 2 267 --
rs6577559 T C 0.083482 -0.425044 0.095921 -0.613049 -0.237039 -4.431196 9.5e-06 5.022292 0.006835 0.934112 0 2 267 --
rs3109495 C T 0.288145 0.189386 0.04275 0.105595 0.273176 4.430054 9.55e-06 5.019995 0.435593 0.509257 0 2 260 ++
rs10833115 A G 0.362983 0.22724 0.051314 0.126665 0.327816 4.428438 9.62e-06 5.016747 0.005992 0.938299 0 2 267 ++
rs2061867 A T 0.138497 0.357463 0.080737 0.199219 0.515707 4.427513 9.66e-06 5.014889 1.054663 0.304436 0.05183 2 267 ++
rs28729931 C T 0.138497 0.357463 0.080737 0.199219 0.515707 4.427513 9.66e-06 5.014889 1.054663 0.304436 0.05183 2 267 ++
rs10282969 T C 0.139827 0.357463 0.080737 0.199219 0.515707 4.427513 9.66e-06 5.014889 1.054663 0.304436 0.05183 2 267 ++
