rs_number reference_allele other_allele eaf beta se beta_95L beta_95U z p-value -log10_p-value q_statistic q_p-value i2 n_studies n_samples effects
rs11044813 C G 0.054717 -0.063007 0.010984 -0.084536 -0.041477 -5.736079 9.94e-09 8.002516 4.869567 0.027334 0.794643 2 584 --?
rs10841329 G A 0.054717 -0.063007 0.010984 -0.084536 -0.041477 -5.736079 9.94e-09 8.002516 4.869567 0.027334 0.794643 2 584 --?
rs17140932 C T 0.378275 0.024735 0.004612 0.015696 0.033774 5.3633 8.35e-08 7.07809 4.093637 0.043045 0.755718 2 584 ++?
rs7580311 A G 0.33932 0.021823 0.00407 0.013846 0.0298 5.362177 8.41e-08 7.075392 1.024605 0.599114 0 3 679 +++
rs13301274 G T 0.429793 -0.026095 0.005086 -0.036063 -0.016126 -5.130665 2.95e-07 6.530877 4.165292 0.04126 0.759921 2 135 -?-
rs7033986 G T 0.429793 -0.026095 0.005086 -0.036063 -0.016126 -5.130665 2.95e-07 6.530877 4.165292 0.04126 0.759921 2 135 -?-
rs1860668 C T 0.429793 -0.026095 0.005086 -0.036063 -0.016126 -5.130665 2.95e-07 6.530877 4.165292 0.04126 0.759921 2 135 -?-
rs1860667 A T 0.429793 -0.026095 0.005086 -0.036063 -0.016126 -5.130665 2.95e-07 6.530877 4.165292 0.04126 0.759921 2 135 -?-
rs34687810 A G 0.170383 -0.028596 0.005595 -0.039563 -0.01763 -5.111047 3.27e-07 6.485772 0.233926 0.889618 0 3 679 ---
rs1005600 T C 0.186336 -0.018659 0.003705 -0.025921 -0.011397 -5.035833 4.85e-07 6.314339 5.675305 0.058563 0.647596 3 667 ---
rs6802811 A G 0.172021 -0.026257 0.005248 -0.036544 -0.01597 -5.002919 5.75e-07 6.240066 3.936096 0.139729 0.491882 3 679 ---
rs11664745 T C 0.227197 -0.024108 0.004889 -0.033691 -0.014525 -4.930927 8.33e-07 6.079194 0.720127 0.697632 0 3 679 ---
rs75306649 G T 0.183413 0.024634 0.005049 0.014738 0.034529 4.879105 1.08e-06 5.964741 0.626551 0.731048 0 3 679 +++
rs9395125 T C 0.330172 0.020864 0.004301 0.012434 0.029294 4.850723 1.25e-06 5.902534 0.596316 0.742184 0 3 679 +++
rs12653355 G T 0.059283 -0.040475 0.008392 -0.056924 -0.024027 -4.823066 1.44e-06 5.842238 2.012192 0.365644 0.006059 3 679 ---
rs62103143 A C 0.027997 -0.084773 0.0176 -0.119269 -0.050277 -4.816679 1.48e-06 5.828359 2.75021 0.097242 0.636391 2 135 -?-
rs115542129 G A 0.046356 -0.042417 0.008818 -0.0597 -0.025133 -4.810257 1.53e-06 5.814422 2.052636 0.358324 0.025643 3 679 ---
rs1983097 A G 0.101674 0.035764 0.007478 0.021107 0.050421 4.782442 1.76e-06 5.754256 0.390508 0.532032 0 2 584 ++?
rs10493941 T C 0.188171 -0.02542 0.005383 -0.035972 -0.014869 -4.721941 2.37e-06 5.624505 0.223201 0.894402 0 3 679 ---
rs12726628 G A 0.188171 -0.02542 0.005383 -0.035972 -0.014869 -4.721941 2.37e-06 5.624505 0.223201 0.894402 0 3 679 ---
rs754579 A G 0.161311 -0.024608 0.005225 -0.034848 -0.014368 -4.710136 2.52e-06 5.599366 3.571405 0.167679 0.439996 3 679 +--
rs55780325 C T 0.058591 -0.041193 0.008793 -0.058427 -0.023959 -4.684879 2.85e-06 5.545776 3.087885 0.213538 0.352308 3 679 ---
rs72829422 A G 0.059283 -0.040441 0.008633 -0.057362 -0.023521 -4.684502 2.85e-06 5.544978 2.872481 0.23782 0.303738 3 679 ---
rs72829423 C T 0.059283 -0.040441 0.008633 -0.057362 -0.023521 -4.684502 2.85e-06 5.544978 2.872481 0.23782 0.303738 3 679 ---
rs7785364 G A 0.416059 0.026914 0.005769 0.015606 0.038222 4.66495 3.14e-06 5.503681 0.019921 0.887758 0 2 135 +?+
rs9726776 G A 0.113762 -0.036022 0.00778 -0.051271 -0.020774 -4.630194 3.71e-06 5.430661 0.108078 0.742343 0 2 584 --?
rs10818347 T C 0.429793 -0.025544 0.005519 -0.036362 -0.014726 -4.628217 3.75e-06 5.426523 2.686191 0.101222 0.627726 2 135 -?-
rs77297309 G C 0.045139 0.045403 0.009823 0.02615 0.064657 4.621986 3.86e-06 5.413492 0.467599 0.79152 0 3 679 +++
rs9403352 A G 0.219645 -0.02213 0.004801 -0.031541 -0.01272 -4.609205 4.1e-06 5.38681 5.761638 0.056089 0.652877 3 679 +--
rs115966555 T C 0.04582 -0.040756 0.008858 -0.058117 -0.023395 -4.601279 4.26e-06 5.370299 1.786625 0.409298 0 3 679 ---
rs12747736 C T 0.165852 -0.026233 0.005715 -0.037434 -0.015031 -4.590057 4.5e-06 5.346965 0.093386 0.954381 0 3 679 ---
rs58020365 C G 0.165852 -0.026233 0.005715 -0.037434 -0.015031 -4.590057 4.5e-06 5.346965 0.093386 0.954381 0 3 679 ---
rs72827581 G A 0.058054 -0.040407 0.008824 -0.057703 -0.023111 -4.578965 4.74e-06 5.323954 3.396519 0.183002 0.411162 3 679 ---
rs17680389 C T 0.058054 -0.040407 0.008824 -0.057703 -0.023111 -4.578965 4.74e-06 5.323954 3.396519 0.183002 0.411162 3 679 ---
rs74037742 A G 0.140639 -0.025959 0.005679 -0.03709 -0.014829 -4.571224 4.92e-06 5.307926 3.581071 0.166871 0.441508 3 679 ---
rs17123572 C T 0.188856 -0.024569 0.005385 -0.035123 -0.014015 -4.562723 5.12e-06 5.290353 0.083194 0.959256 0 3 679 ---
rs6692614 C G 0.275686 0.023807 0.005234 0.013548 0.034066 4.548398 5.49e-06 5.260806 0.427217 0.513357 0 2 584 ++?
rs11632053 G C 0.161744 -0.023547 0.005182 -0.033705 -0.01339 -4.543744 5.61e-06 5.251227 2.065446 0.356036 0.031686 3 679 ---
rs1550921 C T 0.391037 0.021972 0.004836 0.012492 0.031451 4.542981 5.63e-06 5.249656 2.106668 0.146658 0.525317 2 584 ++?
rs12100890 T C 0.160774 0.034139 0.007516 0.019408 0.048871 4.54218 5.65e-06 5.248009 1.894345 0.168713 0.472113 2 135 +?+
rs17045040 A G 0.283651 0.02307 0.005089 0.013095 0.033045 4.533015 5.9e-06 5.229175 2.05427 0.15178 0.513209 2 584 ++?
rs2811272 C A 0.234048 -0.024535 0.00542 -0.035159 -0.01391 -4.526275 6.09e-06 5.215347 1.089377 0.296609 0.082044 2 584 --?
rs7648720 T C 0.554081 -0.017605 0.00389 -0.025229 -0.009981 -4.526174 6.09e-06 5.21514 14.59267 0.000678 0.862945 3 679 ---
rs148799368 A G 0.099629 -0.031317 0.006927 -0.044893 -0.01774 -4.521113 6.24e-06 5.204768 4.116842 0.127655 0.514191 3 679 ---
rs1392385 A G 0.095339 -0.027898 0.006175 -0.04 -0.015795 -4.51809 6.33e-06 5.198579 8.133618 0.017132 0.754107 3 679 ---
rs6478430 G A 0.422748 -0.024231 0.005388 -0.034791 -0.01367 -4.497178 6.98e-06 5.155866 2.799317 0.094304 0.64277 2 135 -?-
rs10818357 C T 0.422748 -0.024231 0.005388 -0.034791 -0.01367 -4.497178 6.98e-06 5.155866 2.799317 0.094304 0.64277 2 135 -?-
rs10054721 A C 0.058234 -0.032336 0.007202 -0.046452 -0.018221 -4.490112 7.22e-06 5.141475 10.329111 0.005716 0.806373 3 679 ---
rs10044581 G A 0.058234 -0.032336 0.007202 -0.046452 -0.018221 -4.490112 7.22e-06 5.141475 10.329111 0.005716 0.806373 3 679 ---
rs78271408 G A 0.058234 -0.032336 0.007202 -0.046452 -0.018221 -4.490112 7.22e-06 5.141475 10.329111 0.005716 0.806373 3 679 ---
rs1555324 C G 0.117748 -0.030889 0.006881 -0.044377 -0.017401 -4.488706 7.27e-06 5.138614 3.461485 0.177153 0.422213 3 679 +--
rs77361735 T C 0.034043 0.045194 0.010082 0.025434 0.064955 4.482691 7.48e-06 5.126383 4.472803 0.106842 0.552853 3 679 +++
rs7688488 C G 0.12246 0.026612 0.005938 0.014973 0.038251 4.481574 7.51e-06 5.124113 3.731653 0.154768 0.464044 3 679 +++
rs80171880 A G 0.012266 -0.09644 0.021541 -0.138659 -0.05422 -4.477103 7.67e-06 5.115033 0.881228 0.643641 0 3 679 ---
rs12878589 A G 0.069938 0.051447 0.011491 0.028925 0.07397 4.477191 7.67e-06 5.115212 0.331654 0.564687 0 2 135 +?+
rs7537601 A C 0.141909 -0.026256 0.005882 -0.037784 -0.014727 -4.463681 8.17e-06 5.087828 0.579453 0.748468 0 3 679 ---
rs8038946 A G 0.143052 -0.023894 0.005356 -0.034391 -0.013397 -4.461391 8.26e-06 5.083193 1.511422 0.469676 0 3 679 ---
rs112228495 G T 0.012371 -0.078139 0.017515 -0.112469 -0.04381 -4.461293 8.26e-06 5.082995 3.739446 0.053142 0.732581 2 584 --?
rs62022760 T C 0.139163 -0.024262 0.005439 -0.034923 -0.013601 -4.460372 8.3e-06 5.081132 1.209906 0.5461 0 3 679 ---
rs241529 C T 0.562693 -0.023826 0.005348 -0.034307 -0.013344 -4.45539 8.49e-06 5.071059 0.821521 0.364736 0 2 135 -?-
rs62101316 T C 0.020633 -0.05995 0.013464 -0.08634 -0.033561 -4.452688 8.6e-06 5.065601 9.146975 0.010322 0.781348 3 679 ---
rs79567338 C G 0.01341 -0.065767 0.014779 -0.094734 -0.0368 -4.450016 8.71e-06 5.060207 7.638213 0.021947 0.738159 3 679 ---
rs872901 C T 0.439988 0.02212 0.004975 0.01237 0.031871 4.44658 8.85e-06 5.053273 0.921599 0.337055 0 2 584 ++?
rs1197658 A G 0.238589 -0.020576 0.004627 -0.029645 -0.011506 -4.446497 8.85e-06 5.053105 0.736409 0.691976 0 3 679 ---
rs13051865 C T 0.388173 -0.023168 0.005215 -0.033389 -0.012947 -4.442818 9e-06 5.045688 3.433539 0.063885 0.708755 2 584 --?
rs1043521 C G 0.090743 0.038367 0.008637 0.021438 0.055295 4.442033 9.03e-06 5.044107 0.023266 0.878766 0 2 135 +?+
rs12459135 T C 0.026842 -0.056727 0.01278 -0.081776 -0.031678 -4.438642 9.18e-06 5.037275 2.19319 0.334006 0.088086 3 679 ---
rs2283102 G A 0.163719 0.028409 0.006406 0.015854 0.040964 4.434978 9.33e-06 5.029898 1.221446 0.269077 0.181298 2 584 ++?
rs801543 G C 0.030452 -0.048108 0.010851 -0.069376 -0.026839 -4.433365 9.4e-06 5.026654 1.496866 0.473107 0 3 679 +--
rs9949470 A G 0.30646 -0.017761 0.004014 -0.025629 -0.009894 -4.424931 9.78e-06 5.009704 4.769042 0.092133 0.580629 3 679 ---
