rs_number reference_allele other_allele eaf beta se beta_95L beta_95U z p-value -log10_p-value q_statistic q_p-value i2 n_studies n_samples effects
rs17252816 A C 0.160645 -0.01252 0.002437 -0.017296 -0.007744 -5.137542 2.84e-07 6.546726 3.539086 0.059938 0.717441 2 11378 --
rs73195448 G A 0.075373 0.012597 0.002605 0.007492 0.017703 4.835942 1.35e-06 5.870269 0.080601 0.776484 0 2 11909 ++
rs146274291 T A 0.16134 -0.011558 0.002409 -0.01628 -0.006836 -4.797152 1.64e-06 5.786036 4.278242 0.038603 0.766259 2 11764 --
rs148234349 T C 0.16119 -0.011524 0.002409 -0.016246 -0.006803 -4.784161 1.75e-06 5.757965 3.868154 0.049211 0.741479 2 11764 --
rs150833343 A G 0.16114 -0.011511 0.00241 -0.016234 -0.006788 -4.776656 1.81e-06 5.741782 3.872934 0.049071 0.741798 2 11764 --
rs140299410 A G 0.161265 -0.011502 0.00241 -0.016226 -0.006778 -4.772136 1.85e-06 5.732045 4.298163 0.038154 0.767342 2 11764 --
rs147115952 G T 0.161533 -0.011497 0.002409 -0.01622 -0.006775 -4.772071 1.85e-06 5.731904 4.299668 0.03812 0.767424 2 11764 --
rs41300151 A C 0.161234 -0.01149 0.00241 -0.016213 -0.006766 -4.76791 1.89e-06 5.722951 3.880143 0.04886 0.742278 2 11764 --
rs148413936 G C 0.161373 -0.011476 0.002409 -0.016198 -0.006754 -4.763312 1.94e-06 5.713063 4.307162 0.037952 0.767829 2 11764 --
rs142660293 C T 0.161477 -0.01146 0.002408 -0.01618 -0.006741 -4.759443 1.97e-06 5.704751 3.889921 0.048577 0.742925 2 11764 --
rs17325592 G C 0.161128 -0.011474 0.00241 -0.016198 -0.00675 -4.760155 1.97e-06 5.706281 3.257609 0.071093 0.693026 2 11764 --
rs144840109 T C 0.161318 -0.01146 0.00241 -0.016184 -0.006736 -4.754718 2.02e-06 5.694609 4.273347 0.038715 0.765991 2 11764 --
rs142075149 T C 0.161692 -0.011414 0.002409 -0.016136 -0.006692 -4.737434 2.2e-06 5.657584 4.329344 0.037461 0.769018 2 11764 --
rs41304456 G C 0.161222 -0.011417 0.002411 -0.016143 -0.006691 -4.734721 2.23e-06 5.651785 3.275276 0.070331 0.694682 2 11764 --
rs147012277 A T 0.161221 -0.011347 0.002411 -0.016072 -0.006622 -4.706768 2.56e-06 5.592204 3.92934 0.047451 0.745504 2 11764 --
rs139379602 G A 0.161258 -0.011342 0.002411 -0.016068 -0.006617 -4.704488 2.59e-06 5.587359 3.658 0.055801 0.726627 2 11764 --
rs75669717 T C 0.08591 0.012761 0.002722 0.007426 0.018096 4.688115 2.8e-06 5.552628 0.981615 0.3218 0 2 10216 ++
rs143273504 T G 0.161543 -0.011304 0.002412 -0.016031 -0.006577 -4.686821 2.82e-06 5.549888 3.705631 0.054229 0.73014 2 11764 --
rs147134873 G A 0.162253 -0.011273 0.002407 -0.015992 -0.006555 -4.682841 2.87e-06 5.541463 4.52185 0.033465 0.778852 2 11764 --
rs138695197 C T 0.162218 -0.011257 0.002407 -0.015975 -0.006538 -4.675911 2.97e-06 5.526812 4.385165 0.036253 0.771958 2 11764 --
rs4906795 A G 0.083122 0.015276 0.003269 0.008869 0.021684 4.673014 3.02e-06 5.520694 0.689723 0.406259 0 2 5510 ++
rs12218142 G T 0.027764 -0.02091 0.004476 -0.029683 -0.012137 -4.671432 3.04e-06 5.517354 0.230383 0.63124 0 2 12003 --
rs143021457 A G 0.158901 -0.011315 0.002423 -0.016064 -0.006566 -4.670177 3.06e-06 5.514705 3.942684 0.047076 0.746366 2 11764 --
rs1961210 G A 0.178464 -0.010896 0.002344 -0.015491 -0.006302 -4.648358 3.4e-06 5.468759 0.644483 0.422092 0 2 11764 --
rs112033124 A C 0.178361 -0.01089 0.002345 -0.015487 -0.006293 -4.64328 3.48e-06 5.458095 0.710725 0.399203 0 2 11764 --
rs10828194 C A 0.026958 -0.020869 0.004511 -0.029711 -0.012026 -4.62574 3.79e-06 5.421341 0.542659 0.461333 0 2 12003 --
rs10828195 G C 0.027038 -0.0208 0.004511 -0.029641 -0.011959 -4.611363 4.06e-06 5.391311 0.501087 0.479023 0 2 12003 --
rs13249197 T G 0.237014 0.007749 0.001682 0.004452 0.011045 4.607209 4.14e-06 5.38265 1.273792 0.259056 0.214943 2 11999 ++
rs1343261 T C 0.177446 -0.010872 0.002363 -0.015503 -0.006241 -4.601377 4.26e-06 5.370502 0.136009 0.712281 0 2 11378 --
rs10852916 A G 0.392511 0.006761 0.001473 0.003874 0.009649 4.589779 4.5e-06 5.346388 4.349355 0.037023 0.770081 2 11646 ++
rs73546856 C T 0.237347 0.007701 0.00168 0.004408 0.010994 4.583298 4.65e-06 5.332937 1.315174 0.25146 0.239644 2 12003 ++
rs7785216 G C 0.160993 0.009128 0.001997 0.005214 0.013042 4.570957 4.93e-06 5.307374 0.035229 0.851116 0 2 11041 ++
rs11996411 T C 0.237043 0.007688 0.001682 0.004391 0.010984 4.570629 4.94e-06 5.306695 1.321122 0.250391 0.243068 2 12003 ++
rs8073531 C G 0.393582 0.006732 0.001475 0.003842 0.009623 4.565339 5.06e-06 5.295758 3.361274 0.066746 0.702494 2 11646 ++
rs8074657 T C 0.393676 0.006712 0.001476 0.00382 0.009604 4.548735 5.48e-06 5.2615 3.375776 0.066161 0.703772 2 11646 ++
rs6623773 A G 0.178886 -0.010563 0.002334 -0.015137 -0.005989 -4.52625 6.09e-06 5.215296 0.77291 0.379318 0 2 11764 --
rs7779024 A T 0.157583 0.009012 0.002006 0.00508 0.012944 4.491798 7.16e-06 5.144907 1.7e-05 0.996695 0 2 11041 ++
rs57090004 A G 0.228148 0.00777 0.001731 0.004378 0.011163 4.489535 7.24e-06 5.140301 0.015311 0.901524 0 2 11646 ++
rs74328708 A G 0.077079 -0.011612 0.002608 -0.016723 -0.0065 -4.452484 8.61e-06 5.065189 0.405254 0.524388 0 2 12003 --
rs10950703 G A 0.154444 0.008991 0.002023 0.005027 0.012956 4.444888 8.92e-06 5.04986 0.062244 0.802984 0 2 11041 ++
rs7779555 G A 0.157494 0.008898 0.002007 0.004964 0.012833 4.433142 9.41e-06 5.026206 0.000309 0.985978 0 2 11041 ++
rs77708398 G A 0.1354 -0.009302 0.002103 -0.013425 -0.00518 -4.422384 9.89e-06 5.004589 1.106737 0.292792 0.096443 2 12003 --
