rs_number reference_allele other_allele eaf beta se beta_95L beta_95U z p-value -log10_p-value q_statistic q_p-value i2 n_studies n_samples effects
rs162274 A G 0.05357 0.382591 0.069197 0.246964 0.518218 5.52898 3.3e-08 7.481708 6.140121 0.013215 0.837137 2 336 -+?
rs327580 A G 0.050595 0.383123 0.070815 0.244326 0.52192 5.410202 6.44e-08 7.191176 6.176947 0.012943 0.838108 2 336 -+?
rs327579 A G 0.050595 0.383123 0.070815 0.244326 0.52192 5.410202 6.44e-08 7.191176 6.176947 0.012943 0.838108 2 336 -+?
rs141254240 C T 0.038965 0.289835 0.054835 0.182359 0.397312 5.28559 1.28e-07 6.892765 7.234313 0.026859 0.72354 3 385 -++
rs10512931 G A 0.049108 0.383281 0.074011 0.23822 0.528342 5.178722 2.28e-07 6.642053 6.233232 0.012537 0.83957 2 336 -+?
rs327585 A T 0.049108 0.383281 0.074011 0.23822 0.528342 5.178722 2.28e-07 6.642053 6.233232 0.012537 0.83957 2 336 -+?
rs162271 T C 0.049108 0.383281 0.074011 0.23822 0.528342 5.178722 2.28e-07 6.642053 6.233232 0.012537 0.83957 2 336 -+?
rs327584 C G 0.049108 0.383281 0.074011 0.23822 0.528342 5.178722 2.28e-07 6.642053 6.233232 0.012537 0.83957 2 336 -+?
rs73384655 G A 0.108225 0.359552 0.070113 0.22213 0.496973 5.128173 2.98e-07 6.525138 1.790133 0.18091 0.441382 2 97 -?+
rs113771911 T C 0.05115 0.344177 0.067754 0.21138 0.476975 5.079835 3.85e-07 6.414342 4.269871 0.118252 0.531602 3 391 +++
rs115428819 C T 0.084402 0.259217 0.05119 0.158884 0.359549 5.063812 4.19e-07 6.377833 0.092053 0.955017 0 3 391 +++
rs28681428 G A 0.084402 0.259217 0.05119 0.158884 0.359549 5.063812 4.19e-07 6.377833 0.092053 0.955017 0 3 391 +++
rs145220086 G A 0.01023 0.712493 0.14119 0.435762 0.989225 5.046358 4.59e-07 6.338186 2.802432 0.246297 0.286334 3 391 +++
rs143892757 T A 0.01023 0.712493 0.14119 0.435762 0.989225 5.046358 4.59e-07 6.338186 2.802432 0.246297 0.286334 3 391 +++
chr6:115040028:A:G G A 0.01023 0.712493 0.14119 0.435762 0.989225 5.046358 4.59e-07 6.338186 2.802432 0.246297 0.286334 3 391 +++
rs145796593 G A 0.01023 0.712493 0.14119 0.435762 0.989225 5.046358 4.59e-07 6.338186 2.802432 0.246297 0.286334 3 391 +++
rs74605414 G A 0.017905 0.563789 0.111982 0.344304 0.783275 5.034624 4.88e-07 6.311602 4.254448 0.119168 0.529904 3 391 -++
rs9604304 G A 0.269338 -0.185469 0.037255 -0.258488 -0.11245 -4.978413 6.53e-07 6.185062 1.0671 0.301601 0.06288 2 336 --?
rs10014302 A G 0.078003 0.264901 0.05365 0.159747 0.370055 4.937569 8.05e-07 6.093947 0.285698 0.866885 0 3 391 +++
rs78544423 G A 0.078003 0.264901 0.05365 0.159747 0.370055 4.937569 8.05e-07 6.093947 0.285698 0.866885 0 3 391 +++
rs114307161 A G 0.067009 0.487425 0.09872 0.293933 0.680916 4.937443 8.06e-07 6.093666 0.508997 0.475574 0 2 97 +?+
rs9911998 A G 0.072166 0.439197 0.088972 0.264811 0.613583 4.936329 8.11e-07 6.09119 0.759934 0.383349 0 2 97 +?+
rs6441622 G C 0.148366 -0.211061 0.042948 -0.295238 -0.126883 -4.914353 9.07e-07 6.042467 1.707295 0.425859 0 3 391 ---
rs59495626 C G 0.186727 -0.185907 0.037963 -0.260315 -0.1115 -4.897066 9.9e-07 6.004283 1.619013 0.445078 0 3 391 ---
rs6830442 G A 0.467275 0.164244 0.033717 0.098158 0.230329 4.871248 1.13e-06 5.947486 4.413122 0.035664 0.773403 2 336 -+?
rs28651523 G A 0.079281 0.259313 0.053399 0.154651 0.363976 4.856112 1.22e-06 5.914318 0.302655 0.859566 0 3 391 +++
rs78976091 A T 0.079281 0.259313 0.053399 0.154651 0.363976 4.856112 1.22e-06 5.914318 0.302655 0.859566 0 3 391 +++
rs75853974 G A 0.079281 0.259313 0.053399 0.154651 0.363976 4.856112 1.22e-06 5.914318 0.302655 0.859566 0 3 391 +++
rs35466784 A G 0.17649 -0.192314 0.039788 -0.270298 -0.11433 -4.83351 1.36e-06 5.864969 4.345897 0.113841 0.539796 3 391 ---
rs4072674 T C 0.17649 -0.192314 0.039788 -0.270298 -0.11433 -4.83351 1.36e-06 5.864969 4.345897 0.113841 0.539796 3 391 ---
rs11016039 T C 0.17649 -0.192314 0.039788 -0.270298 -0.11433 -4.83351 1.36e-06 5.864969 4.345897 0.113841 0.539796 3 391 ---
rs2903658 C A 0.47025 0.160997 0.03364 0.095063 0.22693 4.785935 1.73e-06 5.761795 4.702005 0.030127 0.787325 2 336 -+?
rs55690574 T C 0.249356 0.16591 0.034695 0.097907 0.233912 4.781911 1.77e-06 5.753111 7.048844 0.029469 0.716266 3 391 +++
rs73063314 A T 0.0601 0.296363 0.062164 0.174521 0.418205 4.76743 1.9e-06 5.721919 3.119318 0.210208 0.358834 3 391 +++
rs1584058 T G 0.139424 0.21568 0.045301 0.12689 0.304471 4.761009 1.96e-06 5.708115 0.512278 0.774034 0 3 391 +++
rs17814881 A G 0.139424 0.21568 0.045301 0.12689 0.304471 4.761009 1.96e-06 5.708115 0.512278 0.774034 0 3 391 +++
rs1899686 T C 0.139424 0.21568 0.045301 0.12689 0.304471 4.761009 1.96e-06 5.708115 0.512278 0.774034 0 3 391 +++
rs17815037 C T 0.139424 0.21568 0.045301 0.12689 0.304471 4.761009 1.96e-06 5.708115 0.512278 0.774034 0 3 391 +++
rs6480643 T C 0.484535 -0.252888 0.053187 -0.357135 -0.148642 -4.754725 2.02e-06 5.694623 0.560805 0.453936 0 2 97 -?-
rs7071796 T C 0.484535 -0.252888 0.053187 -0.357135 -0.148642 -4.754725 2.02e-06 5.694623 0.560805 0.453936 0 2 97 -?-
rs7904565 A T 0.484535 -0.252888 0.053187 -0.357135 -0.148642 -4.754725 2.02e-06 5.694623 0.560805 0.453936 0 2 97 -?-
rs75091329 G A 0.037083 0.36129 0.076224 0.211892 0.510689 4.739861 2.17e-06 5.662777 0.490449 0.782529 0 3 391 +++
rs78190491 T C 0.037083 0.36129 0.076224 0.211892 0.510689 4.739861 2.17e-06 5.662777 0.490449 0.782529 0 3 391 +++
rs6837827 T G 0.5238 0.160133 0.033914 0.093662 0.226604 4.721787 2.38e-06 5.624176 5.222355 0.022298 0.808516 2 336 -+?
rs7700242 T A 0.5238 0.160133 0.033914 0.093662 0.226604 4.721787 2.38e-06 5.624176 5.222355 0.022298 0.808516 2 336 -+?
rs9943415 A C 0.180325 -0.185431 0.03943 -0.262713 -0.108149 -4.702821 2.61e-06 5.583817 4.291802 0.116963 0.533995 3 391 ---
rs57968223 A T 0.181603 -0.179874 0.038285 -0.254913 -0.104835 -4.698291 2.67e-06 5.574199 2.008003 0.36641 0.003985 3 391 ---
rs7639765 G A 0.294123 0.153764 0.032782 0.089511 0.218017 4.690477 2.77e-06 5.557631 1.72033 0.423092 0 3 391 +++
rs6569292 T C 0.304163 -0.267888 0.057139 -0.37988 -0.155896 -4.68838 2.8e-06 5.553188 0.024667 0.875201 0 2 97 -?-
rs298565 G T 0.042204 -0.34593 0.074002 -0.490974 -0.200886 -4.674608 2.99e-06 5.524061 2.011107 0.365842 0.005523 3 391 ---
rs327577 T C 0.0601 0.278529 0.06024 0.160458 0.396601 4.623621 3.83e-06 5.41691 7.525396 0.023221 0.734233 3 391 -++
rs12128450 T C 0.015762 0.580853 0.125629 0.334621 0.827085 4.623566 3.83e-06 5.416794 0.001363 0.970548 0 2 349 ?++
rs77931494 G C 0.100995 0.239086 0.051714 0.137727 0.340445 4.623254 3.84e-06 5.416142 0.80109 0.669955 0 3 391 +++
rs59846378 C G 0.177768 -0.177262 0.038455 -0.252635 -0.10189 -4.609567 4.1e-06 5.387564 1.242864 0.537175 0 3 391 ---
rs2613667 T C 0.067778 0.258152 0.05622 0.147962 0.368343 4.591852 4.46e-06 5.350695 7.650956 0.021808 0.738595 3 391 -++
rs2624234 A G 0.067778 0.258152 0.05622 0.147962 0.368343 4.591852 4.46e-06 5.350695 7.650956 0.021808 0.738595 3 391 -++
rs2624235 A G 0.067778 0.258152 0.05622 0.147962 0.368343 4.591852 4.46e-06 5.350695 7.650956 0.021808 0.738595 3 391 -++
rs331405 G A 0.067778 0.258152 0.05622 0.147962 0.368343 4.591852 4.46e-06 5.350695 7.650956 0.021808 0.738595 3 391 -++
rs9385272 T C 0.237078 -0.298977 0.06514 -0.426651 -0.171303 -4.589777 4.5e-06 5.346383 0.293178 0.588191 0 2 97 -?-
rs4962261 A C 0.237078 -0.298977 0.06514 -0.426651 -0.171303 -4.589777 4.5e-06 5.346383 0.293178 0.588191 0 2 97 -?-
rs73003438 C T 0.081843 0.249083 0.054338 0.14258 0.355585 4.583951 4.63e-06 5.334292 2.320075 0.313474 0.137959 3 391 +++
rs73336140 T G 0.139413 0.205992 0.044961 0.117868 0.294116 4.581531 4.69e-06 5.329273 0.282308 0.868355 0 3 391 +++
rs35464924 T A 0.153486 0.198257 0.043334 0.113321 0.283193 4.575038 4.83e-06 5.31582 0.177245 0.915191 0 3 391 +++
rs72997241 T G 0.250636 0.156836 0.034384 0.089444 0.224227 4.561352 5.16e-06 5.28752 4.711654 0.094815 0.575521 3 391 +++
rs113708971 T C 0.250636 0.156836 0.034384 0.089444 0.224227 4.561352 5.16e-06 5.28752 4.711654 0.094815 0.575521 3 391 +++
rs17131740 T G 0.250636 0.156836 0.034384 0.089444 0.224227 4.561352 5.16e-06 5.28752 4.711654 0.094815 0.575521 3 391 +++
rs58586304 C A 0.250636 0.156836 0.034384 0.089444 0.224227 4.561352 5.16e-06 5.28752 4.711654 0.094815 0.575521 3 391 +++
rs59242657 A T 0.250636 0.156836 0.034384 0.089444 0.224227 4.561352 5.16e-06 5.28752 4.711654 0.094815 0.575521 3 391 +++
rs80351412 T G 0.250636 0.156836 0.034384 0.089444 0.224227 4.561352 5.16e-06 5.28752 4.711654 0.094815 0.575521 3 391 +++
rs74575303 T C 0.250636 0.156836 0.034384 0.089444 0.224227 4.561352 5.16e-06 5.28752 4.711654 0.094815 0.575521 3 391 +++
rs113045798 T C 0.250636 0.156836 0.034384 0.089444 0.224227 4.561352 5.16e-06 5.28752 4.711654 0.094815 0.575521 3 391 +++
rs17127698 C A 0.250636 0.156836 0.034384 0.089444 0.224227 4.561352 5.16e-06 5.28752 4.711654 0.094815 0.575521 3 391 +++
chr5:7679301:C:T T C 0.410507 0.137672 0.030209 0.078463 0.196882 4.557362 5.26e-06 5.279284 1.625672 0.443598 0 3 391 +++
rs28495207 A G 0.3467 -0.159252 0.03499 -0.227833 -0.090672 -4.551345 5.41e-06 5.266877 1.77489 0.182778 0.436585 2 336 --?
rs162440 A T 0.0665 0.257851 0.056775 0.146572 0.369131 4.541621 5.66e-06 5.246859 7.738242 0.020877 0.741543 3 391 -++
rs913835 A G 0.211366 -0.314666 0.069361 -0.450614 -0.178718 -4.536625 5.8e-06 5.236588 7.463321 0.006297 0.866011 2 97 +?-
rs6957164 T G 0.25064 0.159988 0.035316 0.090769 0.229207 4.530207 5.98e-06 5.223411 3.245854 0.19732 0.383829 3 391 +++
rs2287502 T C 0.25064 0.159988 0.035316 0.090769 0.229207 4.530207 5.98e-06 5.223411 3.245854 0.19732 0.383829 3 391 +++
rs34619684 A G 0.25064 0.159988 0.035316 0.090769 0.229207 4.530207 5.98e-06 5.223411 3.245854 0.19732 0.383829 3 391 +++
rs79871696 A G 0.25064 0.159988 0.035316 0.090769 0.229207 4.530207 5.98e-06 5.223411 3.245854 0.19732 0.383829 3 391 +++
rs36070049 T G 0.25064 0.159988 0.035316 0.090769 0.229207 4.530207 5.98e-06 5.223411 3.245854 0.19732 0.383829 3 391 +++
rs28733815 T C 0.345212 -0.158301 0.034956 -0.226816 -0.089787 -4.528527 6.03e-06 5.219965 1.749482 0.185942 0.428402 2 336 --?
rs4690151 G A 0.502975 0.151752 0.033519 0.086054 0.21745 4.527286 6.06e-06 5.21742 5.17694 0.022889 0.806836 2 336 -+?
rs28519678 G A 0.078003 0.243781 0.053869 0.138198 0.349364 4.525464 6.11e-06 5.213684 0.107707 0.947571 0 3 391 +++
rs115441841 T G 0.078003 0.243781 0.053869 0.138198 0.349364 4.525464 6.11e-06 5.213684 0.107707 0.947571 0 3 391 +++
rs6859325 C T 0.340129 -0.141172 0.031225 -0.202372 -0.079971 -4.52117 6.24e-06 5.204886 0.696511 0.705918 0 3 391 ---
rs4401600 C T 0.462925 -0.141976 0.031403 -0.203526 -0.080425 -4.521047 6.24e-06 5.204634 1.311021 0.519177 0 3 391 ---
rs11142693 A G 0.376279 0.223722 0.049504 0.126694 0.320751 4.519248 6.3e-06 5.20095 0.527519 0.467652 0 2 97 +?+
rs12629263 T C 0.104125 0.249306 0.055196 0.141122 0.35749 4.516758 6.37e-06 5.195853 3.925822 0.04755 0.745276 2 336 -+?
rs6480639 C T 0.484535 -0.239614 0.053123 -0.343736 -0.135493 -4.510553 6.56e-06 5.183164 0.360801 0.548062 0 2 97 -?-
rs9328237 C T 0.038359 0.360341 0.079899 0.203739 0.516943 4.509963 6.58e-06 5.181959 2.998017 0.223351 0.332892 3 391 +++
rs138634660 C G 0.057139 0.208604 0.046263 0.117928 0.29928 4.509048 6.61e-06 5.180089 3.893894 0.142709 0.486375 3 385 +++
chr2:8398593:A:G G A 0.358588 0.156951 0.034817 0.08871 0.225192 4.507915 6.64e-06 5.177773 5.842478 0.015644 0.82884 2 336 -+?
rs28475851 G C 0.089516 0.232834 0.051703 0.131495 0.334173 4.50325 6.79e-06 5.16825 0.093925 0.954123 0 3 391 +++
rs12031633 T C 0.07732 -0.406923 0.090527 -0.584355 -0.22949 -4.495058 7.05e-06 5.151547 1.538554 0.214833 0.350039 2 97 -?-
rs12048426 T G 0.07732 -0.406923 0.090527 -0.584355 -0.22949 -4.495058 7.05e-06 5.151547 1.538554 0.214833 0.350039 2 97 -?-
rs7759311 A G 0.216461 -0.293762 0.065438 -0.42202 -0.165504 -4.489173 7.25e-06 5.139564 0.627447 0.428293 0 2 97 -?-
rs28402770 G C 0.088237 0.232845 0.051977 0.130971 0.33472 4.479786 7.58e-06 5.120482 0.094096 0.954041 0 3 391 +++
rs7607852 T G 0.12529 0.203777 0.04552 0.114558 0.292996 4.476664 7.69e-06 5.114142 3.125851 0.209522 0.360174 3 391 -++
rs173778 A C 0.020834 -0.563118 0.125917 -0.809916 -0.31632 -4.472121 7.85e-06 5.104927 0.399668 0.527261 0 2 336 --?
rs13154373 C A 0.327341 -0.14487 0.032394 -0.208362 -0.081378 -4.472152 7.85e-06 5.10499 0.454175 0.796851 0 3 391 ---
rs6008696 T C 0.232744 -0.154218 0.034529 -0.221895 -0.086541 -4.466347 8.07e-06 5.093226 0.97348 0.614627 0 3 391 ---
rs28648674 T C 0.074167 0.251147 0.056251 0.140895 0.361399 4.464741 8.13e-06 5.089974 0.798208 0.670921 0 3 391 +++
rs13241991 T C 0.249362 0.157246 0.03531 0.088037 0.226454 4.453246 8.58e-06 5.066727 3.381809 0.184353 0.408601 3 391 +++
rs17468799 A G 0.061542 -0.280439 0.06323 -0.404369 -0.156508 -4.435236 9.32e-06 5.030419 0.421814 0.809849 0 3 390 ---
rs2611242 G A 0.072892 0.246437 0.055595 0.137471 0.355404 4.432726 9.43e-06 5.025368 2.634073 0.267928 0.24072 3 391 +++
