rs_number reference_allele other_allele eaf beta se beta_95L beta_95U z p-value -log10_p-value q_statistic q_p-value i2 n_studies n_samples effects
rs10119 A G 0.338132 -0.134959 0.01055 -0.155637 -0.114281 -12.792203 1.99e-37 36.702201 5.927124 0.01491 0.831284 2 8505 --
rs34095326 A G 0.145706 -0.1615 0.014797 -0.190503 -0.132498 -10.914319 1.06e-27 26.973814 0.484625 0.486335 0 2 8505 -+
rs75627662 T C 0.228573 -0.127915 0.011801 -0.151046 -0.104784 -10.838873 2.43e-27 26.614752 11.059622 0.000882 0.909581 2 9011 -+
rs1081105 C A 0.042367 -0.246136 0.025086 -0.295305 -0.196967 -9.811573 1.07e-22 21.969647 0.014171 0.905242 0 2 9012 --
rs112019714 C T 0.043115 -0.238256 0.024845 -0.286952 -0.189561 -9.589805 9.41e-22 21.026509 0.09146 0.762329 0 2 9012 --
rs115881343 T C 0.04182 -0.241684 0.025338 -0.291346 -0.192022 -9.53855 1.54e-21 20.81154 0.008324 0.927307 0 2 8960 --
rs79398853 T C 0.039178 -0.24443 0.026133 -0.295651 -0.193208 -9.353129 9.05e-21 20.043304 0.012948 0.909406 0 2 9005 --
rs112849259 T C 0.039212 -0.243753 0.026082 -0.294873 -0.192633 -9.345774 9.7e-21 20.013135 0.001015 0.974583 0 2 9010 --
rs114536010 T C 0.039065 -0.244467 0.02616 -0.29574 -0.193194 -9.34521 9.75e-21 20.010821 0.015128 0.90211 0 2 8991 --
rs75687619 T G 0.039272 -0.243307 0.026062 -0.294388 -0.192225 -9.335678 1.07e-20 19.971761 0.000682 0.97917 0 2 9012 --
rs116881820 C T 0.03957 -0.242198 0.026039 -0.293235 -0.191162 -9.301341 1.47e-20 19.831373 0.006536 0.935566 0 2 9012 --
rs7259620 A G 0.410529 0.089976 0.009719 0.070926 0.109025 9.257651 2.22e-20 19.653483 0.117867 0.73136 0 2 9012 ++
rs77301115 A G 0.039147 -0.241306 0.02609 -0.292442 -0.190169 -9.248962 2.41e-20 19.618201 0.008093 0.928318 0 2 9011 --
rs150966173 T C 0.041004 -0.233446 0.025751 -0.283918 -0.182973 -9.065419 1.32e-19 18.880512 0.002865 0.957312 0 2 8950 --
rs140480140 A G 0.042973 -0.2218 0.024979 -0.270758 -0.172842 -8.879548 7.11e-19 18.148216 0.003235 0.954646 0 2 9012 --
rs188535946 A G 0.04054 -0.225932 0.025547 -0.276003 -0.175861 -8.843956 9.78e-19 18.009683 0.288531 0.591164 0 2 9012 --
rs59325138 T C 0.365255 0.080579 0.010009 0.06096 0.100197 8.050255 8.68e-16 15.061583 0.449695 0.50248 0 2 9012 ++
rs34878901 T C 0.377064 0.077146 0.009922 0.057699 0.096593 7.775414 7.88e-15 14.103644 0.195158 0.658658 0 2 9012 ++
rs8106922 G A 0.364504 0.077441 0.010026 0.057791 0.097091 7.724308 1.18e-14 13.929082 0.043771 0.83428 0 2 9011 ++
rs429358 C T 0.162797 -0.129243 0.016767 -0.162106 -0.096379 -7.708153 1.34e-14 13.874137 0.245434 0.620309 0 2 3078 --
rs118170342 C T 0.055256 -0.18332 0.023818 -0.230002 -0.136637 -7.696802 1.46e-14 13.835594 0.618399 0.431643 0 2 8308 --
rs4803770 G C 0.347261 0.07871 0.01024 0.05864 0.098779 7.686705 1.58e-14 13.801358 0.398045 0.528101 0 2 8912 ++
rs1305062 C G 0.372327 0.07602 0.009936 0.056545 0.095495 7.650779 2.09e-14 13.679893 0.029918 0.862677 0 2 9012 ++
rs769450 A G 0.374916 0.075512 0.009915 0.056078 0.094946 7.615819 2.74e-14 13.562223 0.459564 0.497828 0 2 9012 ++
rs2238681 T C 0.364488 0.07518 0.010063 0.055457 0.094902 7.471245 8.3e-14 13.081163 0.415486 0.519198 0 2 9012 ++
rs12721051 G C 0.187974 -0.11643 0.015935 -0.147662 -0.085197 -7.306555 2.86e-13 12.544047 0.492424 0.482848 0 2 3083 --
rs3925681 A G 0.376699 0.077418 0.010613 0.056618 0.098219 7.294951 3.11e-13 12.506641 0.074194 0.785326 0 2 8308 ++
rs56131196 A G 0.19305 -0.113838 0.015613 -0.14444 -0.083237 -7.291281 3.2e-13 12.494819 0.079601 0.777839 0 2 3079 --
rs4420638 G A 0.193716 -0.11102 0.015585 -0.141567 -0.080472 -7.123371 1.1e-12 11.960222 0.490245 0.483818 0 2 3079 --
rs147711004 A G 0.041941 -0.172262 0.02529 -0.22183 -0.122694 -6.811537 1e-11 10.999301 0.161343 0.687923 0 2 8970 --
rs438811 T C 0.280646 -0.096348 0.014449 -0.124668 -0.068029 -6.668266 2.68e-11 10.571703 0.060665 0.805448 0 2 3490 --
rs12721056 T G 0.31785 0.072954 0.011021 0.051353 0.094555 6.619617 3.73e-11 10.428492 0.097771 0.754521 0 2 8308 ++
rs484195 A G 0.34205 0.070462 0.010829 0.049238 0.091687 6.507005 7.93e-11 10.100859 0.000289 0.986436 0 2 8308 ++
rs5117 C T 0.238024 -0.093688 0.014533 -0.122172 -0.065204 -6.446703 1.18e-10 9.927632 0.277418 0.598398 0 2 3083 --
rs41289512 G C 0.04953 -0.149569 0.023267 -0.195172 -0.103966 -6.42847 1.33e-10 9.875561 0.243626 0.621599 0 2 8970 --
rs60049679 C G 0.086265 -0.113216 0.017727 -0.147962 -0.078471 -6.386644 1.75e-10 9.75664 1.44048 0.230062 0.305787 2 9012 --
rs4803772 T C 0.308997 0.070836 0.011118 0.049045 0.092627 6.371439 1.93e-10 9.713593 0.01005 0.920147 0 2 8308 ++
rs12462573 A G 0.278855 -0.068742 0.010837 -0.089983 -0.047502 -6.343457 2.32e-10 9.634632 0.048575 0.825561 0 2 9012 --
rs157595 A G 0.341547 0.068509 0.010845 0.047252 0.089766 6.316978 2.75e-10 9.560218 0.003654 0.951798 0 2 8308 ++
rs157594 T G 0.341809 0.06836 0.010842 0.047109 0.089611 6.304941 2.98e-10 9.526488 0.003945 0.949918 0 2 8308 ++
rs78959900 A G 0.314517 0.069818 0.011076 0.048108 0.091528 6.303279 3.01e-10 9.521834 0.749867 0.386518 0 2 8279 ++
rs56317818 T C 0.279906 -0.068206 0.010832 -0.089436 -0.046975 -6.296836 3.13e-10 9.503811 0.124783 0.723904 0 2 9012 --
rs3745150 C G 0.366474 0.060913 0.010092 0.041134 0.080693 6.035991 1.63e-09 8.788886 0.021014 0.88474 0 2 9012 ++
rs6857 T C 0.173882 -0.101285 0.016826 -0.134265 -0.068306 -6.019457 1.8e-09 8.744539 0.468037 0.493892 0 2 3083 --
rs111789331 A T 0.150122 -0.104321 0.017445 -0.138513 -0.070128 -5.979942 2.3e-09 8.63903 0.008131 0.92815 0 2 3083 --
rs2075649 G A 0.358421 0.060985 0.010244 0.040906 0.081063 5.953168 2.7e-09 8.567917 0.189649 0.663208 0 2 8912 ++
rs66626994 A G 0.153179 -0.102089 0.017175 -0.135752 -0.068427 -5.944107 2.86e-09 8.543918 0.668017 0.413744 0 2 3083 --
rs3826688 T C 0.323142 0.064932 0.010996 0.04338 0.086483 5.905282 3.62e-09 8.441484 0.022507 0.880746 0 2 8308 ++
rs12721046 A G 0.148681 -0.102468 0.017506 -0.13678 -0.068157 -5.85336 4.95e-09 8.305493 0.006104 0.937725 0 2 3083 --
rs71352239 T C 0.293191 0.06581 0.011321 0.04362 0.088 5.812899 6.31e-09 8.200312 0.40252 0.525791 0 2 8308 ++
rs584007 A G 0.322137 0.064032 0.011029 0.042416 0.085649 5.805865 6.58e-09 8.182097 0.000339 0.985301 0 2 8306 ++
rs73052335 C A 0.131684 -0.10547 0.018425 -0.141583 -0.069357 -5.724297 1.07e-08 7.9724 0.00955 0.922153 0 2 3083 --
rs4803763 C G 0.27751 -0.061955 0.010856 -0.083233 -0.040678 -5.707066 1.18e-08 7.928464 4.915453 0.026617 0.79656 2 9012 -+
rs157581 C T 0.269821 -0.082125 0.014604 -0.110748 -0.053502 -5.623631 1.92e-08 7.717486 0.263555 0.607688 0 2 3490 --
rs2972559 G C 0.281235 -0.060099 0.010819 -0.081305 -0.038893 -5.554716 2.85e-08 7.545442 2.313339 0.128268 0.567724 2 9012 -+
rs184017 G T 0.265512 -0.081226 0.014636 -0.109913 -0.05254 -5.549827 2.93e-08 7.533312 0.362279 0.547243 0 2 3490 --
rs35396326 G C 0.291015 -0.059299 0.010714 -0.080298 -0.038301 -5.534992 3.19e-08 7.496569 4.702837 0.030113 0.787362 2 9012 -+
rs10410835 T C 0.460342 0.053834 0.009788 0.034649 0.073018 5.499821 3.89e-08 7.409832 1.562835 0.211251 0.360137 2 8912 +-
rs7256200 T G 0.131507 -0.100657 0.018303 -0.13653 -0.064783 -5.499546 3.9e-08 7.409156 5.897485 0.015163 0.830436 2 3083 -+
rs10414043 A G 0.13167 -0.100607 0.018302 -0.136479 -0.064735 -5.497062 3.95e-08 7.40305 5.933228 0.014858 0.831458 2 3083 -+
rs440446 C G 0.322469 0.056895 0.010361 0.036587 0.077203 5.491022 4.09e-08 7.388214 0.654168 0.418626 0 2 8912 ++
rs10402271 G T 0.337044 -0.056693 0.010329 -0.076939 -0.036448 -5.488527 4.15e-08 7.382091 2.51658 0.112655 0.602635 2 9009 -+
rs10402524 C T 0.336858 -0.056269 0.010323 -0.076502 -0.036036 -5.450889 5.13e-08 7.290026 2.221983 0.136058 0.549952 2 9012 -+
chr19:44893408:G:T T G 0.221188 -0.081198 0.0149 -0.110401 -0.051994 -5.449645 5.16e-08 7.286992 0.444086 0.505157 0 2 3083 --
rs2927468 A G 0.461442 0.053274 0.009794 0.034077 0.07247 5.439388 5.47e-08 7.262013 1.628481 0.201913 0.385931 2 8912 +-
rs73048293 A G 0.318058 -0.056689 0.010498 -0.077265 -0.036113 -5.399902 6.82e-08 7.166261 0.004626 0.945773 0 2 9007 --
rs283811 G A 0.261598 -0.078267 0.014517 -0.106722 -0.049813 -5.391241 7.16e-08 7.145346 0.041825 0.837953 0 2 3490 --
rs10406338 C T 0.341713 -0.054953 0.010312 -0.075164 -0.034741 -5.329038 1.01e-07 6.996068 3.100616 0.078263 0.677483 2 9012 -+
rs10405693 T C 0.338065 -0.054928 0.010339 -0.075192 -0.034664 -5.31278 1.1e-07 6.957318 3.706054 0.054215 0.730171 2 9005 -+
rs12459575 A G 0.317799 -0.055432 0.010495 -0.076002 -0.034862 -5.281878 1.31e-07 6.883974 0.020587 0.88591 0 2 9012 --
rs10412413 T C 0.344601 -0.053762 0.010259 -0.07387 -0.033654 -5.24043 1.64e-07 6.786233 4.09275 0.043068 0.755666 2 9012 -+
rs4803758 T G 0.344601 -0.053701 0.010259 -0.073809 -0.033593 -5.234443 1.69e-07 6.772175 4.086903 0.043217 0.755316 2 9012 -+
rs58132661 T A 0.343196 -0.053573 0.010269 -0.0737 -0.033447 -5.217153 1.85e-07 6.731659 3.585533 0.058285 0.721101 2 9012 -+
rs58826447 A T 0.343196 -0.053573 0.010269 -0.0737 -0.033447 -5.217153 1.85e-07 6.731659 3.585533 0.058285 0.721101 2 9012 -+
rs58446550 A C 0.343196 -0.053573 0.010269 -0.0737 -0.033447 -5.217153 1.85e-07 6.731659 3.585533 0.058285 0.721101 2 9012 -+
rs2927480 C G 0.314632 -0.054549 0.010551 -0.075228 -0.03387 -5.17019 2.39e-07 6.622244 1.280608 0.257786 0.219121 2 9012 -+
rs4803762 A G 0.321902 -0.053667 0.010449 -0.074146 -0.033187 -5.136119 2.86e-07 6.543446 0.000571 0.98093 0 2 9012 --
rs7254133 T C 0.324187 -0.056694 0.011182 -0.078612 -0.034777 -5.069938 4.06e-07 6.39178 11.413947 0.000729 0.912388 2 8308 -+
rs4803761 G A 0.327639 -0.05258 0.010399 -0.072961 -0.032199 -5.05642 4.35e-07 6.361027 3.5e-05 0.995305 0 2 9012 --
rs7359852 C T 0.3253 -0.051788 0.010403 -0.072179 -0.031398 -4.978016 6.54e-07 6.184172 4.242635 0.039421 0.764297 2 9012 -+
rs59551674 G A 0.023112 -0.175126 0.03579 -0.245274 -0.104977 -4.893114 1.01e-06 5.99557 0.351197 0.553437 0 2 8408 --
chr19:44909976:G:T T G 0.067866 0.090739 0.018575 0.054331 0.127146 4.884893 1.05e-06 5.977469 0.665131 0.414754 0 2 9012 ++
rs10034686 A G 0.223263 0.070945 0.014533 0.04246 0.09943 4.881527 1.07e-06 5.970065 0.568961 0.450672 0 2 3588 ++
rs7336003 C A 0.437678 -0.048441 0.009967 -0.067976 -0.028906 -4.860319 1.19e-06 5.923528 1.806272 0.178956 0.446374 2 8910 --
rs3021439 A G 0.320216 -0.050756 0.010467 -0.071271 -0.030241 -4.84918 1.26e-06 5.89916 7.561627 0.005962 0.867753 2 9012 -+
rs12529256 G A 0.260989 -0.053219 0.011052 -0.07488 -0.031558 -4.815486 1.49e-06 5.825769 0.131361 0.717025 0 2 9012 --
rs71352238 C T 0.144727 -0.086871 0.018121 -0.122388 -0.051354 -4.793917 1.66e-06 5.779039 0.06379 0.800603 0 2 3083 --
rs12613092 A G 0.452125 -0.048571 0.010171 -0.068505 -0.028636 -4.775502 1.82e-06 5.739294 0.007678 0.930174 0 2 8241 --
rs1367257 C G 0.455468 -0.048166 0.010148 -0.068057 -0.028276 -4.746258 2.11e-06 5.676472 0.027392 0.868546 0 2 8241 --
rs12612559 T C 0.45178 -0.048217 0.010169 -0.068149 -0.028285 -4.741349 2.16e-06 5.665959 0.003245 0.954573 0 2 8241 --
rs17314289 G A 0.451802 -0.048217 0.010169 -0.068149 -0.028285 -4.741349 2.16e-06 5.665959 0.003245 0.954573 0 2 8241 --
rs17314310 C T 0.451802 -0.048217 0.010169 -0.068149 -0.028285 -4.741349 2.16e-06 5.665959 0.003245 0.954573 0 2 8241 --
rs12972156 G C 0.144591 -0.085274 0.018008 -0.120571 -0.049978 -4.735249 2.22e-06 5.652913 0.058693 0.808574 0 2 3083 --
rs12972970 A G 0.144591 -0.085274 0.018008 -0.120571 -0.049978 -4.735249 2.22e-06 5.652913 0.058693 0.808574 0 2 3083 --
rs35249779 A G 0.451934 -0.048117 0.010168 -0.068046 -0.028188 -4.732189 2.26e-06 5.646374 0.001673 0.967371 0 2 8241 --
rs7587655 T A 0.451934 -0.048117 0.010168 -0.068046 -0.028188 -4.732189 2.26e-06 5.646374 0.001673 0.967371 0 2 8241 --
rs6757235 T C 0.451802 -0.048121 0.010171 -0.068056 -0.028185 -4.731089 2.27e-06 5.644024 0.00294 0.956757 0 2 8241 --
rs6705105 C A 0.451802 -0.048121 0.010171 -0.068056 -0.028185 -4.731089 2.27e-06 5.644024 0.00294 0.956757 0 2 8241 --
rs6705434 G C 0.451802 -0.048121 0.010171 -0.068056 -0.028185 -4.731089 2.27e-06 5.644024 0.00294 0.956757 0 2 8241 --
rs7422313 A G 0.451977 -0.048073 0.010169 -0.068004 -0.028142 -4.727464 2.31e-06 5.636285 0.003103 0.955578 0 2 8241 --
rs11689472 A C 0.451912 -0.048073 0.010169 -0.068004 -0.028142 -4.727464 2.31e-06 5.636285 0.003103 0.955578 0 2 8241 --
rs6547461 T A 0.451912 -0.048073 0.010169 -0.068004 -0.028142 -4.727464 2.31e-06 5.636285 0.003103 0.955578 0 2 8241 --
rs1560377 G A 0.455302 -0.047974 0.010149 -0.067867 -0.028082 -4.726916 2.32e-06 5.635116 0.015732 0.900186 0 2 8241 --
rs62149052 C T 0.451869 -0.048066 0.010169 -0.067998 -0.028134 -4.726481 2.32e-06 5.634189 0.003393 0.95355 0 2 8241 --
rs7422727 T G 0.452055 -0.048027 0.010181 -0.067982 -0.028071 -4.717142 2.43e-06 5.614278 0.002957 0.956633 0 2 8235 --
rs2195618 A G 0.455321 -0.04781 0.01014 -0.067684 -0.027935 -4.714902 2.46e-06 5.609507 0.017723 0.894092 0 2 8241 --
rs34404554 G C 0.146393 -0.08421 0.017861 -0.119218 -0.049202 -4.714666 2.46e-06 5.609004 2.016929 0.155553 0.504197 2 3083 -+
rs56386742 A G 0.044632 0.077761 0.016493 0.045433 0.110088 4.714646 2.46e-06 5.608963 0.795834 0.372342 0 2 8855 ++
rs11676151 A T 0.458156 -0.047825 0.010151 -0.067721 -0.02793 -4.711476 2.5e-06 5.602216 0.001875 0.965458 0 2 8241 --
rs6705528 G C 0.452071 -0.047925 0.010174 -0.067867 -0.027984 -4.710447 2.51e-06 5.600027 0.014598 0.903833 0 2 8241 --
rs62149053 A C 0.451845 -0.047894 0.010169 -0.067826 -0.027963 -4.709873 2.52e-06 5.598806 0.002559 0.959653 0 2 8241 --
rs12620638 C T 0.456472 -0.047673 0.010131 -0.06753 -0.027816 -4.705603 2.57e-06 5.589727 0.007328 0.931781 0 2 8241 --
rs6547458 G A 0.451745 -0.047876 0.010174 -0.067817 -0.027936 -4.705828 2.57e-06 5.590205 0.002232 0.962322 0 2 8241 --
rs4392290 T C 0.455418 -0.04772 0.010151 -0.067615 -0.027825 -4.701206 2.63e-06 5.580389 0.009723 0.921454 0 2 8241 --
rs11668327 C G 0.152319 0.06208 0.013209 0.036191 0.087969 4.699911 2.64e-06 5.577639 1.258166 0.261999 0.205192 2 8912 ++
rs11674296 T G 0.455147 -0.047653 0.010145 -0.067536 -0.027769 -4.697335 2.68e-06 5.572172 0.01126 0.915494 0 2 8241 --
rs6743999 C T 0.455147 -0.047653 0.010145 -0.067536 -0.027769 -4.697335 2.68e-06 5.572172 0.01126 0.915494 0 2 8241 --
chr2:83208087:T:C T C 0.452901 -0.047681 0.010163 -0.067599 -0.027762 -4.691744 2.75e-06 5.560316 0.035037 0.851518 0 2 8241 --
rs2221434 A G 0.1687 0.073495 0.015665 0.042792 0.104198 4.69177 2.75e-06 5.560371 1.810969 0.178392 0.447809 2 3590 ++
rs3806179 A C 0.148282 -0.063406 0.013518 -0.089902 -0.03691 -4.690392 2.77e-06 5.557451 0.982699 0.321533 0 2 9012 --
rs7719535 T C 0.427607 0.045424 0.009689 0.026434 0.064414 4.688265 2.8e-06 5.552945 5.532699 0.018664 0.819256 2 9012 +-
rs6744953 T A 0.456865 -0.047345 0.010124 -0.067188 -0.027501 -4.676435 2.97e-06 5.527919 0.047578 0.827333 0 2 8241 --
rs7412 T C 0.066799 0.087657 0.018766 0.050876 0.124439 4.671076 3.04e-06 5.516603 0.904392 0.341607 0 2 9003 ++
rs6737504 A G 0.452976 -0.047408 0.010159 -0.06732 -0.027496 -4.666581 3.11e-06 5.507119 0.032158 0.857681 0 2 8241 --
rs62231803 G A 0.028181 -0.136914 0.029346 -0.194431 -0.079396 -4.665542 3.13e-06 5.504927 1.194117 0.274501 0.162561 2 8912 -+
rs11556505 T C 0.147519 -0.082857 0.017793 -0.117731 -0.047984 -4.65681 3.26e-06 5.486534 2.699163 0.100401 0.629515 2 3083 -+
rs10059441 A G 0.422707 0.045126 0.009728 0.026059 0.064193 4.638667 3.56e-06 5.448415 7.797502 0.005232 0.871754 2 9012 +-
rs12463782 T C 0.454997 -0.04799 0.010355 -0.068286 -0.027693 -4.63424 3.64e-06 5.439136 0.094122 0.759001 0 2 8139 --
rs6580533 C T 0.426142 0.044905 0.009691 0.02591 0.0639 4.63349 3.65e-06 5.437565 8.124816 0.004366 0.87692 2 9011 +-
rs36056267 T C 0.422647 0.045042 0.009727 0.025977 0.064108 4.630504 3.7e-06 5.431311 7.785652 0.005266 0.871559 2 9012 +-
rs6860003 C T 0.426099 0.044846 0.00969 0.025853 0.063839 4.627876 3.75e-06 5.425808 8.115759 0.004388 0.876783 2 9012 +-
rs34258096 A G 0.426099 0.044846 0.00969 0.025853 0.063839 4.627876 3.75e-06 5.425808 8.115759 0.004388 0.876783 2 9012 +-
rs449647 T A 0.169182 0.059448 0.012848 0.034265 0.084631 4.626888 3.77e-06 5.423742 5.255953 0.021872 0.80974 2 9012 +-
rs12717962 A G 0.42397 0.045595 0.009872 0.026246 0.064943 4.618635 3.92e-06 5.40649 4.830531 0.02796 0.792983 2 8912 +-
rs9885020 C T 0.426099 0.044735 0.00969 0.025742 0.063729 4.616468 3.96e-06 5.401964 8.098885 0.004429 0.876526 2 9012 +-
rs7702990 T C 0.426099 0.044735 0.00969 0.025742 0.063729 4.616468 3.96e-06 5.401964 8.098885 0.004429 0.876526 2 9012 +-
rs17013444 C T 0.086889 -0.078116 0.016938 -0.111314 -0.044917 -4.61181 4.05e-06 5.392242 0.660122 0.416517 0 2 9012 --
rs12997840 G A 0.454997 -0.046841 0.010164 -0.066763 -0.02692 -4.608497 4.12e-06 5.385335 0.114182 0.735433 0 2 8241 --
rs62587732 C G 0.054216 0.070734 0.015351 0.040646 0.100821 4.607793 4.13e-06 5.383867 0.916497 0.338396 0 2 8855 ++
rs2075650 G A 0.149435 -0.081259 0.017668 -0.115888 -0.046631 -4.599309 4.3e-06 5.366198 3.158894 0.075514 0.683433 2 3083 -+
rs7716861 G A 0.422881 0.044693 0.009731 0.02562 0.063766 4.592862 4.44e-06 5.352792 7.736981 0.00541 0.870751 2 9012 +-
rs17419851 T C 0.128128 -0.06557 0.014284 -0.093567 -0.037573 -4.590387 4.49e-06 5.347651 0.324303 0.569033 0 2 9010 --
rs2850710 G A 0.42054 -0.044692 0.009738 -0.063779 -0.025605 -4.589373 4.51e-06 5.345544 0.74321 0.388635 0 2 9012 --
rs2590395 G A 0.424392 -0.044666 0.009735 -0.063747 -0.025585 -4.58815 4.54e-06 5.343006 1.045617 0.306519 0.043627 2 9012 --
rs12627105 C T 0.330851 0.04862 0.010598 0.027849 0.069391 4.587802 4.55e-06 5.342282 0.059199 0.807767 0 2 8912 ++
rs1995626 C T 0.228354 0.066159 0.014446 0.037846 0.094473 4.579869 4.72e-06 5.325827 0.054103 0.816072 0 2 3073 ++
rs6693195 A T 0.354653 0.046898 0.010258 0.026792 0.067005 4.571704 4.91e-06 5.308918 0.022864 0.879812 0 2 8912 ++
rs6580532 C T 0.425443 0.044313 0.009695 0.025311 0.063315 4.570719 4.93e-06 5.30688 8.035041 0.004588 0.875545 2 9012 +-
rs6884944 T C 0.425443 0.044313 0.009695 0.025311 0.063315 4.570719 4.93e-06 5.30688 8.035041 0.004588 0.875545 2 9012 +-
rs10077607 C A 0.425443 0.044313 0.009695 0.025311 0.063315 4.570719 4.93e-06 5.30688 8.035041 0.004588 0.875545 2 9012 +-
rs10055396 A G 0.425503 0.044313 0.009695 0.025311 0.063315 4.570719 4.93e-06 5.30688 8.035041 0.004588 0.875545 2 9012 +-
rs35696310 T A 0.425503 0.044313 0.009695 0.025311 0.063315 4.570719 4.93e-06 5.30688 8.035041 0.004588 0.875545 2 9012 +-
rs12653723 A G 0.425443 0.044313 0.009695 0.025311 0.063315 4.570719 4.93e-06 5.30688 8.035041 0.004588 0.875545 2 9012 +-
rs12653724 A G 0.425443 0.044313 0.009695 0.025311 0.063315 4.570719 4.93e-06 5.30688 8.035041 0.004588 0.875545 2 9012 +-
rs34339574 T C 0.425443 0.044313 0.009695 0.025311 0.063315 4.570719 4.93e-06 5.30688 8.035041 0.004588 0.875545 2 9012 +-
rs35217112 G A 0.425443 0.044313 0.009695 0.025311 0.063315 4.570719 4.93e-06 5.30688 8.035041 0.004588 0.875545 2 9012 +-
rs6870548 G A 0.425443 0.044313 0.009695 0.025311 0.063315 4.570719 4.93e-06 5.30688 8.035041 0.004588 0.875545 2 9012 +-
rs6896988 T C 0.425443 0.044313 0.009695 0.025311 0.063315 4.570719 4.93e-06 5.30688 8.035041 0.004588 0.875545 2 9012 +-
rs35491588 G C 0.425329 0.044281 0.009694 0.025281 0.063282 4.567902 5e-06 5.301054 8.030161 0.0046 0.875469 2 9012 +-
rs13179181 C T 0.423529 0.045048 0.009867 0.025709 0.064388 4.56556 5.06e-06 5.296212 5.620505 0.017752 0.82208 2 8912 +-
rs9885181 A T 0.425502 0.044218 0.009693 0.02522 0.063217 4.561799 5.15e-06 5.288443 8.020446 0.004625 0.875319 2 9012 +-
rs6871633 C A 0.423399 0.044284 0.009712 0.025248 0.06332 4.55959 5.2e-06 5.283882 8.55372 0.003448 0.883092 2 9012 +-
rs9885022 C T 0.425443 0.044202 0.009695 0.0252 0.063204 4.559317 5.21e-06 5.28332 8.018252 0.004631 0.875285 2 9012 +-
rs9885023 C T 0.425443 0.044202 0.009695 0.0252 0.063204 4.559317 5.21e-06 5.28332 8.018252 0.004631 0.875285 2 9012 +-
rs73442564 T C 0.05073 0.097921 0.021484 0.055812 0.14003 4.557826 5.25e-06 5.280242 2.401243 0.121239 0.583549 2 9012 ++
rs9885208 T C 0.425562 0.044146 0.009693 0.025147 0.063144 4.554357 5.33e-06 5.273087 8.009497 0.004653 0.875148 2 9012 +-
rs9885332 G C 0.425503 0.0441 0.009693 0.025102 0.063099 4.549622 5.45e-06 5.263327 8.002534 0.004671 0.87504 2 9012 +-
rs9885333 G T 0.425503 0.0441 0.009693 0.025102 0.063099 4.549622 5.45e-06 5.263327 8.002534 0.004671 0.87504 2 9012 +-
rs2676674 G A 0.420243 -0.044229 0.009736 -0.063312 -0.025146 -4.542774 5.63e-06 5.24923 0.776162 0.378317 0 2 9012 --
rs4269285 T C 0.422227 0.044682 0.009848 0.02538 0.063985 4.537035 5.79e-06 5.237431 5.452676 0.019538 0.816604 2 8912 +-
rs10041939 G T 0.422585 0.044112 0.009736 0.02503 0.063194 4.530987 5.96e-06 5.225013 7.525593 0.006083 0.86712 2 9012 +-
rs4270684 C T 0.422221 0.044593 0.009846 0.025295 0.063892 4.528959 6.01e-06 5.22085 5.241985 0.022048 0.809233 2 8912 +-
rs57320602 G C 0.448478 -0.045964 0.010151 -0.06586 -0.026069 -4.528125 6.04e-06 5.219141 2e-06 0.998923 0 2 8241 --
rs9885270 A G 0.425501 0.043858 0.009697 0.024851 0.062865 4.522666 6.2e-06 5.207949 7.758449 0.005346 0.871108 2 9012 +-
rs4452547 C T 0.422132 0.044493 0.009847 0.025193 0.063793 4.518405 6.32e-06 5.199224 5.275453 0.021628 0.810443 2 8912 +-
rs9325084 G C 0.422193 0.044491 0.009849 0.025187 0.063795 4.517369 6.35e-06 5.197103 5.275384 0.021629 0.81044 2 8912 +-
rs2400493 G A 0.422221 0.044427 0.009846 0.025128 0.063726 4.51206 6.51e-06 5.186244 5.227783 0.022229 0.808714 2 8912 +-
rs767569 T C 0.422221 0.044427 0.009846 0.025128 0.063726 4.51206 6.51e-06 5.186244 5.227783 0.022229 0.808714 2 8912 +-
rs1974627 T G 0.422282 0.044427 0.009846 0.025128 0.063726 4.51206 6.51e-06 5.186244 5.227783 0.022229 0.808714 2 8912 +-
rs2400496 A G 0.422316 0.044416 0.009846 0.025118 0.063715 4.510979 6.55e-06 5.184035 5.226875 0.02224 0.808681 2 8912 +-
rs114634328 C G 0.050977 0.099597 0.022131 0.056219 0.142974 4.500257 6.88e-06 5.162144 2.41794 0.119953 0.586425 2 8970 +-
rs9309022 A G 0.116632 0.067614 0.015039 0.038137 0.097091 4.495802 7.03e-06 5.153061 0.007058 0.933045 0 2 9012 ++
rs6864124 A C 0.42528 0.043504 0.009698 0.024495 0.062512 4.485709 7.37e-06 5.132518 8.025944 0.004611 0.875404 2 9012 +-
rs2466445 A G 0.097195 -0.07575 0.016898 -0.108869 -0.04263 -4.482856 7.47e-06 5.126719 0.45766 0.498719 0 2 8912 --
rs6867695 T C 0.42544 0.04347 0.009697 0.024463 0.062477 4.482671 7.48e-06 5.126342 7.700702 0.00552 0.870142 2 9012 +-
rs2850712 C A 0.422312 -0.043579 0.009722 -0.062635 -0.024524 -4.482418 7.48e-06 5.125828 1.299195 0.25436 0.230293 2 8999 --
rs11075432 C T 0.151038 0.060449 0.013496 0.033996 0.086902 4.478858 7.61e-06 5.118598 0.331595 0.564721 0 2 9012 ++
rs12332677 C T 0.45977 0.044034 0.009833 0.024761 0.063307 4.478019 7.64e-06 5.116893 9.534522 0.002016 0.895118 2 8505 +-
rs112803230 T G 0.097945 -0.075321 0.016858 -0.108362 -0.04228 -4.468078 8e-06 5.096732 0.304811 0.580882 0 2 8912 --
rs12332436 T C 0.459834 0.043871 0.009834 0.024596 0.063146 4.461001 8.27e-06 5.082405 9.514873 0.002038 0.894901 2 8505 +-
rs11075433 C T 0.151195 0.060191 0.0135 0.03373 0.086651 4.458426 8.37e-06 5.077196 0.323523 0.569498 0 2 8998 ++
rs9325080 T C 0.423842 0.043336 0.009725 0.024276 0.062397 4.456211 8.46e-06 5.072719 6.06162 0.013815 0.835028 2 9012 +-
rs11075429 C G 0.151157 0.060075 0.013495 0.033625 0.086525 4.451736 8.64e-06 5.063679 0.320651 0.571216 0 2 9012 ++
rs72725900 A T 0.148895 -0.060081 0.013505 -0.086552 -0.03361 -4.448646 8.76e-06 5.057441 0.360965 0.547971 0 2 9012 --
rs34342646 A G 0.147657 -0.079472 0.017865 -0.114488 -0.044456 -4.448389 8.77e-06 5.056923 1.874226 0.170992 0.466446 2 3083 -+
rs2723156 T C 0.097523 -0.075154 0.016921 -0.108319 -0.04199 -4.441573 9.05e-06 5.043179 0.202738 0.65252 0 2 8912 --
rs10865134 T C 0.116334 0.066773 0.015035 0.037305 0.096242 4.441174 9.07e-06 5.042374 1e-06 0.999064 0 2 9007 ++
rs61962338 C A 0.274139 -0.04829 0.010881 -0.069618 -0.026963 -4.437876 9.21e-06 5.035733 1.627999 0.20198 0.385749 2 8912 --
rs2708924 A C 0.097758 -0.074802 0.016873 -0.107872 -0.041731 -4.43326 9.41e-06 5.026442 0.305818 0.580258 0 2 8912 --
rs6898179 G T 0.423901 0.043045 0.009723 0.023988 0.062102 4.427075 9.68e-06 5.01401 6.025675 0.014099 0.834043 2 9012 +-
rs4448092 C T 0.1031 -0.069995 0.015813 -0.100988 -0.039002 -4.426481 9.71e-06 5.012816 2.562147 0.10945 0.609702 2 9012 -+
rs644025 G A 0.273816 -0.048205 0.010897 -0.069563 -0.026846 -4.423532 9.84e-06 5.006895 1.662858 0.197218 0.398626 2 8911 --
rs10065999 C T 0.423323 0.043023 0.00973 0.023953 0.062093 4.42191 9.92e-06 5.003638 6.023467 0.014117 0.833983 2 9012 +-
