rs_number reference_allele other_allele eaf beta se beta_95L beta_95U z p-value -log10_p-value q_statistic q_p-value i2 n_studies n_samples effects
rs112829554 G A 0.018673 -1.50733 0.239582 -1.976911 -1.037749 -6.291493 3.24e-10 9.488878 8.435578 0.003679 0.881454 2 930 --
rs7975865 A C 0.018294 -1.400447 0.259046 -1.908177 -0.892717 -5.406171 6.59e-08 7.18142 4.635926 0.031309 0.784293 2 930 --
rs12812783 A C 0.017908 -1.400447 0.259046 -1.908177 -0.892717 -5.406171 6.59e-08 7.18142 4.635926 0.031309 0.784293 2 930 --
rs2714262 G A 0.024205 -1.329418 0.256487 -1.832133 -0.826704 -5.183176 2.23e-07 6.652407 8.885391 0.002875 0.887456 2 930 --
rs142538295 A C 0.013678 -1.434918 0.279444 -1.982628 -0.887207 -5.134902 2.88e-07 6.540641 1.207685 0.271791 0.17197 2 930 --
rs2679436 T C 0.022675 -1.308051 0.265265 -1.82797 -0.788132 -4.931114 8.33e-07 6.079609 9.733098 0.00181 0.897258 2 930 --
rs2705864 G A 0.023668 -1.312862 0.267942 -1.838029 -0.787695 -4.899792 9.77e-07 6.010295 8.37754 0.003799 0.880633 2 930 --
rs58912493 T C 0.250849 0.378922 0.07784 0.226355 0.531488 4.867945 1.15e-06 5.94024 0.008511 0.926496 0 2 930 ++
rs17779592 A G 0.01199 -1.626479 0.342602 -2.29798 -0.954979 -4.747428 2.09e-06 5.678977 4.681982 0.030481 0.786415 2 930 --
rs375318167 G C 0.010221 -1.459626 0.308773 -2.06482 -0.854431 -4.727186 2.31e-06 5.635692 5.342342 0.020813 0.812816 2 930 --
rs61951764 A G 0.010064 -1.604492 0.341522 -2.273874 -0.93511 -4.69807 2.67e-06 5.57373 10.594328 0.001134 0.90561 2 930 --
rs6432517 T C 0.143677 0.421284 0.090881 0.243157 0.599411 4.635547 3.62e-06 5.441875 0.051602 0.820298 0 2 930 ++
rs12652413 T G 0.0103 -1.535949 0.333247 -2.189112 -0.882785 -4.609041 4.11e-06 5.386468 3.495014 0.061554 0.713878 2 930 --
rs113390505 G A 0.017134 -1.211054 0.262906 -1.726351 -0.695758 -4.606409 4.16e-06 5.380982 4.667899 0.030732 0.785771 2 930 --
rs143363001 C G 0.023128 -0.958811 0.208737 -1.367935 -0.549687 -4.5934 4.43e-06 5.353911 0.174883 0.675808 0 2 930 --
rs117891240 C T 0.023128 -0.958811 0.208737 -1.367935 -0.549687 -4.5934 4.43e-06 5.353911 0.174883 0.675808 0 2 930 --
rs150893286 G T 0.023128 -0.958811 0.208737 -1.367935 -0.549687 -4.5934 4.43e-06 5.353911 0.174883 0.675808 0 2 930 --
rs139785846 A G 0.023128 -0.958811 0.208737 -1.367935 -0.549687 -4.5934 4.43e-06 5.353911 0.174883 0.675808 0 2 930 --
rs79542343 T G 0.010601 -1.434843 0.31362 -2.049537 -0.820148 -4.575103 4.83e-06 5.315955 3.576569 0.0586 0.720402 2 930 --
rs998608 T C 0.265274 0.349969 0.076642 0.19975 0.500187 4.566268 5.04e-06 5.297677 0.04277 0.83616 0 2 930 ++
rs6923288 G T 0.270009 0.348665 0.076355 0.199009 0.49832 4.566374 5.04e-06 5.297896 0.489557 0.484125 0 2 930 ++
rs2281278 C T 0.060389 -0.970735 0.213404 -1.389007 -0.552463 -4.548811 5.47e-06 5.261657 2.405305 0.120925 0.584252 2 916 --
rs9494790 C T 0.265695 0.34804 0.076609 0.197886 0.498194 4.543065 5.63e-06 5.249829 0.349654 0.554309 0 2 930 ++
rs113651630 T C 0.02275 -0.972328 0.214557 -1.392859 -0.551797 -4.531804 5.93e-06 5.226688 0.010517 0.91832 0 2 930 --
rs114285135 C A 0.011761 -1.34291 0.296772 -1.924583 -0.761237 -4.525055 6.13e-06 5.212845 6.771225 0.009264 0.852316 2 930 --
rs113310167 G C 0.010064 -1.471966 0.326127 -2.111174 -0.832757 -4.513477 6.47e-06 5.189141 4.270418 0.038781 0.765831 2 930 --
rs7160977 A C 0.27001 0.348393 0.077285 0.196914 0.499873 4.507883 6.64e-06 5.177709 0.659617 0.416695 0 2 928 ++
rs9888596 G A 0.270348 0.347756 0.077165 0.196512 0.499 4.506647 6.68e-06 5.175184 0.645692 0.421657 0 2 930 ++
rs5931709 A G 0.010163 1.899207 0.42211 1.071871 2.726543 4.499315 6.91e-06 5.160223 2.147039 0.142845 0.534242 2 916 ++
rs62434139 A G 0.27055 0.342646 0.076264 0.193168 0.492124 4.492877 7.13e-06 5.147103 0.324402 0.568974 0 2 930 ++
rs6905769 C T 0.270886 0.342646 0.076264 0.193168 0.492124 4.492877 7.13e-06 5.147103 0.324402 0.568974 0 2 930 ++
rs1572046 G A 0.271643 0.342109 0.076224 0.192711 0.491507 4.488235 7.28e-06 5.137656 0.331415 0.564827 0 2 930 ++
rs9494795 C T 0.271643 0.342109 0.076224 0.192711 0.491507 4.488235 7.28e-06 5.137656 0.331415 0.564827 0 2 930 ++
rs6936234 C T 0.271643 0.342109 0.076224 0.192711 0.491507 4.488235 7.28e-06 5.137656 0.331415 0.564827 0 2 930 ++
rs9640004 C T 0.018907 -0.967713 0.215662 -1.39041 -0.545016 -4.487182 7.32e-06 5.135513 0.150502 0.698056 0 2 930 --
rs113075288 T A 0.018907 -0.967713 0.215662 -1.39041 -0.545016 -4.487182 7.32e-06 5.135513 0.150502 0.698056 0 2 930 --
rs6931435 T C 0.27055 0.341053 0.076264 0.191575 0.490531 4.471989 7.86e-06 5.10466 0.346312 0.556208 0 2 930 ++
rs9494794 G A 0.272335 0.34035 0.076224 0.190952 0.489748 4.465154 8.11e-06 5.090811 0.3559 0.550792 0 2 927 ++
rs149841795 T C 0.01852 -0.964517 0.216146 -1.388163 -0.540871 -4.462343 8.22e-06 5.085119 0.164882 0.684701 0 2 930 --
rs150364269 T C 0.01852 -0.964517 0.216146 -1.388163 -0.540871 -4.462343 8.22e-06 5.085119 0.164882 0.684701 0 2 930 --
rs116917620 T C 0.01852 -0.964517 0.216146 -1.388163 -0.540871 -4.462343 8.22e-06 5.085119 0.164882 0.684701 0 2 930 --
rs147761802 C G 0.021598 -0.951501 0.213235 -1.369442 -0.53356 -4.462211 8.23e-06 5.084853 0.218094 0.640496 0 2 930 --
rs118012331 A G 0.02106 -0.995199 0.224222 -1.434675 -0.555724 -4.438453 9.19e-06 5.036894 0.030904 0.860454 0 2 930 --
rs73023638 G C 0.016368 -1.045383 0.235561 -1.507082 -0.583684 -4.43785 9.21e-06 5.035681 0.005314 0.941888 0 2 930 --
rs150045717 C T 0.021843 -0.991512 0.223948 -1.43045 -0.552574 -4.427419 9.67e-06 5.014701 0.037488 0.846476 0 2 929 --
rs60430260 A C 0.276688 0.338115 0.076386 0.188398 0.487832 4.426391 9.71e-06 5.012635 0.389623 0.532498 0 2 930 ++
