rs_number reference_allele other_allele eaf beta se beta_95L beta_95U z p-value -log10_p-value q_statistic q_p-value i2 n_studies n_samples effects
rs10119 A G 0.333538 -0.016735 0.001051 -0.018794 -0.014676 -15.928603 4.49e-57 56.347842 13.163719 0.000285 0.924034 2 9739 --
rs34095326 A G 0.137634 -0.023494 0.00152 -0.026473 -0.020516 -15.460338 7.17e-54 53.144542 8.823969 0.002973 0.886672 2 9739 -+
rs75627662 T C 0.217279 -0.016357 0.001174 -0.018658 -0.014056 -13.935008 4.29e-44 43.367885 34.187606 5e-09 0.97075 2 10911 -+
rs429358 C T 0.162527 -0.019201 0.001551 -0.022241 -0.016162 -12.383021 3.53e-35 34.452732 1.478121 0.224069 0.323466 2 4201 --
rs7259620 A G 0.409789 0.010595 0.000956 0.008721 0.012469 11.081671 1.66e-28 27.779031 1.474885 0.224577 0.321981 2 10910 ++
rs769449 A G 0.117084 -0.019704 0.001796 -0.023225 -0.016183 -10.968824 5.82e-28 27.234741 5.274583 0.021639 0.810412 2 4205 -+
rs112019714 C T 0.043763 -0.027182 0.002506 -0.032094 -0.022269 -10.844758 2.28e-27 26.642672 1.989247 0.15842 0.497297 2 10911 --
rs1081105 C A 0.042358 -0.02655 0.002539 -0.031526 -0.021574 -10.458326 1.44e-25 24.841045 0.492175 0.482959 0 2 10911 --
rs12721051 G C 0.18178 -0.015574 0.001489 -0.018493 -0.012655 -10.458098 1.45e-25 24.840004 0.676023 0.41096 0 2 4205 --
rs7256200 T G 0.135836 -0.017552 0.001682 -0.020849 -0.014256 -10.435819 1.83e-25 24.738095 20.39276 6.31e-06 0.950963 2 4205 -+
rs10414043 A G 0.135941 -0.017517 0.001682 -0.020813 -0.014221 -10.416534 2.24e-25 24.65006 20.831156 5.02e-06 0.951995 2 4205 -+
rs115881343 T C 0.041322 -0.02677 0.002575 -0.031817 -0.021724 -10.396898 2.75e-25 24.560582 1.176972 0.277973 0.150362 2 10863 --
rs73052335 C A 0.127448 -0.017886 0.001728 -0.021274 -0.014499 -10.348561 4.56e-25 24.341032 7.103912 0.007692 0.859232 2 4205 -+
rs112849259 T C 0.040094 -0.026515 0.00261 -0.031631 -0.021398 -10.15759 3.28e-24 23.483466 2.35878 0.12458 0.576052 2 10907 --
rs6857 T C 0.169479 -0.015534 0.001531 -0.018534 -0.012534 -10.148142 3.62e-24 23.441444 13.440744 0.000246 0.925599 2 4204 -+
rs77301115 A G 0.040052 -0.026393 0.002609 -0.031507 -0.02128 -10.116381 5.01e-24 23.300474 2.182734 0.139566 0.541859 2 10910 --
rs116881820 C T 0.040217 -0.026232 0.002606 -0.03134 -0.021125 -10.066777 8.3e-24 23.081174 1.664244 0.197031 0.399126 2 10911 --
rs75687619 T G 0.039942 -0.026247 0.002611 -0.031365 -0.021128 -10.050747 9.76e-24 23.010529 2.004625 0.15682 0.501154 2 10910 --
rs79398853 T C 0.039957 -0.025941 0.002613 -0.031062 -0.020819 -9.927112 3.39e-23 22.469401 1.556868 0.212124 0.357685 2 10908 --
rs114536010 T C 0.039861 -0.025961 0.002617 -0.03109 -0.020832 -9.920821 3.61e-23 22.442039 1.759938 0.184632 0.431798 2 10897 --
rs56131196 A G 0.191759 -0.014502 0.001463 -0.01737 -0.011634 -9.911246 3.98e-23 22.400431 9.63955 0.001904 0.896261 2 4198 --
rs4420638 G A 0.192764 -0.014451 0.001461 -0.017315 -0.011587 -9.890899 4.87e-23 22.312146 10.688067 0.001078 0.906438 2 4199 --
rs150966173 T C 0.041348 -0.024999 0.002537 -0.029971 -0.020027 -9.854935 6.97e-23 22.156531 0.914493 0.338925 0 2 10864 --
rs140480140 A G 0.043138 -0.024664 0.002511 -0.029586 -0.019743 -9.822451 9.63e-23 22.016455 1.172271 0.278935 0.146955 2 10911 --
rs157581 C T 0.285672 -0.012536 0.001321 -0.015124 -0.009948 -9.49287 2.39e-21 20.620905 1.825799 0.176625 0.452295 2 4979 --
rs184017 G T 0.28052 -0.012434 0.001322 -0.015024 -0.009843 -9.406591 5.45e-21 20.26329 0.938094 0.332768 0 2 4979 --
rs188535946 A G 0.041476 -0.023743 0.002545 -0.028731 -0.018755 -9.329341 1.13e-20 19.945812 1.570754 0.210098 0.363363 2 10911 --
rs283811 G A 0.269274 -0.012219 0.001318 -0.014803 -0.009635 -9.268315 2.01e-20 19.696825 1.895254 0.168611 0.472366 2 4979 --
rs12721046 A G 0.145992 -0.015081 0.001637 -0.01829 -0.011872 -9.212003 3.4e-20 19.468492 8.978454 0.002732 0.888622 2 4205 -+
rs111789331 A T 0.146991 -0.015048 0.001634 -0.018251 -0.011845 -9.208067 3.53e-20 19.452581 8.956027 0.002766 0.888343 2 4205 -+
rs438811 T C 0.297699 -0.011992 0.001303 -0.014545 -0.009439 -9.205992 3.6e-20 19.444198 1.979716 0.15942 0.494877 2 4979 --
rs11556505 T C 0.150103 -0.014825 0.001612 -0.017984 -0.011666 -9.198822 3.84e-20 19.415244 8.708701 0.003167 0.885172 2 4205 -+
rs769450 A G 0.375052 0.008926 0.000975 0.007015 0.010837 9.155174 5.76e-20 19.239443 0.277931 0.598061 0 2 10911 ++
rs34404554 G C 0.148651 -0.014761 0.001618 -0.017933 -0.011589 -9.121361 7.87e-20 19.103818 9.988007 0.001576 0.89988 2 4205 -+
rs12972156 G C 0.142181 -0.01508 0.001655 -0.018324 -0.011835 -9.108958 8.83e-20 19.054192 4.827594 0.028008 0.792857 2 4205 -+
rs12972970 A G 0.142181 -0.01508 0.001655 -0.018324 -0.011835 -9.108958 8.83e-20 19.054192 4.827594 0.028008 0.792857 2 4205 -+
rs2075650 G A 0.151591 -0.014604 0.001607 -0.017753 -0.011455 -9.08937 1.06e-19 18.975953 11.497674 0.000697 0.913026 2 4205 -+
rs484195 A G 0.337867 0.009857 0.0011 0.0077 0.012013 8.960257 3.43e-19 18.464373 0.031691 0.858709 0 2 9098 ++
rs71352238 C T 0.144861 -0.014655 0.00165 -0.017889 -0.011421 -8.882522 6.92e-19 18.159815 6.30594 0.012033 0.841419 2 4205 -+
rs157595 A G 0.337691 0.009737 0.001099 0.007582 0.011891 8.858294 8.6e-19 18.065425 0.071017 0.789862 0 2 9098 ++
rs157594 T G 0.337835 0.009729 0.001099 0.007574 0.011883 8.850719 9.21e-19 18.035964 0.118717 0.73043 0 2 9098 ++
rs34878901 T C 0.381412 0.008553 0.00097 0.006652 0.010453 8.820725 1.2e-18 17.919554 0.137056 0.711226 0 2 10911 ++
rs34342646 A G 0.145999 -0.014053 0.001644 -0.017275 -0.010831 -8.548358 1.32e-17 16.880147 5.461975 0.019435 0.816916 2 4205 -+
rs3925681 A G 0.367983 0.009142 0.001074 0.007038 0.011246 8.515528 1.75e-17 16.757011 5.46186 0.019436 0.816912 2 9098 ++
rs59325138 T C 0.353558 0.008482 0.000998 0.006526 0.010437 8.500271 2e-17 16.699945 0.380785 0.537183 0 2 10911 ++
rs66626994 A G 0.15775 -0.013365 0.001582 -0.016465 -0.010265 -8.450775 3.05e-17 16.515496 23.382984 1.33e-06 0.957234 2 4205 -+
rs1305062 C G 0.373337 0.008211 0.000974 0.006303 0.010119 8.434901 3.49e-17 16.456562 0.046325 0.829586 0 2 10911 ++
chr19:44909976:G:T T G 0.07154 0.014688 0.001757 0.011245 0.018131 8.361097 6.55e-17 16.183986 0.340282 0.559667 0 2 10911 ++
rs7412 T C 0.07028 0.014835 0.001776 0.011354 0.018317 8.352063 7.07e-17 16.150782 0.260423 0.60983 0 2 10895 ++
rs8106922 G A 0.355041 0.00825 0.00099 0.006309 0.010191 8.33202 8.37e-17 16.077236 0.112512 0.737302 0 2 10905 ++
rs2238681 T C 0.353476 0.008194 0.000992 0.00625 0.010138 8.261366 1.52e-16 15.819359 0.094392 0.758666 0 2 10911 ++
rs440446 C G 0.320446 0.00852 0.001048 0.006465 0.010575 8.127272 4.62e-16 15.335822 0.120058 0.728972 0 2 10513 ++
rs4803770 G C 0.337309 0.008312 0.001038 0.006278 0.010347 8.007019 1.23e-15 14.908742 2.573753 0.10865 0.611462 2 10513 ++
rs584007 A G 0.318695 0.00896 0.001122 0.006761 0.011159 7.986963 1.45e-15 14.838116 5.3e-05 0.99419 0 2 9092 ++
rs3826688 T C 0.320038 0.008948 0.001121 0.00675 0.011146 7.978802 1.55e-15 14.809428 0.010144 0.919774 0 2 9098 ++
rs4803772 T C 0.300684 0.008864 0.00113 0.006649 0.011078 7.845351 4.53e-15 14.344338 3.26612 0.070725 0.693826 2 9098 ++
rs12721056 T G 0.311188 0.008642 0.001119 0.006449 0.010834 7.724941 1.17e-14 13.931239 3.021827 0.082151 0.669074 2 9098 ++
chr19:44893408:G:T T G 0.222198 -0.010585 0.001372 -0.013274 -0.007897 -7.717249 1.24e-14 13.905059 18.94239 1.35e-05 0.947208 2 4203 -+
rs118170342 C T 0.056188 -0.018578 0.002409 -0.023299 -0.013856 -7.711829 1.3e-14 13.886629 4.326751 0.037518 0.76888 2 9098 --
rs78959900 A G 0.308852 0.008439 0.001121 0.006241 0.010637 7.524855 5.51e-14 13.258504 2.292263 0.13002 0.56375 2 9071 ++
rs5117 C T 0.237476 -0.009756 0.001357 -0.012416 -0.007095 -7.187819 6.86e-13 12.163991 11.56943 0.00067 0.913565 2 4205 -+
rs7254133 T C 0.321646 -0.007761 0.001117 -0.009951 -0.005571 -6.946045 3.9e-12 11.408706 4.482442 0.034245 0.776907 2 9098 --
rs3745150 C G 0.352879 0.00692 0.000997 0.004966 0.008873 6.943095 3.98e-12 11.399644 0.010434 0.918641 0 2 10911 ++
rs11668327 C G 0.149555 0.008961 0.001348 0.006319 0.011603 6.647303 3.09e-11 10.50987 0.000383 0.984383 0 2 10513 ++
rs4803763 C G 0.263805 -0.007134 0.001097 -0.009284 -0.004984 -6.502762 8.15e-11 10.08862 2.964876 0.085091 0.662718 2 10911 --
rs2972559 G C 0.270672 -0.007024 0.001083 -0.009146 -0.004901 -6.486041 9.11e-11 10.040462 1.230039 0.267399 0.187018 2 10911 --
rs190712692 A G 0.047501 0.015029 0.002331 0.01046 0.019598 6.446732 1.18e-10 9.927716 0.12402 0.724714 0 2 9098 ++
rs2075649 G A 0.345185 0.006651 0.001034 0.004624 0.008678 6.430552 1.31e-10 9.881498 0.047311 0.827811 0 2 10513 ++
rs141622900 A G 0.048616 0.013519 0.002112 0.009379 0.01766 6.399803 1.61e-10 9.793973 0.003245 0.954576 0 2 10910 ++
rs12462573 A G 0.273086 -0.00682 0.001072 -0.008921 -0.004719 -6.363233 2.04e-10 9.690404 4.765023 0.029044 0.790137 2 10911 --
rs56317818 T C 0.274379 -0.006805 0.00107 -0.008902 -0.004707 -6.359267 2.09e-10 9.679205 4.548285 0.032952 0.780137 2 10911 --
rs71352239 T C 0.276222 0.007101 0.001152 0.004843 0.009358 6.164299 7.3e-10 9.136945 1.749052 0.185996 0.428262 2 9098 ++
rs35396326 G C 0.275381 -0.006621 0.001078 -0.008733 -0.004509 -6.144186 8.28e-10 9.081924 2.470739 0.115983 0.595263 2 10911 --
rs60049679 C G 0.087667 -0.010258 0.001701 -0.013593 -0.006924 -6.029474 1.69e-09 8.771392 3.914757 0.047864 0.744556 2 10911 --
rs6733839 T C 0.396646 -0.005772 0.000973 -0.00768 -0.003864 -5.929178 3.13e-09 8.504456 0.355829 0.550832 0 2 10908 --
rs10410835 T C 0.468112 0.005627 0.000965 0.003736 0.007518 5.832348 5.61e-09 8.250785 8.325919 0.003908 0.879893 2 10513 +-
rs111784051 G T 0.036918 0.016112 0.002786 0.01065 0.021573 5.782158 7.57e-09 8.120861 0.25208 0.615614 0 2 9098 ++
rs2927468 A G 0.469767 0.005533 0.000965 0.003642 0.007425 5.733738 1.01e-08 7.996529 9.609126 0.001936 0.895932 2 10513 +-
rs61679753 A T 0.035952 0.015752 0.002812 0.010241 0.021263 5.602072 2.17e-08 7.663449 0.378762 0.538267 0 2 9098 ++
rs10402271 G T 0.31882 -0.00564 0.001027 -0.007654 -0.003627 -5.490921 4.09e-08 7.387967 0.002379 0.961098 0 2 10910 --
rs10402524 C T 0.319171 -0.005624 0.001026 -0.007635 -0.003613 -5.481105 4.33e-08 7.363888 0.014174 0.905232 0 2 10911 --
rs1160983 A G 0.032298 0.014767 0.002728 0.00942 0.020114 5.413195 6.33e-08 7.198423 0.05569 0.813443 0 2 10513 ++
rs4663105 C A 0.444722 -0.005083 0.000964 -0.006972 -0.003194 -5.274171 1.36e-07 6.865745 0.060479 0.805741 0 2 10911 --
rs5167 G T 0.374013 -0.005105 0.000969 -0.007003 -0.003206 -5.269692 1.4e-07 6.855163 0.009903 0.920729 0 2 10911 --
rs73052307 C T 0.124367 0.007329 0.001408 0.00457 0.010088 5.206842 1.96e-07 6.707556 16.776896 4.2e-05 0.940394 2 10904 +-
rs41290120 A G 0.035342 0.012615 0.002434 0.007845 0.017386 5.183487 2.22e-07 6.653129 1e-06 0.999416 0 2 10853 ++
rs58826447 A T 0.328505 -0.005159 0.001014 -0.007147 -0.003171 -5.086667 3.72e-07 6.429943 0.581256 0.44582 0 2 10911 --
rs58446550 A C 0.328505 -0.005159 0.001014 -0.007147 -0.003171 -5.086667 3.72e-07 6.429943 0.581256 0.44582 0 2 10911 --
rs58132661 T A 0.328505 -0.005158 0.001014 -0.007146 -0.00317 -5.085635 3.74e-07 6.427585 0.585602 0.444125 0 2 10911 --
rs2427384 A G 0.20845 0.005848 0.00115 0.003594 0.008103 5.084392 3.76e-07 6.424747 0.033009 0.855831 0 2 10911 ++
rs10412413 T C 0.329815 -0.005153 0.001014 -0.00714 -0.003166 -5.083428 3.78e-07 6.422545 0.931677 0.334427 0 2 10911 --
rs3021439 A G 0.308109 -0.005243 0.001033 -0.007267 -0.003219 -5.077758 3.89e-07 6.409603 3.700314 0.054402 0.729753 2 10911 -+
rs73045691 A G 0.315265 -0.005129 0.001014 -0.007117 -0.003141 -5.056615 4.35e-07 6.361469 1.236047 0.266234 0.190969 2 10911 --
rs4803758 T G 0.329886 -0.005124 0.001014 -0.007111 -0.003137 -5.054626 4.4e-07 6.356951 0.907265 0.340841 0 2 10911 --
rs10405693 T C 0.320224 -0.005135 0.001024 -0.007143 -0.003127 -5.012794 5.47e-07 6.262302 2.356001 0.124802 0.575552 2 10910 --
rs2927480 C G 0.297627 -0.005238 0.001053 -0.007301 -0.003174 -4.975165 6.64e-07 6.177789 4.933551 0.02634 0.797306 2 10911 -+
rs111809714 C T 0.319094 -0.004961 0.001008 -0.006937 -0.002985 -4.920961 8.77e-07 6.057097 2.122923 0.145109 0.528951 2 10911 --
rs7254892 A G 0.043301 0.01137 0.002316 0.00683 0.01591 4.908954 9.32e-07 6.030528 1.037473 0.30841 0.03612 2 10911 ++
rs59859410 G A 0.31946 -0.004939 0.001009 -0.006916 -0.002961 -4.894927 1e-06 5.999566 1.635201 0.200985 0.388454 2 10911 --
rs10406338 C T 0.323778 -0.004985 0.001021 -0.006987 -0.002983 -4.879754 1.08e-06 5.966167 2.553207 0.110071 0.608336 2 10911 --
rs35336243 T A 0.319484 -0.004918 0.00101 -0.006898 -0.002937 -4.867262 1.15e-06 5.938741 1.692732 0.193241 0.409239 2 10911 --
rs12721111 T C 0.309958 -0.004887 0.001017 -0.00688 -0.002893 -4.80542 1.57e-06 5.803937 1.242003 0.265085 0.194849 2 10911 --
rs74337004 T C 0.055235 0.009999 0.002085 0.005914 0.014085 4.796781 1.64e-06 5.785233 0.021452 0.883554 0 2 10911 ++
rs34041051 C T 0.319785 -0.004845 0.00101 -0.006825 -0.002864 -4.794548 1.66e-06 5.780403 1.631121 0.201548 0.386925 2 10911 --
rs7359852 C T 0.319288 -0.004855 0.001021 -0.006857 -0.002853 -4.753096 2.04e-06 5.69113 7.615054 0.005788 0.868681 2 10911 -+
rs2972558 C T 0.303185 0.00528 0.001112 0.0031 0.007459 4.747122 2.1e-06 5.678321 0.319916 0.571658 0 2 9098 ++
rs1048699 T C 0.089685 -0.007699 0.001638 -0.010909 -0.004489 -4.701301 2.63e-06 5.580589 1.375146 0.24093 0.272804 2 10910 --
rs10401157 A G 0.089878 -0.007689 0.001639 -0.0109 -0.004477 -4.692225 2.75e-06 5.561336 2.524172 0.112114 0.603831 2 10911 --
rs149939421 T C 0.030828 -0.012394 0.002643 -0.017575 -0.007213 -4.689067 2.79e-06 5.554644 0.088514 0.766075 0 2 10911 --
rs28620490 T C 0.089392 -0.007667 0.001642 -0.010886 -0.004448 -4.668442 3.08e-06 5.511044 2.284508 0.130672 0.562269 2 10911 --
rs74667686 T C 0.058288 -0.009507 0.002038 -0.013501 -0.005512 -4.664946 3.14e-06 5.503671 2.951362 0.085805 0.661173 2 10911 --
rs7973993 A G 0.112244 0.006944 0.001489 0.004026 0.009862 4.664 3.15e-06 5.501677 0.253711 0.614474 0 2 10908 ++
rs113321260 A G 0.094898 -0.007478 0.001603 -0.010621 -0.004335 -4.663661 3.16e-06 5.500962 1.396622 0.23729 0.283987 2 10911 --
rs74846209 T G 0.090263 -0.00762 0.001635 -0.010824 -0.004416 -4.660821 3.2e-06 5.49498 1.706709 0.191413 0.414077 2 10911 --
rs111525696 G A 0.175916 -0.00635 0.001364 -0.009022 -0.003677 -4.656149 3.27e-06 5.485143 1e-06 0.999113 0 2 9098 --
rs406456 G A 0.398476 -0.004474 0.000962 -0.006359 -0.002589 -4.652393 3.33e-06 5.477241 1.735011 0.187772 0.423635 2 10911 --
rs1922262 A G 0.112069 0.00691 0.001489 0.003991 0.009828 4.640629 3.53e-06 5.452531 0.252014 0.615661 0 2 10911 ++
rs111302855 T A 0.042659 -0.010758 0.002319 -0.015303 -0.006213 -4.639482 3.55e-06 5.450125 0.025391 0.873397 0 2 10858 --
rs11670441 T C 0.175916 -0.006325 0.001364 -0.008998 -0.003653 -4.638391 3.57e-06 5.447836 1.4e-05 0.997043 0 2 9098 --
rs12462040 T C 0.091799 -0.007534 0.001625 -0.010719 -0.00435 -4.637414 3.58e-06 5.445787 2.116275 0.145741 0.527472 2 10911 --
rs3795064 G C 0.176441 -0.006317 0.001362 -0.008987 -0.003647 -4.637184 3.59e-06 5.445305 0.006606 0.935219 0 2 9098 --
rs11665845 A T 0.175877 -0.006313 0.001364 -0.008987 -0.00364 -4.629294 3.73e-06 5.428777 0.000813 0.977257 0 2 9098 --
rs113353568 A G 0.175976 -0.00631 0.001364 -0.008983 -0.003638 -4.627462 3.76e-06 5.424944 4.5e-05 0.994677 0 2 9098 --
rs10405086 T C 0.089866 -0.007574 0.001639 -0.010785 -0.004362 -4.62244 3.85e-06 5.414441 2.219678 0.136261 0.549484 2 10911 --
rs72973561 T C 0.175942 -0.0063 0.001364 -0.008973 -0.003628 -4.620311 3.89e-06 5.40999 0.006907 0.933765 0 2 9098 --
rs11112074 A T 0.112324 0.006861 0.001488 0.003944 0.009778 4.609992 4.09e-06 5.38845 0.228782 0.632428 0 2 10911 ++
rs10861224 C G 0.112302 0.006852 0.001488 0.003935 0.00977 4.603982 4.21e-06 5.375926 0.236382 0.626831 0 2 10911 ++
rs112784534 T G 0.315677 -0.004645 0.001011 -0.006627 -0.002664 -4.594122 4.41e-06 5.355412 0.2755 0.599666 0 2 10911 --
rs1922263 A C 0.111901 0.006838 0.001489 0.00392 0.009757 4.592641 4.44e-06 5.352334 0.274991 0.600003 0 2 10909 ++
rs11667241 C G 0.326215 -0.004651 0.001014 -0.006639 -0.002662 -4.584186 4.63e-06 5.334779 3.647161 0.056165 0.725814 2 10911 -+
rs78273125 T A 0.089492 -0.007517 0.001642 -0.010735 -0.004299 -4.578623 4.75e-06 5.323246 2.520589 0.112369 0.603267 2 10911 -+
rs71587571 C T 0.033419 -0.011916 0.002604 -0.01702 -0.006813 -4.576356 4.8e-06 5.31855 5.440496 0.019675 0.816193 2 10911 --
rs112340731 G A 0.186624 -0.006057 0.001325 -0.008654 -0.00346 -4.571269 4.92e-06 5.308019 0.001375 0.970417 0 2 9098 --
rs2004357 A G 0.094064 -0.007342 0.001607 -0.010491 -0.004194 -4.570302 4.94e-06 5.306018 3.302743 0.069164 0.697221 2 10911 -+
rs112391061 A G 0.315896 -0.004617 0.00101 -0.006598 -0.002637 -4.569878 4.95e-06 5.305141 0.239106 0.624853 0 2 10911 --
rs75992634 T C 0.055828 -0.009305 0.002037 -0.013297 -0.005313 -4.568277 4.99e-06 5.301831 0.034591 0.852456 0 2 10911 --
rs1114831 A C 0.091675 -0.007415 0.001625 -0.0106 -0.004229 -4.561707 5.15e-06 5.288254 3.379601 0.066008 0.704107 2 10911 -+
rs11667191 A G 0.186462 -0.006051 0.001327 -0.008652 -0.003451 -4.560854 5.17e-06 5.286491 0.00146 0.969524 0 2 9098 --
rs1064410 G C 0.186645 -0.006048 0.001327 -0.008648 -0.003447 -4.558038 5.24e-06 5.28068 0.001517 0.968927 0 2 9098 --
rs28469095 C T 0.090424 -0.007446 0.001634 -0.010649 -0.004244 -4.557127 5.26e-06 5.2788 0.857586 0.354415 0 2 10911 --
rs754366 A G 0.092145 -0.00739 0.001622 -0.01057 -0.00421 -4.555375 5.31e-06 5.275187 3.477179 0.062221 0.712411 2 10911 -+
rs11672975 A T 0.186584 -0.006023 0.001327 -0.008623 -0.003422 -4.539035 5.73e-06 5.241541 0.001937 0.964895 0 2 9098 --
rs12618593 C T 0.28925 -0.004746 0.001047 -0.006798 -0.002695 -4.534236 5.87e-06 5.231683 0.016673 0.897259 0 2 10911 --
rs12617835 C A 0.28925 -0.004746 0.001047 -0.006798 -0.002695 -4.534236 5.87e-06 5.231683 0.016673 0.897259 0 2 10911 --
rs11672916 C T 0.186587 -0.00602 0.001328 -0.008622 -0.003417 -4.533856 5.88e-06 5.230901 0.001987 0.964449 0 2 9093 --
rs13025765 T C 0.2895 -0.004741 0.001046 -0.006791 -0.00269 -4.530558 5.97e-06 5.224131 0.040095 0.841295 0 2 10909 --
rs3852861 T G 0.39671 0.004326 0.000955 0.002454 0.006198 4.529857 5.99e-06 5.222692 0.009562 0.922101 0 2 10911 ++
rs78823375 G A 0.053006 -0.009563 0.002112 -0.013701 -0.005424 -4.528844 6.02e-06 5.220616 0.19754 0.656713 0 2 10858 --
rs1064411 G A 0.186685 -0.006009 0.001327 -0.008609 -0.003408 -4.528477 6.03e-06 5.219862 0.002192 0.962656 0 2 9098 --
rs3852860 T C 0.39654 0.004327 0.000956 0.002453 0.0062 4.526428 6.09e-06 5.21566 0.000509 0.982005 0 2 10911 ++
rs10861221 C T 0.117381 0.006659 0.001471 0.003775 0.009542 4.525843 6.1e-06 5.21446 0.023746 0.877533 0 2 10911 ++
rs12300557 T C 0.117381 0.006657 0.001471 0.003773 0.009541 4.524749 6.13e-06 5.212218 0.023912 0.877108 0 2 10911 ++
rs10861223 A G 0.117381 0.006657 0.001471 0.003773 0.009541 4.524749 6.13e-06 5.212218 0.023912 0.877108 0 2 10911 ++
rs2304260 A G 0.186523 -0.006003 0.001327 -0.008604 -0.003402 -4.524254 6.15e-06 5.211203 0.002299 0.961761 0 2 9098 --
rs116385477 G A 0.031386 -0.011874 0.002626 -0.01702 -0.006728 -4.522645 6.2e-06 5.207906 0.047429 0.827599 0 2 10911 --
rs12315283 G A 0.117363 0.006644 0.001471 0.003761 0.009528 4.516194 6.39e-06 5.194698 0.021017 0.884732 0 2 10911 ++
rs13025717 T C 0.289483 -0.004719 0.001046 -0.006769 -0.002668 -4.509922 6.58e-06 5.181875 0.043709 0.834396 0 2 10909 --
rs7248421 T C 0.092685 -0.0073 0.00162 -0.010475 -0.004125 -4.50693 6.67e-06 5.175762 3.586094 0.058265 0.721145 2 10911 -+
rs73045696 C G 0.315908 -0.004541 0.001011 -0.006523 -0.002559 -4.489715 7.23e-06 5.140668 0.331581 0.56473 0 2 10911 --
rs145967331 T C 0.094308 -0.007256 0.001616 -0.010424 -0.004088 -4.489194 7.25e-06 5.139607 0.000283 0.98657 0 2 10911 --
rs3894654 T A 0.055816 -0.009146 0.002038 -0.013141 -0.005152 -4.487973 7.29e-06 5.137123 0.286627 0.59239 0 2 10911 --
rs78448597 C G 0.052807 -0.009439 0.002114 -0.013582 -0.005296 -4.465617 8.1e-06 5.091748 0.174938 0.67576 0 2 10858 --
rs6848524 G C 0.037834 -0.011475 0.002573 -0.016519 -0.006432 -4.459271 8.34e-06 5.078905 1.785635 0.181459 0.439975 2 10911 --
rs34545713 T C 0.093436 -0.00718 0.001614 -0.010343 -0.004018 -4.449772 8.72e-06 5.059714 4.296824 0.038184 0.76727 2 10911 -+
rs10401823 G C 0.091152 -0.007217 0.001629 -0.010411 -0.004024 -4.429596 9.57e-06 5.019076 4.311012 0.037866 0.768036 2 10911 -+
rs2006302 T G 0.273614 0.004612 0.001041 0.002571 0.006653 4.429166 9.59e-06 5.018212 0.240289 0.623998 0 2 10911 ++
rs11257015 C T 0.226091 0.005215 0.001178 0.002906 0.007524 4.427311 9.67e-06 5.014483 0.084851 0.770828 0 2 10513 ++
rs66839509 C T 0.111877 0.006603 0.001494 0.003675 0.00953 4.420323 9.99e-06 5.000454 0.004165 0.948544 0 2 10911 ++
