rs_number reference_allele other_allele eaf beta se beta_95L beta_95U z p-value -log10_p-value q_statistic q_p-value i2 n_studies n_samples effects
rs67099044 A C 0.159982 0.10574 0.018384 0.069706 0.141773 5.751557 9.07e-09 8.042169 0.55156 0.907426 0 4 19332 ++++
rs12456833 T C 0.159794 0.103527 0.018427 0.06741 0.139644 5.618213 1.98e-08 7.703887 0.523251 0.913754 0 4 19332 ++++
rs73212759 T C 0.083856 -0.137845 0.024601 -0.186063 -0.089627 -5.60326 2.16e-08 7.666422 0.291984 0.961529 0 4 19332 ----
rs12958244 A C 0.16249 0.101241 0.018269 0.065434 0.137048 5.541726 3.07e-08 7.513236 0.396031 0.941061 0 4 19329 ++++
rs34049053 A G 0.162748 0.101031 0.018259 0.065244 0.136818 5.53331 3.22e-08 7.492411 0.287052 0.962445 0 4 19332 ++++
rs113829713 G C 0.047208 -0.176622 0.032118 -0.239573 -0.113671 -5.499171 3.91e-08 7.408235 4.49431 0.212798 0.332489 4 19332 ----
rs73196120 C G 0.090793 -0.124849 0.023704 -0.171309 -0.078389 -5.26695 1.42e-07 6.84869 0.625269 0.890624 0 4 19332 ----
rs35975554 G A 0.151385 0.097203 0.018808 0.060338 0.134067 5.168096 2.41e-07 6.617387 0.675895 0.878859 0 4 19332 ++++
rs9309022 A G 0.123179 -0.107441 0.020834 -0.148274 -0.066607 -5.157086 2.56e-07 6.591881 0.511552 0.916346 0 4 19332 ----
rs10865134 T C 0.122766 -0.106247 0.020845 -0.147104 -0.065391 -5.096971 3.52e-07 6.453508 0.614753 0.893047 0 4 19323 ----
rs1269289 C T 0.430416 -0.069936 0.013744 -0.096875 -0.042997 -5.08832 3.68e-07 6.43372 0.467159 0.926045 0 4 19332 ----
rs922209 A T 0.268957 0.077626 0.01533 0.047579 0.107673 5.063621 4.19e-07 6.377397 2.706091 0.439193 0 4 19332 ++++
rs9958842 G A 0.26882 0.077347 0.015336 0.047288 0.107406 5.043454 4.66e-07 6.331601 2.591535 0.458976 0 4 19332 ++++
rs17072566 T C 0.266334 0.07718 0.015354 0.047087 0.107273 5.026856 5.08e-07 6.294035 2.744273 0.432756 0 4 19324 ++++
rs17785335 T C 0.265977 0.077209 0.015369 0.047085 0.107333 5.02357 5.17e-07 6.286613 2.635877 0.451235 0 4 19332 ++++
rs9950644 C T 0.269451 0.076885 0.015337 0.046825 0.106945 5.013144 5.46e-07 6.26309 3.155166 0.368315 0.049178 4 19331 ++++
rs9963373 C G 0.268756 0.076717 0.015338 0.046654 0.106779 5.001744 5.79e-07 6.237423 2.694335 0.441191 0 4 19332 ++++
rs4477822 C T 0.266107 0.07569 0.015373 0.045558 0.105822 4.923421 8.66e-07 6.062547 2.823171 0.4197 0 4 19332 ++++
rs75173771 A G 0.120464 -0.101029 0.020848 -0.14189 -0.060167 -4.846052 1.28e-06 5.892326 7.130189 0.067862 0.579254 4 19332 -+--
rs34263279 A G 0.15121 0.090695 0.018762 0.053921 0.127469 4.833919 1.36e-06 5.865862 0.561896 0.905097 0 4 19332 ++++
rs4941244 C T 0.264577 0.07433 0.015408 0.04413 0.104531 4.824087 1.43e-06 5.84446 2.882907 0.410033 0 4 19306 ++++
rs11664515 G A 0.152684 0.090157 0.018691 0.053523 0.126791 4.823549 1.43e-06 5.843289 0.906766 0.823795 0 4 19332 ++++
rs2113390 T C 0.130206 -0.097562 0.020237 -0.137226 -0.057897 -4.820939 1.45e-06 5.837615 0.757549 0.859591 0 4 19329 ----
rs66504828 A T 0.152633 0.089782 0.018693 0.053143 0.126421 4.802921 1.59e-06 5.798522 0.843305 0.839083 0 4 19332 ++++
rs10171697 T C 0.130665 -0.096827 0.02021 -0.136439 -0.057215 -4.790982 1.69e-06 5.772694 0.914423 0.821946 0 4 19332 ----
rs10194021 A G 0.121167 -0.099675 0.020893 -0.140625 -0.058725 -4.770793 1.87e-06 5.729155 0.640244 0.887161 0 4 19332 ----
rs9963776 G A 0.26787 -0.073566 0.01554 -0.104025 -0.043107 -4.733831 2.24e-06 5.649883 2.676434 0.444247 0 4 19330 ----
rs10204598 A G 0.131132 -0.095448 0.02017 -0.134981 -0.055914 -4.73213 2.26e-06 5.646249 1.373028 0.711869 0 4 19329 ----
rs10187700 A G 0.11936 -0.099577 0.021045 -0.140826 -0.058328 -4.731515 2.26e-06 5.644935 0.820453 0.844569 0 4 19332 ----
rs9964918 T C 0.155798 0.089354 0.018898 0.052314 0.126393 4.728231 2.3e-06 5.637923 1.435786 0.697168 0 4 19332 ++++
rs13386936 A T 0.093482 -0.110673 0.023436 -0.156609 -0.064738 -4.722303 2.37e-06 5.625277 0.986942 0.804412 0 4 19332 ----
rs7307126 T C 0.260003 -0.072763 0.015417 -0.10298 -0.042547 -4.719826 2.4e-06 5.619996 6.021682 0.11056 0.5018 4 19332 -+--
rs13433054 T C 0.126426 -0.097153 0.020613 -0.137555 -0.056751 -4.713114 2.48e-06 5.605701 0.152118 0.984922 0 4 19332 ----
rs17137982 G C 0.155436 0.087798 0.018645 0.051254 0.124341 4.709022 2.53e-06 5.596995 1.952998 0.582219 0 4 19332 ++++
rs10208106 C A 0.135586 -0.093063 0.019803 -0.131878 -0.054249 -4.699409 2.65e-06 5.576572 1.390722 0.707711 0 4 19332 ----
rs112013035 A G 0.131153 -0.094537 0.020173 -0.134075 -0.054998 -4.6864 2.82e-06 5.548995 1.160434 0.762509 0 4 19332 ----
rs72791145 C T 0.139377 -0.091663 0.019565 -0.13001 -0.053316 -4.685073 2.84e-06 5.546186 0.946347 0.814231 0 4 19332 ----
rs72791133 A G 0.131408 -0.094361 0.020162 -0.133877 -0.054844 -4.6802 2.91e-06 5.535878 1.162717 0.761959 0 4 19332 ----
rs4706093 A C 0.076607 -0.122119 0.026107 -0.17329 -0.070949 -4.677594 2.95e-06 5.530369 1.33534 0.720759 0 4 19320 ----
rs9593426 T A 0.284138 -0.070692 0.015127 -0.100341 -0.041044 -4.673277 3.01e-06 5.521249 3.307331 0.346624 0.092924 4 19332 ----
rs1478362 T C 0.13146 -0.094178 0.020156 -0.133683 -0.054672 -4.672473 3.02e-06 5.519552 1.396128 0.706443 0 4 19332 ----
rs10196846 A C 0.157758 -0.087865 0.018806 -0.124725 -0.051006 -4.672218 3.03e-06 5.519014 0.946905 0.814096 0 4 19324 ----
rs28566120 G A 0.267934 -0.072547 0.015534 -0.102994 -0.042099 -4.670043 3.06e-06 5.514422 2.457616 0.482999 0 4 19332 ----
rs72954613 T A 0.267934 -0.072427 0.015534 -0.102874 -0.041979 -4.662314 3.18e-06 5.498124 2.433596 0.487411 0 4 19332 ----
rs10165227 T C 0.135377 -0.092412 0.019871 -0.131359 -0.053464 -4.650535 3.36e-06 5.473335 1.118133 0.772699 0 4 19332 ----
rs28497207 A G 0.267856 -0.072049 0.015531 -0.102491 -0.041608 -4.63894 3.56e-06 5.448988 2.562336 0.464131 0 4 19331 ----
rs75504759 A C 0.014663 -0.318493 0.068708 -0.45316 -0.183827 -4.635493 3.62e-06 5.441762 3.142341 0.207802 0.363532 3 7036 --?-
rs1955000 C A 0.155996 0.087328 0.018865 0.050353 0.124304 4.629097 3.73e-06 5.428364 1.311792 0.726335 0 4 19331 ++++
rs9320036 C G 0.156158 0.087128 0.018862 0.050159 0.124098 4.619299 3.91e-06 5.407877 1.31229 0.726217 0 4 19332 ++++
rs191690677 A G 0.014378 -0.321829 0.06968 -0.458402 -0.185255 -4.61864 3.92e-06 5.406499 3.245116 0.197393 0.383689 3 7036 --?-
rs73187206 T G 0.113397 -0.098399 0.021356 -0.140256 -0.056542 -4.607647 4.13e-06 5.383563 7.875105 0.048665 0.619053 4 19301 -+--
rs10171638 A G 0.161635 -0.085735 0.018634 -0.122257 -0.049212 -4.600936 4.27e-06 5.369585 0.221748 0.974004 0 4 19332 ----
rs11661093 A T 0.156092 0.08678 0.018888 0.04976 0.123801 4.594451 4.4e-06 5.356096 1.304167 0.728144 0 4 19332 ++++
rs10512274 A G 0.163546 0.101367 0.022103 0.058045 0.14469 4.586104 4.58e-06 5.33876 2.044896 0.359713 0.021955 3 7036 ++?+
rs17491111 C T 0.133415 -0.091773 0.020012 -0.130996 -0.05255 -4.585991 4.59e-06 5.338525 1.227522 0.746411 0 4 19331 ----
rs11874992 A T 0.156158 0.086489 0.018862 0.04952 0.123458 4.585413 4.6e-06 5.337326 1.337366 0.72028 0 4 19332 ++++
rs9949690 T C 0.156335 0.086406 0.018859 0.049442 0.12337 4.581629 4.68e-06 5.329477 1.232805 0.745148 0 4 19332 ++++
rs9952960 G A 0.156179 0.086353 0.018861 0.049385 0.123321 4.578348 4.76e-06 5.322676 1.319123 0.724597 0 4 19330 ++++
rs11152421 C T 0.156158 0.086281 0.018862 0.049311 0.12325 4.574348 4.85e-06 5.314392 1.346582 0.718103 0 4 19332 ++++
rs12455791 A G 0.1558 0.086361 0.018881 0.049355 0.123367 4.574037 4.86e-06 5.313748 1.164723 0.761477 0 4 19332 ++++
rs1865550 C T 0.328016 -0.066264 0.014489 -0.094662 -0.037867 -4.573547 4.87e-06 5.312734 4.971362 0.173906 0.396544 4 19332 ----
rs9960230 T G 0.156031 0.086238 0.018862 0.049269 0.123207 4.572101 4.9e-06 5.30974 1.348515 0.717646 0 4 19332 ++++
rs4706788 G A 0.070463 -0.12333 0.027041 -0.17633 -0.070331 -4.560939 5.17e-06 5.286668 3.68972 0.296977 0.18693 4 19332 ----
rs9954667 T C 0.156213 0.08599 0.018862 0.049021 0.12296 4.558935 5.22e-06 5.28253 1.25381 0.740129 0 4 19332 ++++
rs11152420 A G 0.15599 0.086053 0.018878 0.049052 0.123055 4.55831 5.23e-06 5.281241 1.268747 0.736568 0 4 19332 ++++
rs918805 T C 0.132208 -0.091556 0.0201 -0.130952 -0.052159 -4.554954 5.32e-06 5.274318 0.861577 0.834689 0 4 19317 ----
rs7593657 G T 0.168052 -0.083152 0.018256 -0.118932 -0.047371 -4.554874 5.32e-06 5.274152 0.562648 0.904927 0 4 19332 ----
rs4505435 G A 0.157761 0.085599 0.018793 0.048764 0.122434 4.554788 5.32e-06 5.273976 1.487445 0.685171 0 4 19332 ++++
rs117205737 A G 0.012718 -0.306132 0.067364 -0.438167 -0.174098 -4.544419 5.59e-06 5.252615 1.493955 0.473796 0 3 17240 ---?
rs35838389 C T 0.154613 0.084922 0.018719 0.048232 0.121612 4.536578 5.8e-06 5.236493 9.313005 0.025406 0.67787 4 19332 ++++
rs9965220 G C 0.156398 0.085406 0.018862 0.048437 0.122375 4.528005 6.04e-06 5.218893 1.367893 0.713078 0 4 19332 ++++
rs3758766 G A 0.169036 0.081447 0.017991 0.046186 0.116709 4.527212 6.06e-06 5.217267 1.87235 0.599319 0 4 19330 ++++
rs10100213 T C 0.124601 0.093719 0.020706 0.053135 0.134304 4.526107 6.1e-06 5.215003 3.171051 0.365997 0.053941 4 19329 +-++
rs11665034 A G 0.156291 0.085359 0.018863 0.048387 0.12233 4.525203 6.12e-06 5.213149 1.291911 0.731055 0 4 19332 ++++
rs9952024 A C 0.156281 0.085458 0.018895 0.048423 0.122493 4.522657 6.2e-06 5.20793 1.356995 0.715646 0 4 19302 ++++
rs3907825 A G 0.411843 0.076075 0.016828 0.043093 0.109057 4.520883 6.25e-06 5.204298 0.874992 0.645651 0 3 7035 ++?+
rs10893924 G T 0.169025 0.081317 0.017988 0.046062 0.116573 4.52074 6.25e-06 5.204004 1.841593 0.605926 0 4 19332 ++++
rs16904352 C T 0.328278 -0.065344 0.014473 -0.093712 -0.036976 -4.51477 6.43e-06 5.191786 4.702633 0.194913 0.36206 4 19310 ----
rs10893925 C T 0.170282 0.080942 0.017928 0.045803 0.11608 4.514884 6.43e-06 5.192018 1.500532 0.682147 0 4 19332 ++++
rs10893926 C T 0.170282 0.080942 0.017928 0.045803 0.11608 4.514884 6.43e-06 5.192018 1.500532 0.682147 0 4 19332 ++++
rs17072581 C G 0.157526 0.08479 0.018801 0.047939 0.12164 4.50982 6.58e-06 5.181666 1.358694 0.715245 0 4 19332 ++++
rs28420458 A G 0.077363 0.114665 0.025429 0.064824 0.164505 4.509248 6.6e-06 5.180498 1.775097 0.620369 0 4 19332 ++++
rs112158333 T C 0.134864 -0.089735 0.019919 -0.128777 -0.050693 -4.504921 6.74e-06 5.171659 0.755111 0.860171 0 4 19332 ----
rs188087302 C T 0.014378 -0.314468 0.069824 -0.451322 -0.177614 -4.503753 6.77e-06 5.169276 3.206803 0.201211 0.376326 3 7036 --?-
rs1148059 A C 0.168683 0.080897 0.018002 0.045614 0.11618 4.493871 7.09e-06 5.149127 2.067871 0.55844 0 4 19331 ++++
rs9955621 C G 0.156896 0.084457 0.018834 0.047543 0.12137 4.484368 7.42e-06 5.129792 0.941993 0.815284 0 4 19332 ++++
rs1460966 T C 0.156038 0.084584 0.01888 0.047579 0.121589 4.480075 7.57e-06 5.121068 1.279281 0.734059 0 4 19332 ++++
chr6:124170685:C:T T C 0.045185 0.157851 0.035252 0.088757 0.226944 4.477805 7.65e-06 5.116459 0.315909 0.853889 0 3 17244 +++?
rs10099911 T C 0.123852 0.092823 0.020734 0.052186 0.133461 4.476968 7.68e-06 5.11476 2.622348 0.453585 0 4 19332 +-++
rs12674750 T C 0.177577 -0.079258 0.017713 -0.113976 -0.04454 -4.474539 7.77e-06 5.109832 4.139746 0.246764 0.275318 4 19327 -+--
rs9294145 G C 0.070901 -0.120382 0.026945 -0.173194 -0.06757 -4.467688 8.02e-06 5.095943 3.671458 0.299196 0.182886 4 19332 ----
rs117314586 T A 0.021453 0.204898 0.045875 0.114984 0.294812 4.466487 8.06e-06 5.09351 1.949538 0.582946 0 4 19332 ++++
rs1148058 A G 0.16861 0.080308 0.017985 0.045058 0.115558 4.46538 8.1e-06 5.091267 2.298106 0.512884 0 4 19327 ++++
rs976043 C G 0.324327 -0.064863 0.014533 -0.093349 -0.036378 -4.463042 8.19e-06 5.086534 7.142518 0.067491 0.57998 4 19332 ---+
rs743619 A G 0.168683 0.080388 0.018013 0.045082 0.115693 4.462755 8.2e-06 5.085953 1.623676 0.654033 0 4 19332 ++++
rs9361535 C A 0.07089 -0.120205 0.026944 -0.173015 -0.067394 -4.461272 8.26e-06 5.082954 3.745905 0.290241 0.199125 4 19332 ----
rs11195472 T C 0.077344 0.113422 0.025471 0.063499 0.163345 4.453031 8.58e-06 5.066293 1.243247 0.742652 0 4 19332 ++++
rs9343913 A G 0.070711 -0.120005 0.026982 -0.17289 -0.067121 -4.447615 8.8e-06 5.05536 3.713372 0.294124 0.192109 4 19332 ----
rs1414391 T A 0.077095 0.113187 0.025471 0.063263 0.163111 4.443678 8.97e-06 5.047422 1.712809 0.63409 0 4 19332 ++++
rs7753572 C T 0.070895 -0.119663 0.026962 -0.172508 -0.066817 -4.438209 9.2e-06 5.036403 3.769557 0.287447 0.20415 4 19332 ----
rs10100329 T C 0.124974 0.091737 0.020688 0.051188 0.132286 4.434218 9.37e-06 5.028369 2.858549 0.413952 0 4 19332 +-++
rs140152704 C A 0.062498 -0.125686 0.028367 -0.181286 -0.070086 -4.430627 9.52e-06 5.021148 2.883911 0.409872 0 4 19332 ----
rs80292251 G A 0.033128 -0.167026 0.037719 -0.240956 -0.093097 -4.428143 9.63e-06 5.016156 5.648792 0.130005 0.468913 4 19332 ----
rs4896681 T C 0.033128 -0.167026 0.037719 -0.240956 -0.093097 -4.428143 9.63e-06 5.016156 5.648792 0.130005 0.468913 4 19332 ----
rs62093171 G A 0.405495 -0.061458 0.013889 -0.088681 -0.034235 -4.424869 9.78e-06 5.009579 0.335313 0.953256 0 4 19332 ----
