rs_number reference_allele other_allele eaf beta se beta_95L beta_95U z p-value -log10_p-value q_statistic q_p-value i2 n_studies n_samples effects
rs62103143 A C 0.02564 -0.108344 0.019449 -0.146463 -0.070224 -5.570751 2.6e-08 7.585295 0.108017 0.742413 0 2 94 -?-
rs144132086 A G 0.017576 -0.093743 0.017021 -0.127103 -0.060382 -5.507589 3.72e-08 7.428945 0.652023 0.41939 0 2 285 ?--
rs75933926 A G 0.011735 -0.111036 0.020646 -0.151501 -0.070571 -5.378207 7.69e-08 7.11393 1.10114 0.576621 0 3 325 ---
rs72797534 A G 0.107655 0.034219 0.006564 0.021354 0.047084 5.213193 1.89e-07 6.722396 3.396391 0.183013 0.41114 3 325 -++
rs72797513 A C 0.097426 0.035446 0.006805 0.022108 0.048784 5.208688 1.94e-07 6.711869 3.31356 0.190752 0.39642 3 325 -++
rs72797515 C T 0.097426 0.035446 0.006805 0.022108 0.048784 5.208688 1.94e-07 6.711869 3.31356 0.190752 0.39642 3 325 -++
rs72797519 A C 0.097426 0.035446 0.006805 0.022108 0.048784 5.208688 1.94e-07 6.711869 3.31356 0.190752 0.39642 3 325 -++
rs61744374 T C 0.015116 -0.086279 0.016656 -0.118925 -0.053634 -5.180141 2.26e-07 6.645351 2.006989 0.156576 0.501741 2 271 --?
rs72797516 A G 0.098635 0.034723 0.006789 0.021417 0.04803 5.11478 3.2e-07 6.494341 3.381284 0.184401 0.408509 3 325 -++
rs72797517 C T 0.098635 0.034723 0.006789 0.021417 0.04803 5.11478 3.2e-07 6.494341 3.381284 0.184401 0.408509 3 325 -++
rs6721769 A G 0.098635 0.034723 0.006789 0.021417 0.04803 5.11478 3.2e-07 6.494341 3.381284 0.184401 0.408509 3 325 -++
rs6721928 A G 0.098635 0.034723 0.006789 0.021417 0.04803 5.11478 3.2e-07 6.494341 3.381284 0.184401 0.408509 3 325 -++
rs56056614 A G 0.098635 0.034723 0.006789 0.021417 0.04803 5.11478 3.2e-07 6.494341 3.381284 0.184401 0.408509 3 325 -++
rs72797522 T C 0.096218 0.035058 0.006954 0.021428 0.048688 5.041418 4.71e-07 6.326987 3.352954 0.187032 0.403511 3 325 -++
rs56231606 A C 0.09501 0.03511 0.00699 0.021409 0.048812 5.022628 5.19e-07 6.284485 3.349037 0.187398 0.402813 3 325 -++
rs112290547 T C 0.088657 0.03515 0.007046 0.02134 0.04896 4.988671 6.19e-07 6.208055 2.717714 0.256954 0.264087 3 325 -++
rs7677705 G A 0.348144 -0.021661 0.004347 -0.03018 -0.013141 -4.983048 6.38e-07 6.195445 7.060611 0.029296 0.716738 3 325 ---
rs72797535 A G 0.108863 0.032666 0.006561 0.019806 0.045525 4.978832 6.52e-07 6.186 3.636558 0.162305 0.450029 3 325 -++
rs80145094 G C 0.010831 -0.096263 0.019386 -0.13426 -0.058267 -4.965605 6.98e-07 6.156413 4.33951 0.114206 0.539118 3 325 ---
rs1350924 T G 0.289179 -0.030717 0.006206 -0.042882 -0.018552 -4.949241 7.59e-07 6.119912 1.064919 0.302096 0.060961 2 94 -?-
rs62354466 A G 0.012209 -0.098403 0.019886 -0.137379 -0.059427 -4.948476 7.62e-07 6.118209 0.842818 0.358592 0 2 271 --?
rs11724150 T G 0.349352 -0.02145 0.00435 -0.029976 -0.012923 -4.930703 8.34e-07 6.078697 7.247938 0.026677 0.724059 3 325 ---
rs7692485 T C 0.233062 -0.02431 0.004931 -0.033975 -0.014644 -4.929774 8.38e-07 6.076636 6.280012 0.043283 0.681529 3 325 ---
rs116921098 G C 0.011025 -0.092414 0.018809 -0.12928 -0.055547 -4.913168 9.12e-07 6.039845 6.328939 0.011878 0.841996 2 285 ?--
rs55875262 G C 0.089825 0.035223 0.007171 0.021169 0.049278 4.91206 9.17e-07 6.037395 3.666558 0.159888 0.454529 3 325 -++
rs12371606 A G 0.015354 -0.106269 0.021658 -0.148719 -0.063818 -4.906598 9.43e-07 6.025321 0.222557 0.637098 0 2 94 -?-
rs12369211 T A 0.015354 -0.106269 0.021658 -0.148719 -0.063818 -4.906598 9.43e-07 6.025321 0.222557 0.637098 0 2 94 -?-
rs11049895 A T 0.015354 -0.106269 0.021658 -0.148719 -0.063818 -4.906598 9.43e-07 6.025321 0.222557 0.637098 0 2 94 -?-
rs16933533 T C 0.015354 -0.106269 0.021658 -0.148719 -0.063818 -4.906598 9.43e-07 6.025321 0.222557 0.637098 0 2 94 -?-
rs11049899 T C 0.015354 -0.106269 0.021658 -0.148719 -0.063818 -4.906598 9.43e-07 6.025321 0.222557 0.637098 0 2 94 -?-
rs11049900 C T 0.015354 -0.106269 0.021658 -0.148719 -0.063818 -4.906598 9.43e-07 6.025321 0.222557 0.637098 0 2 94 -?-
rs71453713 G A 0.015354 -0.106269 0.021658 -0.148719 -0.063818 -4.906598 9.43e-07 6.025321 0.222557 0.637098 0 2 94 -?-
rs12369524 G A 0.015354 -0.106269 0.021658 -0.148719 -0.063818 -4.906598 9.43e-07 6.025321 0.222557 0.637098 0 2 94 -?-
rs11049901 T C 0.015354 -0.106269 0.021658 -0.148719 -0.063818 -4.906598 9.43e-07 6.025321 0.222557 0.637098 0 2 94 -?-
rs729004 G A 0.015354 -0.106269 0.021658 -0.148719 -0.063818 -4.906598 9.43e-07 6.025321 0.222557 0.637098 0 2 94 -?-
rs71453714 T C 0.015354 -0.106269 0.021658 -0.148719 -0.063818 -4.906598 9.43e-07 6.025321 0.222557 0.637098 0 2 94 -?-
rs1387244 G T 0.015354 -0.106269 0.021658 -0.148719 -0.063818 -4.906598 9.43e-07 6.025321 0.222557 0.637098 0 2 94 -?-
rs11049902 T C 0.015354 -0.106269 0.021658 -0.148719 -0.063818 -4.906598 9.43e-07 6.025321 0.222557 0.637098 0 2 94 -?-
rs11049903 G C 0.015354 -0.106269 0.021658 -0.148719 -0.063818 -4.906598 9.43e-07 6.025321 0.222557 0.637098 0 2 94 -?-
rs71453715 G A 0.015354 -0.106269 0.021658 -0.148719 -0.063818 -4.906598 9.43e-07 6.025321 0.222557 0.637098 0 2 94 -?-
rs11049906 C A 0.015354 -0.106269 0.021658 -0.148719 -0.063818 -4.906598 9.43e-07 6.025321 0.222557 0.637098 0 2 94 -?-
rs11049908 G C 0.015354 -0.106269 0.021658 -0.148719 -0.063818 -4.906598 9.43e-07 6.025321 0.222557 0.637098 0 2 94 -?-
rs36058398 A C 0.015354 -0.106269 0.021658 -0.148719 -0.063818 -4.906598 9.43e-07 6.025321 0.222557 0.637098 0 2 94 -?-
rs965607 T C 0.015354 -0.106269 0.021658 -0.148719 -0.063818 -4.906598 9.43e-07 6.025321 0.222557 0.637098 0 2 94 -?-
rs11519102 C A 0.015354 -0.106269 0.021658 -0.148719 -0.063818 -4.906598 9.43e-07 6.025321 0.222557 0.637098 0 2 94 -?-
rs11049921 T C 0.015354 -0.106269 0.021658 -0.148719 -0.063818 -4.906598 9.43e-07 6.025321 0.222557 0.637098 0 2 94 -?-
rs6811356 C T 0.048422 -0.046557 0.009522 -0.06522 -0.027894 -4.889477 1.03e-06 5.987557 9.118821 0.010468 0.780673 3 325 ---
rs38070 C T 0.12525 -0.027391 0.005612 -0.038391 -0.016392 -4.880985 1.07e-06 5.968872 1.964957 0.374382 0 3 325 ---
rs12100890 T C 0.154791 0.041982 0.008619 0.025088 0.058875 4.87078 1.13e-06 5.946459 0.27805 0.597982 0 2 94 +?+
rs12284695 G A 0.05395 -0.043016 0.008841 -0.060344 -0.025689 -4.865721 1.16e-06 5.935364 2.451975 0.293468 0.184331 3 325 ---
rs4440235 C T 0.04963 -0.045699 0.009409 -0.06414 -0.027258 -4.857115 1.21e-06 5.916513 9.438792 0.008921 0.788108 3 325 ---
rs2074631 C T 0.216979 0.02585 0.005346 0.015371 0.036328 4.835232 1.35e-06 5.868722 0.769716 0.380305 0 2 271 ++?
rs79154149 T C 0.050236 -0.041815 0.008733 -0.05893 -0.024699 -4.788365 1.71e-06 5.767042 4.949119 0.0842 0.595888 3 325 ---
rs3826949 A G 0.03102 -0.100083 0.021064 -0.141369 -0.058797 -4.751332 2.05e-06 5.687345 2.734164 0.098223 0.634257 2 94 -?-
rs9789426 C T 0.088361 0.034447 0.007288 0.020163 0.04873 4.726709 2.32e-06 5.634674 3.487456 0.174867 0.426516 3 325 -++
rs10102837 T A 0.325483 0.019151 0.004065 0.011182 0.027119 4.710581 2.51e-06 5.600312 1.557205 0.459047 0 3 325 +++
rs77393011 G C 0.036241 -0.074948 0.015917 -0.106146 -0.043751 -4.708714 2.53e-06 5.596341 2.929671 0.086965 0.658665 2 94 -?-
rs1086297 T C 0.036241 -0.074948 0.015917 -0.106146 -0.043751 -4.708714 2.53e-06 5.596341 2.929671 0.086965 0.658665 2 94 -?-
rs12635353 C T 0.025798 -0.088082 0.018734 -0.124801 -0.051362 -4.701587 2.62e-06 5.581197 1.192191 0.274888 0.161208 2 94 -?-
rs111921754 G T 0.077899 -0.035548 0.007581 -0.050408 -0.020689 -4.688908 2.79e-06 5.554306 1.046553 0.592576 0 3 325 ---
rs7645951 G A 0.215837 0.024838 0.005305 0.014439 0.035236 4.681518 2.89e-06 5.538664 0.237748 0.625837 0 2 271 ++?
rs7624017 T C 0.215837 0.024838 0.005305 0.014439 0.035236 4.681518 2.89e-06 5.538664 0.237748 0.625837 0 2 271 ++?
rs6445245 T G 0.215837 0.024838 0.005305 0.014439 0.035236 4.681518 2.89e-06 5.538664 0.237748 0.625837 0 2 271 ++?
rs6445246 C T 0.215837 0.024838 0.005305 0.014439 0.035236 4.681518 2.89e-06 5.538664 0.237748 0.625837 0 2 271 ++?
rs78738496 T C 0.077689 -0.032809 0.007012 -0.046552 -0.019065 -4.678843 2.93e-06 5.533008 2.879732 0.23696 0.305491 3 325 ---
rs78534388 T A 0.077689 -0.032809 0.007012 -0.046552 -0.019065 -4.678843 2.93e-06 5.533008 2.879732 0.23696 0.305491 3 325 ---
rs373959202 T C 0.057018 -0.043043 0.009202 -0.06108 -0.025007 -4.677381 2.95e-06 5.529918 2.499896 0.28652 0.199967 3 325 +--
rs72795493 G A 0.094962 0.032674 0.006993 0.018969 0.04638 4.672648 3.02e-06 5.51992 3.450876 0.178095 0.420437 3 325 -++
rs7643577 T A 0.217286 0.024561 0.005261 0.014251 0.034872 4.669017 3.07e-06 5.512258 0.276878 0.598755 0 2 271 ++?
rs117662767 A G 0.028266 -0.054586 0.01169 -0.077499 -0.031673 -4.669315 3.07e-06 5.512886 3.72757 0.155085 0.463457 3 325 ---
rs2084275 A G 0.056323 -0.03984 0.008549 -0.056597 -0.023083 -4.660002 3.21e-06 5.493254 0.497477 0.779784 0 3 325 ---
rs73214845 T A 0.051188 -0.044808 0.009644 -0.063711 -0.025905 -4.646106 3.44e-06 5.464027 1.746209 0.417653 0 3 325 ---
rs2809134 G A 0.283081 -0.020247 0.004364 -0.0288 -0.011694 -4.639729 3.54e-06 5.450643 6.69327 0.035203 0.701192 3 325 ---
rs4611179 T G 0.293909 0.020696 0.004469 0.011936 0.029456 4.630782 3.7e-06 5.431892 0.738018 0.691419 0 3 325 +++
rs114045666 T G 0.029474 -0.053106 0.011478 -0.075603 -0.030609 -4.626698 3.77e-06 5.423345 4.066913 0.130882 0.508227 3 325 ---
rs79926064 C T 0.029474 -0.053106 0.011478 -0.075603 -0.030609 -4.626698 3.77e-06 5.423345 4.066913 0.130882 0.508227 3 325 ---
rs116944541 C T 0.029474 -0.053106 0.011478 -0.075603 -0.030609 -4.626698 3.77e-06 5.423345 4.066913 0.130882 0.508227 3 325 ---
rs146948584 G A 0.029474 -0.053106 0.011478 -0.075603 -0.030609 -4.626698 3.77e-06 5.423345 4.066913 0.130882 0.508227 3 325 ---
rs145361735 A G 0.029474 -0.053106 0.011478 -0.075603 -0.030609 -4.626698 3.77e-06 5.423345 4.066913 0.130882 0.508227 3 325 ---
rs114067394 T C 0.029474 -0.053106 0.011478 -0.075603 -0.030609 -4.626698 3.77e-06 5.423345 4.066913 0.130882 0.508227 3 325 ---
rs6729882 G A 0.359926 -0.018925 0.004103 -0.026967 -0.010882 -4.611976 4.05e-06 5.39259 3.276974 0.194274 0.389681 3 325 ---
rs728151 C G 0.531572 -0.022114 0.004809 -0.031538 -0.012689 -4.598839 4.31e-06 5.365221 0.020826 0.885253 0 2 271 --?
rs78445118 C T 0.055975 -0.036801 0.008015 -0.05251 -0.021092 -4.591526 4.47e-06 5.350016 2.393212 0.302218 0.164303 3 325 ---
rs62101290 A C 0.017089 -0.068153 0.014843 -0.097245 -0.039061 -4.591602 4.47e-06 5.350175 10.335512 0.005697 0.806492 3 325 ---
rs62101291 C A 0.017089 -0.068153 0.014843 -0.097245 -0.039061 -4.591602 4.47e-06 5.350175 10.335512 0.005697 0.806492 3 325 ---
rs62101292 C G 0.017089 -0.068153 0.014843 -0.097245 -0.039061 -4.591602 4.47e-06 5.350175 10.335512 0.005697 0.806492 3 325 ---
rs4805980 A G 0.017089 -0.068153 0.014843 -0.097245 -0.039061 -4.591602 4.47e-06 5.350175 10.335512 0.005697 0.806492 3 325 ---
rs4805981 C G 0.017089 -0.068153 0.014843 -0.097245 -0.039061 -4.591602 4.47e-06 5.350175 10.335512 0.005697 0.806492 3 325 ---
rs62101293 C T 0.017089 -0.068153 0.014843 -0.097245 -0.039061 -4.591602 4.47e-06 5.350175 10.335512 0.005697 0.806492 3 325 ---
rs4805982 A G 0.017089 -0.068153 0.014843 -0.097245 -0.039061 -4.591602 4.47e-06 5.350175 10.335512 0.005697 0.806492 3 325 ---
rs62101316 T C 0.017089 -0.068153 0.014843 -0.097245 -0.039061 -4.591602 4.47e-06 5.350175 10.335512 0.005697 0.806492 3 325 ---
rs62101317 T C 0.017089 -0.068153 0.014843 -0.097245 -0.039061 -4.591602 4.47e-06 5.350175 10.335512 0.005697 0.806492 3 325 ---
rs62101318 A G 0.017089 -0.068153 0.014843 -0.097245 -0.039061 -4.591602 4.47e-06 5.350175 10.335512 0.005697 0.806492 3 325 ---
rs62101319 A C 0.017089 -0.068153 0.014843 -0.097245 -0.039061 -4.591602 4.47e-06 5.350175 10.335512 0.005697 0.806492 3 325 ---
rs62101320 C T 0.017089 -0.068153 0.014843 -0.097245 -0.039061 -4.591602 4.47e-06 5.350175 10.335512 0.005697 0.806492 3 325 ---
rs62101321 A G 0.017089 -0.068153 0.014843 -0.097245 -0.039061 -4.591602 4.47e-06 5.350175 10.335512 0.005697 0.806492 3 325 ---
rs62101322 A G 0.017089 -0.068153 0.014843 -0.097245 -0.039061 -4.591602 4.47e-06 5.350175 10.335512 0.005697 0.806492 3 325 ---
rs76900903 T A 0.017089 -0.068153 0.014843 -0.097245 -0.039061 -4.591602 4.47e-06 5.350175 10.335512 0.005697 0.806492 3 325 ---
rs12609844 A G 0.017089 -0.068153 0.014843 -0.097245 -0.039061 -4.591602 4.47e-06 5.350175 10.335512 0.005697 0.806492 3 325 ---
rs62101330 A G 0.017089 -0.068153 0.014843 -0.097245 -0.039061 -4.591602 4.47e-06 5.350175 10.335512 0.005697 0.806492 3 325 ---
rs62101343 T C 0.017089 -0.068153 0.014843 -0.097245 -0.039061 -4.591602 4.47e-06 5.350175 10.335512 0.005697 0.806492 3 325 ---
rs16961829 C G 0.03378 -0.044224 0.009642 -0.063122 -0.025325 -4.586513 4.58e-06 5.339608 2.670227 0.263128 0.251 3 325 ---
rs11604748 G A 0.175462 -0.023376 0.005098 -0.033368 -0.013383 -4.585193 4.6e-06 5.336868 2.596413 0.273021 0.229706 3 324 ---
rs2809133 C T 0.28429 -0.019985 0.004368 -0.028547 -0.011424 -4.575202 4.83e-06 5.31616 6.989788 0.030352 0.713868 3 325 ---
rs2054373 G A 0.28429 -0.019985 0.004368 -0.028547 -0.011424 -4.575202 4.83e-06 5.31616 6.989788 0.030352 0.713868 3 325 ---
rs1715786 A G 0.17398 -0.023462 0.005136 -0.03353 -0.013395 -4.567972 5e-06 5.301198 4.801388 0.090655 0.583454 3 325 ---
rs17765780 T C 0.014409 -0.072584 0.015899 -0.103747 -0.041422 -4.565292 5.06e-06 5.295659 0.703541 0.703442 0 3 325 ---
rs112605460 A G 0.016872 -0.076826 0.016855 -0.109861 -0.04379 -4.558072 5.24e-06 5.28075 0.0714 0.789309 0 2 271 --?
rs112225249 G A 0.016872 -0.076826 0.016855 -0.109861 -0.04379 -4.558072 5.24e-06 5.28075 0.0714 0.789309 0 2 271 --?
rs17072488 C T 0.14125 -0.025968 0.0057 -0.037139 -0.014797 -4.55606 5.29e-06 5.276599 2.300405 0.316573 0.130588 3 325 ---
rs80002745 C A 0.14125 -0.025968 0.0057 -0.037139 -0.014797 -4.55606 5.29e-06 5.276599 2.300405 0.316573 0.130588 3 325 ---
rs6774688 A G 0.209733 0.023956 0.005266 0.013635 0.034276 4.549503 5.46e-06 5.263083 0.236301 0.626891 0 2 271 ++?
rs6799081 G A 0.209733 0.023956 0.005266 0.013635 0.034276 4.549503 5.46e-06 5.263083 0.236301 0.626891 0 2 271 ++?
rs199984280 C T 0.209733 0.023956 0.005266 0.013635 0.034276 4.549503 5.46e-06 5.263083 0.236301 0.626891 0 2 271 ++?
rs34466054 A G 0.120747 -0.028203 0.006222 -0.040398 -0.016007 -4.532634 5.91e-06 5.228393 0.656139 0.720313 0 3 325 ---
rs62101285 T C 0.015874 -0.069254 0.015283 -0.099209 -0.0393 -4.53154 5.94e-06 5.226147 10.668481 0.004824 0.812532 3 325 ---
rs62101286 A G 0.015874 -0.069254 0.015283 -0.099209 -0.0393 -4.53154 5.94e-06 5.226147 10.668481 0.004824 0.812532 3 325 ---
rs62101287 A T 0.015874 -0.069254 0.015283 -0.099209 -0.0393 -4.53154 5.94e-06 5.226147 10.668481 0.004824 0.812532 3 325 ---
rs146637008 C G 0.096334 -0.0296 0.006532 -0.042403 -0.016796 -4.53121 5.95e-06 5.22547 0.264002 0.87634 0 3 325 ---
rs814485 C T 0.075785 -0.034723 0.007675 -0.049766 -0.01968 -4.524107 6.15e-06 5.210903 6.946268 0.03102 0.712076 3 325 ---
rs67404463 G A 0.121956 -0.028022 0.006206 -0.040186 -0.015859 -4.5156 6.4e-06 5.193483 0.693712 0.706907 0 3 325 ---
rs17095318 A G 0.082774 -0.049269 0.010942 -0.070715 -0.027823 -4.502794 6.8e-06 5.16732 0.354616 0.551511 0 2 94 -?-
rs2528492 A G 0.484339 -0.029792 0.006617 -0.042761 -0.016823 -4.50239 6.82e-06 5.166494 0.403603 0.525234 0 2 93 -?-
rs62000281 C T 0.057743 0.038218 0.008492 0.021574 0.054862 4.500627 6.87e-06 5.162897 0.512234 0.774051 0 3 325 +++
rs135945 A G 0.251662 -0.021213 0.004719 -0.030462 -0.011964 -4.495245 7.05e-06 5.151928 3.693313 0.157764 0.458481 3 325 ---
rs715597 A G 0.251662 -0.021213 0.004719 -0.030462 -0.011964 -4.495245 7.05e-06 5.151928 3.693313 0.157764 0.458481 3 325 ---
rs16904401 G A 0.016872 -0.07359 0.016384 -0.105702 -0.041477 -4.491538 7.17e-06 5.144377 6.527702 0.010621 0.846807 2 271 --?
rs59708107 G T 0.066955 -0.057353 0.012777 -0.082396 -0.03231 -4.488701 7.27e-06 5.138603 0.170443 0.679718 0 2 94 -?-
rs6878203 C A 0.030708 -0.081922 0.018273 -0.117738 -0.046106 -4.48313 7.46e-06 5.127275 0.015129 0.902107 0 2 94 -?-
rs6864347 A T 0.030708 -0.081922 0.018273 -0.117738 -0.046106 -4.48313 7.46e-06 5.127275 0.015129 0.902107 0 2 94 -?-
rs62352980 T A 0.030708 -0.081922 0.018273 -0.117738 -0.046106 -4.48313 7.46e-06 5.127275 0.015129 0.902107 0 2 94 -?-
rs144163218 A G 0.030708 -0.081922 0.018273 -0.117738 -0.046106 -4.48313 7.46e-06 5.127275 0.015129 0.902107 0 2 94 -?-
rs4496685 A C 0.030708 -0.081922 0.018273 -0.117738 -0.046106 -4.48313 7.46e-06 5.127275 0.015129 0.902107 0 2 94 -?-
rs147026738 A C 0.030708 -0.081922 0.018273 -0.117738 -0.046106 -4.48313 7.46e-06 5.127275 0.015129 0.902107 0 2 94 -?-
rs186489275 A G 0.030708 -0.081922 0.018273 -0.117738 -0.046106 -4.48313 7.46e-06 5.127275 0.015129 0.902107 0 2 94 -?-
rs62353003 A G 0.030708 -0.081922 0.018273 -0.117738 -0.046106 -4.48313 7.46e-06 5.127275 0.015129 0.902107 0 2 94 -?-
rs4703414 G A 0.030708 -0.081922 0.018273 -0.117738 -0.046106 -4.48313 7.46e-06 5.127275 0.015129 0.902107 0 2 94 -?-
rs79095991 A T 0.011368 -0.081642 0.018212 -0.117337 -0.045947 -4.482933 7.47e-06 5.126874 0.052655 0.818506 0 2 285 ?--
rs149875291 A G 0.020912 -0.068482 0.015278 -0.098428 -0.038536 -4.482282 7.49e-06 5.125551 4.985198 0.025565 0.799406 2 271 --?
rs72795499 A G 0.136369 0.025591 0.005715 0.01439 0.036793 4.478029 7.64e-06 5.116914 1.699412 0.427541 0 3 325 +++
rs117132055 G C 0.035985 -0.048806 0.010899 -0.070168 -0.027443 -4.477931 7.64e-06 5.116715 0.768868 0.680836 0 3 325 ---
rs10107703 T A 0.135726 -0.025736 0.005755 -0.037016 -0.014457 -4.472232 7.85e-06 5.105151 2.062148 0.356624 0.030138 3 325 ---
rs59333486 G A 0.206249 -0.035535 0.007967 -0.05115 -0.019919 -4.46015 8.3e-06 5.080683 3.802797 0.051167 0.737036 2 94 -?-
rs12631405 A G 0.206249 -0.035535 0.007967 -0.05115 -0.019919 -4.46015 8.3e-06 5.080683 3.802797 0.051167 0.737036 2 94 -?-
rs1846081 A G 0.206249 -0.035535 0.007967 -0.05115 -0.019919 -4.46015 8.3e-06 5.080683 3.802797 0.051167 0.737036 2 94 -?-
rs34710674 C T 0.206249 -0.035535 0.007967 -0.05115 -0.019919 -4.46015 8.3e-06 5.080683 3.802797 0.051167 0.737036 2 94 -?-
rs34156823 T G 0.206249 -0.035535 0.007967 -0.05115 -0.019919 -4.46015 8.3e-06 5.080683 3.802797 0.051167 0.737036 2 94 -?-
rs1497542 T C 0.206249 -0.035535 0.007967 -0.05115 -0.019919 -4.46015 8.3e-06 5.080683 3.802797 0.051167 0.737036 2 94 -?-
rs1497541 T C 0.206249 -0.035535 0.007967 -0.05115 -0.019919 -4.46015 8.3e-06 5.080683 3.802797 0.051167 0.737036 2 94 -?-
rs13064060 A C 0.206249 -0.035535 0.007967 -0.05115 -0.019919 -4.46015 8.3e-06 5.080683 3.802797 0.051167 0.737036 2 94 -?-
rs38073 G A 0.153584 -0.023387 0.005251 -0.033678 -0.013096 -4.454165 8.54e-06 5.068584 0.853893 0.652499 0 3 325 ---
rs9560728 A G 0.530884 0.017374 0.003901 0.009728 0.02502 4.453752 8.56e-06 5.06775 0.884535 0.642578 0 3 325 +++
rs55831452 A G 0.038704 -0.046462 0.010444 -0.066932 -0.025992 -4.448764 8.76e-06 5.05768 0.771024 0.680102 0 3 325 ---
rs7965306 G A 0.020576 -0.087526 0.019676 -0.12609 -0.048961 -4.448362 8.77e-06 5.056869 2.647198 0.103733 0.622242 2 94 -?-
rs76986107 G C 0.096234 0.027788 0.006248 0.015541 0.040034 4.447342 8.81e-06 5.054811 4.048807 0.132073 0.506027 3 325 +++
rs35586222 G C 0.096234 0.027788 0.006248 0.015541 0.040034 4.447342 8.81e-06 5.054811 4.048807 0.132073 0.506027 3 325 +++
chr7:39571248:A:G G A 0.096234 0.027788 0.006248 0.015541 0.040034 4.447342 8.81e-06 5.054811 4.048807 0.132073 0.506027 3 325 +++
rs117607042 G A 0.096234 0.027788 0.006248 0.015541 0.040034 4.447342 8.81e-06 5.054811 4.048807 0.132073 0.506027 3 325 +++
rs56285641 C G 0.100053 0.03058 0.006878 0.017098 0.044061 4.445814 8.88e-06 5.051728 2.080026 0.35345 0.038474 3 325 +++
rs5000552 C T 0.467761 -0.017588 0.003957 -0.025344 -0.009832 -4.444858 8.92e-06 5.049801 6.381945 0.041132 0.686616 3 325 ---
rs72916126 A C 0.034565 0.049629 0.011174 0.027728 0.07153 4.441545 9.05e-06 5.043123 0.31064 0.856141 0 3 325 +++
rs12595306 G T 0.012981 -0.076817 0.017299 -0.110722 -0.042911 -4.440569 9.1e-06 5.041156 0.080221 0.776999 0 2 280 ?--
rs7281758 T G 0.340545 0.020993 0.004729 0.011724 0.030262 4.439057 9.16e-06 5.038111 7.749621 0.005372 0.870961 2 271 ++?
rs7281362 T A 0.340545 0.020993 0.004729 0.011724 0.030262 4.439057 9.16e-06 5.038111 7.749621 0.005372 0.870961 2 271 ++?
rs55745924 T C 0.032617 -0.052979 0.011936 -0.076373 -0.029585 -4.438664 9.18e-06 5.037319 0.433429 0.80516 0 3 325 ---
rs56404010 T C 0.145224 -0.024563 0.005538 -0.035418 -0.013708 -4.435063 9.33e-06 5.030071 1.334859 0.513026 0 3 325 ---
rs66612971 G C 0.145224 -0.024563 0.005538 -0.035418 -0.013708 -4.435063 9.33e-06 5.030071 1.334859 0.513026 0 3 325 ---
rs12392993 G C 0.017565 -0.061499 0.013867 -0.088678 -0.03432 -4.43496 9.34e-06 5.029863 0.001716 0.966961 0 2 280 ?--
rs13441160 G A 0.017565 -0.061499 0.013867 -0.088678 -0.03432 -4.43496 9.34e-06 5.029863 0.001716 0.966961 0 2 280 ?--
rs12390635 C A 0.017565 -0.061499 0.013867 -0.088678 -0.03432 -4.43496 9.34e-06 5.029863 0.001716 0.966961 0 2 280 ?--
rs61887370 T C 0.043725 -0.048419 0.01092 -0.069823 -0.027015 -4.433784 9.39e-06 5.027496 9.496918 0.008665 0.789405 3 325 ---
rs34212586 T C 0.146093 -0.025138 0.005672 -0.036256 -0.01402 -4.431704 9.48e-06 5.023312 0.57885 0.748694 0 3 325 ---
rs55788732 A T 0.02585 -0.05708 0.01288 -0.082324 -0.031835 -4.431714 9.48e-06 5.023333 0.32193 0.851322 0 3 325 ---
rs56073856 A G 0.109423 0.028934 0.006538 0.01612 0.041748 4.425666 9.75e-06 5.01118 2.880121 0.236913 0.305585 3 325 -++
rs72797530 C T 0.109423 0.028934 0.006538 0.01612 0.041748 4.425666 9.75e-06 5.01118 2.880121 0.236913 0.305585 3 325 -++
rs11196555 C G 0.041305 0.071735 0.016209 0.039966 0.103505 4.425639 9.75e-06 5.011125 0.668773 0.41348 0 2 94 +?+
rs55927126 G T 0.01551 -0.081133 0.018335 -0.11707 -0.045196 -4.424966 9.78e-06 5.009774 3.678495 0.055119 0.72815 2 285 ?-+
rs72795498 A G 0.093754 0.031167 0.007045 0.017359 0.044975 4.424012 9.82e-06 5.007857 3.594103 0.165787 0.443533 3 325 -++
rs3888242 C T 0.321934 0.020163 0.004558 0.01123 0.029097 4.42365 9.84e-06 5.007132 0.954312 0.620546 0 3 325 +++
