rs_number reference_allele other_allele eaf beta se beta_95L beta_95U z p-value -log10_p-value q_statistic q_p-value i2 n_studies n_samples effects
rs75627662 T C 0.270935 -0.018101 0.002669 -0.023333 -0.01287 -6.782051 1.23e-11 10.910585 7.742974 0.005392 0.870851 2 3025 -+
rs7412 T C 0.052928 0.033392 0.005092 0.023412 0.043372 6.55818 5.64e-11 10.249078 4.610374 0.031779 0.783098 2 3020 ++
rs7259620 A G 0.357956 0.015571 0.002416 0.010837 0.020306 6.446143 1.19e-10 9.92603 2.702664 0.100181 0.629995 2 3025 ++
chr19:44909976:G:T T G 0.053644 0.032042 0.005059 0.022126 0.041958 6.333319 2.48e-10 9.606106 4.710721 0.029975 0.787718 2 3025 ++
rs112019714 C T 0.063855 -0.029141 0.004713 -0.038378 -0.019904 -6.18326 6.47e-10 9.188972 3.899227 0.048308 0.743539 2 3025 --
rs115881343 T C 0.0604 -0.029045 0.004833 -0.038517 -0.019573 -6.010278 1.91e-09 8.719972 3.64167 0.05635 0.725401 2 3007 --
rs141622900 A G 0.036375 0.037257 0.00636 0.024791 0.049723 5.857866 4.82e-09 8.31725 3.367614 0.06649 0.703054 2 3025 ++
rs1081105 C A 0.062589 -0.027597 0.004748 -0.036902 -0.018292 -5.812906 6.3e-09 8.20033 2.41612 0.120092 0.586113 2 3025 --
rs77301115 A G 0.057986 -0.027229 0.004872 -0.036779 -0.01768 -5.588816 2.34e-08 7.630321 4.582866 0.032293 0.781796 2 3024 --
rs116881820 C T 0.05863 -0.027079 0.004867 -0.036618 -0.01754 -5.564051 2.7e-08 7.568629 3.82656 0.050446 0.738669 2 3025 --
rs112849259 T C 0.058514 -0.027034 0.004861 -0.036562 -0.017506 -5.561122 2.75e-08 7.561351 4.173356 0.041064 0.760385 2 3025 --
rs59325138 T C 0.307629 0.014136 0.002557 0.009123 0.019148 5.527386 3.33e-08 7.477768 1.902606 0.167787 0.474405 2 3025 ++
rs75687619 T G 0.058016 -0.026683 0.00489 -0.036267 -0.017099 -5.456821 4.96e-08 7.304496 3.532589 0.060174 0.716921 2 3024 --
rs150966173 T C 0.060048 -0.026065 0.004792 -0.035457 -0.016672 -5.438963 5.48e-08 7.260979 2.300182 0.129359 0.565252 2 3008 --
rs79398853 T C 0.057956 -0.026526 0.004899 -0.036129 -0.016924 -5.414523 6.29e-08 7.201639 3.293356 0.069561 0.696358 2 3024 --
rs140480140 A G 0.062299 -0.025391 0.00471 -0.034622 -0.01616 -5.391325 7.15e-08 7.14555 2.177966 0.139999 0.540856 2 3025 --
rs114536010 T C 0.057844 -0.026206 0.004907 -0.035823 -0.016588 -5.3404 9.48e-08 7.023212 3.498924 0.061409 0.714198 2 3020 --
rs188535946 A G 0.059976 -0.024399 0.004789 -0.033785 -0.015012 -5.094615 3.56e-07 6.448115 2.974983 0.084561 0.663864 2 3025 --
rs1547936 G C 0.089766 -0.020768 0.004221 -0.029041 -0.012495 -4.920236 8.8e-07 6.055491 3.653363 0.055956 0.72628 2 3025 --
rs868140 A T 0.40104 0.011527 0.002396 0.006831 0.016223 4.811531 1.52e-06 5.817186 0.269391 0.60374 0 2 3025 ++
rs74857911 C T 0.037837 -0.02956 0.006221 -0.041753 -0.017368 -4.75201 2.05e-06 5.6888 0.008163 0.928009 0 2 3020 --
rs74518378 T C 0.089124 -0.020064 0.004236 -0.028367 -0.011761 -4.73638 2.21e-06 5.655332 3.247801 0.071519 0.692099 2 3025 --
rs1344717 T C 0.137031 -0.023898 0.005057 -0.033809 -0.013987 -4.726057 2.33e-06 5.633284 1.008356 0.315297 0.008287 2 1163 --
rs73172926 T C 0.126258 -0.016335 0.003473 -0.023142 -0.009527 -4.703158 2.6e-06 5.584533 2.075103 0.14972 0.518096 2 3025 --
rs5766404 T C 0.31299 0.011945 0.00255 0.006946 0.016944 4.68376 2.86e-06 5.543409 0.057824 0.809969 0 2 3025 ++
rs5766411 A C 0.323509 0.01161 0.002518 0.006674 0.016545 4.610588 4.08e-06 5.389693 0.069159 0.792565 0 2 3025 ++
rs5765163 T G 0.313157 0.011721 0.00255 0.006723 0.016719 4.596509 4.36e-06 5.360374 0.075466 0.783539 0 2 3025 ++
rs2238010 G T 0.058124 -0.022111 0.004813 -0.031545 -0.012677 -4.593865 4.42e-06 5.354877 0.594559 0.440662 0 2 3025 --
rs3852861 T G 0.377039 0.010965 0.002397 0.006267 0.015663 4.574492 4.85e-06 5.31469 0.055371 0.813967 0 2 3025 ++
rs12353960 T C 0.072454 -0.020841 0.004558 -0.029773 -0.011908 -4.572719 4.89e-06 5.311019 1.935606 0.164146 0.483366 2 3025 --
rs73160138 A C 0.224641 0.012427 0.002724 0.007087 0.017766 4.56163 5.15e-06 5.288095 1.205967 0.272132 0.17079 2 3025 ++
rs3852860 T C 0.376939 0.010934 0.002398 0.006234 0.015633 4.560139 5.19e-06 5.285016 0.058263 0.809262 0 2 3025 ++
rs61852646 A T 0.07258 -0.020717 0.004548 -0.029631 -0.011803 -4.555236 5.31e-06 5.274899 1.957375 0.161794 0.489112 2 3025 --
rs6729178 T C 0.122044 -0.016098 0.003537 -0.02303 -0.009166 -4.551514 5.4e-06 5.267226 2.28752 0.130418 0.562845 2 3025 --
rs112876609 T C 0.158351 0.014692 0.003238 0.008346 0.021038 4.537552 5.77e-06 5.238494 0.325997 0.568026 0 2 3025 ++
rs7586982 T C 0.121112 -0.01614 0.00356 -0.023118 -0.009162 -4.533602 5.88e-06 5.230381 2.139201 0.143577 0.532536 2 3025 --
rs3766024 G A 0.106423 -0.025858 0.005707 -0.037043 -0.014674 -4.531398 5.94e-06 5.225856 0.413795 0.520049 0 2 1162 --
rs11889304 A G 0.120743 -0.016131 0.003564 -0.023117 -0.009146 -4.526037 6.1e-06 5.214859 2.143005 0.143221 0.533366 2 3025 --
rs7595344 T C 0.243693 -0.0123 0.002719 -0.017628 -0.006971 -4.523999 6.16e-06 5.210681 2.635144 0.104523 0.620514 2 3025 --
rs80337005 A G 0.120682 -0.016126 0.003565 -0.023113 -0.009139 -4.523614 6.17e-06 5.209891 2.14486 0.143048 0.533769 2 3025 --
rs79704202 T A 0.224868 0.012268 0.002719 0.006939 0.017597 4.51196 6.52e-06 5.186039 1.452521 0.228124 0.311542 2 3025 ++
rs6733839 T C 0.408145 -0.010826 0.0024 -0.01553 -0.006123 -4.511579 6.53e-06 5.18526 4.033949 0.044593 0.752104 2 3023 --
rs7953685 T C 0.224868 0.012233 0.002719 0.006904 0.017562 4.499264 6.92e-06 5.160118 1.513552 0.218598 0.339302 2 3025 ++
rs146895379 A G 0.120591 -0.016027 0.003563 -0.023012 -0.009043 -4.497916 6.96e-06 5.15737 2.177815 0.140013 0.540824 2 3025 --
rs78131760 A G 0.120776 -0.016027 0.003563 -0.023012 -0.009043 -4.497916 6.96e-06 5.15737 2.177815 0.140013 0.540824 2 3025 --
rs78680736 T G 0.120776 -0.016027 0.003563 -0.023012 -0.009043 -4.497916 6.96e-06 5.15737 2.177815 0.140013 0.540824 2 3025 --
rs80244487 T C 0.120776 -0.016027 0.003563 -0.023012 -0.009043 -4.497916 6.96e-06 5.15737 2.177815 0.140013 0.540824 2 3025 --
rs6733363 T G 0.282063 -0.011455 0.002548 -0.016449 -0.006461 -4.495987 7.02e-06 5.153439 0.412446 0.52073 0 2 3025 --
rs75017266 A C 0.1201 -0.016013 0.003567 -0.023005 -0.009022 -4.488972 7.26e-06 5.139155 2.183386 0.139507 0.541996 2 3025 --
rs73160135 A G 0.22513 0.012198 0.002724 0.006859 0.017537 4.478184 7.63e-06 5.117228 1.599761 0.205937 0.374906 2 3025 ++
rs202133999 A C 0.043014 -0.025679 0.005736 -0.036922 -0.014435 -4.476482 7.7e-06 5.113773 0.546509 0.459747 0 2 3025 --
rs73994845 C T 0.035071 -0.027509 0.006147 -0.039557 -0.015461 -4.475309 7.74e-06 5.111393 2.297757 0.129561 0.564793 2 3025 --
rs57319081 C G 0.087861 -0.019151 0.00428 -0.02754 -0.010762 -4.474597 7.76e-06 5.109949 1.434049 0.231105 0.302674 2 3025 --
rs147763545 A G 0.086248 -0.019177 0.004291 -0.027588 -0.010766 -4.46862 7.98e-06 5.09783 1.646682 0.199411 0.392718 2 3025 --
rs4337490 C T 0.278175 -0.011449 0.002562 -0.016471 -0.006427 -4.46816 8e-06 5.096898 0.816687 0.366151 0 2 3025 --
rs1572235 C G 0.383761 0.01071 0.002401 0.006003 0.015416 4.459956 8.31e-06 5.080292 0.148237 0.700226 0 2 3025 ++
rs11680556 A G 0.120738 -0.015826 0.003558 -0.022799 -0.008853 -4.448347 8.77e-06 5.056838 2.245288 0.134022 0.554623 2 3025 --
rs4131815 T C 0.309497 -0.010828 0.00244 -0.015612 -0.006045 -4.436951 9.25e-06 5.033871 1.099573 0.29436 0.090556 2 3025 --
rs6744198 C G 0.280774 -0.011309 0.002556 -0.016318 -0.0063 -4.42515 9.77e-06 5.010142 0.783033 0.376215 0 2 3025 --
rs13320490 T C 0.370377 0.010722 0.002425 0.00597 0.015475 4.422085 9.91e-06 5.003989 1.5601 0.211651 0.359015 2 3025 ++
