rs_number reference_allele other_allele eaf beta se beta_95L beta_95U z p-value -log10_p-value q_statistic q_p-value i2 n_studies n_samples effects
rs6768610 C T 0.115948 -0.011383 0.002343 -0.015975 -0.006791 -4.858328 1.2e-06 5.919168 2.058131 0.151396 0.514122 2 21781 --
rs13149903 G T 0.265802 -0.008029 0.001687 -0.011335 -0.004722 -4.759038 1.98e-06 5.703881 0.046292 0.829645 0 2 19832 --
rs6816374 G A 0.264497 -0.008003 0.001692 -0.011319 -0.004687 -4.730397 2.28e-06 5.642548 0.111227 0.738751 0 2 19832 --
rs9772 T C 0.309223 -0.007142 0.001522 -0.010125 -0.00416 -4.694011 2.72e-06 5.565122 0.466136 0.49477 0 2 22324 --
rs4906795 A G 0.081777 0.014912 0.003189 0.008662 0.021161 4.676598 2.96e-06 5.528263 1.102166 0.293791 0.092696 2 7018 ++
rs10016808 G A 0.272882 -0.007617 0.001629 -0.01081 -0.004424 -4.676049 2.97e-06 5.527103 0.733646 0.391704 0 2 21829 --
rs17039902 A G 0.272971 -0.0076 0.001628 -0.010791 -0.004409 -4.668665 3.08e-06 5.511515 0.698894 0.403156 0 2 21829 --
rs7669769 C A 0.272761 -0.007467 0.001608 -0.010619 -0.004315 -4.64367 3.48e-06 5.458912 0.572543 0.44925 0 2 22324 --
rs11718215 A C 0.092337 -0.011388 0.002453 -0.016196 -0.006581 -4.642856 3.49e-06 5.457204 1.680626 0.194841 0.404984 2 22324 --
rs28587218 T A 0.273466 -0.007549 0.001628 -0.010739 -0.004358 -4.637128 3.59e-06 5.445189 0.625062 0.429172 0 2 21829 --
rs13434555 C G 0.273506 -0.007544 0.001628 -0.010735 -0.004353 -4.633857 3.64e-06 5.438334 0.613458 0.433489 0 2 21829 --
rs7696235 C A 0.272987 -0.007439 0.001607 -0.010589 -0.004289 -4.628833 3.73e-06 5.427813 0.603645 0.437191 0 2 22323 --
rs10004388 C T 0.273485 -0.007531 0.001628 -0.010722 -0.004341 -4.626464 3.78e-06 5.422855 0.630255 0.427262 0 2 21829 --
rs28674516 A G 0.273485 -0.007531 0.001628 -0.010722 -0.004341 -4.626464 3.78e-06 5.422855 0.630255 0.427262 0 2 21829 --
rs13126049 G A 0.146443 0.010597 0.002313 0.006063 0.015131 4.581408 4.69e-06 5.329019 0.608501 0.435353 0 2 9047 ++
rs6815266 A G 0.264231 -0.007719 0.001692 -0.011035 -0.004403 -4.562497 5.13e-06 5.289885 0.081292 0.775554 0 2 19832 --
rs56333312 A G 0.175265 -0.008325 0.001845 -0.01194 -0.004709 -4.513236 6.48e-06 5.188648 0.245585 0.620201 0 2 22324 --
rs6789727 A C 0.111497 -0.010678 0.002372 -0.015327 -0.00603 -4.502251 6.82e-06 5.166211 1.357317 0.244003 0.263253 2 21829 --
rs113525938 G A 0.393071 0.006481 0.001443 0.003653 0.009309 4.491908 7.16e-06 5.14513 4.640421 0.031227 0.784502 2 21829 ++
rs3892168 C T 0.439991 0.007457 0.001662 0.0042 0.010715 4.487558 7.31e-06 5.136279 0.203947 0.651553 0 2 9049 ++
rs77627276 G A 0.055595 0.013465 0.003027 0.007532 0.019397 4.448459 8.77e-06 5.057064 0.433586 0.510235 0 2 22323 ++
rs62472936 C T 0.092139 0.010824 0.002434 0.006053 0.015594 4.446889 8.83e-06 5.053895 0.258534 0.611129 0 2 21829 ++
rs12365709 A G 0.057125 0.013004 0.002934 0.007254 0.018754 4.432864 9.43e-06 5.025645 0.26745 0.605047 0 2 22324 ++
rs72704364 A T 0.034457 0.020994 0.004737 0.01171 0.030279 4.431933 9.47e-06 5.023774 0.03074 0.860821 0 2 7020 ++
rs4618921 G A 0.03503 -0.016831 0.003799 -0.024278 -0.009384 -4.429901 9.56e-06 5.019688 4.447326 0.034956 0.775146 2 20295 --
rs6092575 G C 0.030833 -0.02018 0.004557 -0.029112 -0.011248 -4.42837 9.62e-06 5.016611 0.023855 0.877254 0 2 20327 --
