rs_number reference_allele other_allele eaf beta se beta_95L beta_95U z p-value -log10_p-value q_statistic q_p-value i2 n_studies n_samples effects
rs429358 C T 0.127387 -0.013374 0.001871 -0.017041 -0.009708 -7.149233 9.08e-13 12.041779 3.156192 0.075639 0.683162 2 2079 -+
rs12721051 G C 0.156571 -0.011058 0.001718 -0.014426 -0.007689 -6.434581 1.28e-10 9.892996 0.162665 0.686715 0 2 2080 --
rs6857 T C 0.142553 -0.011467 0.001818 -0.01503 -0.007905 -6.308373 2.91e-10 9.5361 6.41754 0.0113 0.844177 2 2080 -+
rs56131196 A G 0.16128 -0.010688 0.001701 -0.014022 -0.007354 -6.282845 3.43e-10 9.464733 5.79134 0.016105 0.827328 2 2079 -+
rs4420638 G A 0.16141 -0.010624 0.001703 -0.013963 -0.007285 -6.237012 4.6e-10 9.337293 6.902119 0.008609 0.855117 2 2078 -+
rs7256200 T G 0.103825 -0.012527 0.002067 -0.016578 -0.008477 -6.061832 1.39e-09 8.858422 2.435372 0.118626 0.589385 2 2080 -+
rs10414043 A G 0.104059 -0.012383 0.002066 -0.016432 -0.008334 -5.994238 2.1e-09 8.677125 3.404873 0.065004 0.706303 2 2080 -+
rs157581 C T 0.225428 -0.009124 0.001555 -0.012172 -0.006076 -5.867665 4.54e-09 8.342846 0.045805 0.83053 0 2 2229 --
rs283811 G A 0.221145 -0.00885 0.001547 -0.011882 -0.005819 -5.722022 1.08e-08 7.966593 0.16285 0.686546 0 2 2229 --
rs184017 G T 0.222749 -0.008883 0.001563 -0.011946 -0.00582 -5.6841 1.35e-08 7.870097 0.01794 0.893451 0 2 2229 --
rs66626994 A G 0.128012 -0.01061 0.001875 -0.014284 -0.006936 -5.659572 1.56e-08 7.808007 6.153913 0.013112 0.837502 2 2080 -+
rs10119 A G 0.280826 -0.006671 0.001195 -0.009013 -0.004328 -5.580573 2.46e-08 7.609757 4.800294 0.028455 0.791679 2 4139 -+
rs11556505 T C 0.120704 -0.010823 0.001962 -0.014669 -0.006976 -5.515076 3.57e-08 7.44739 1.229335 0.267536 0.186552 2 2080 -+
rs2075650 G A 0.12211 -0.010659 0.001954 -0.014489 -0.006828 -5.454298 5.03e-08 7.298339 1.990543 0.158284 0.497625 2 2080 -+
rs12972156 G C 0.118721 -0.010706 0.00197 -0.014567 -0.006845 -5.435391 5.59e-08 7.25229 1.078419 0.299052 0.072716 2 2080 -+
rs12972970 A G 0.118721 -0.010706 0.00197 -0.014567 -0.006845 -5.435391 5.59e-08 7.25229 1.078419 0.299052 0.072716 2 2080 -+
rs848218 C T 0.193919 -0.007097 0.00131 -0.009664 -0.004529 -5.417663 6.18e-08 7.209249 0.002502 0.960109 0 2 4342 --
rs34404554 G C 0.119766 -0.010652 0.001967 -0.014507 -0.006798 -5.416623 6.21e-08 7.206727 3.108417 0.077889 0.678293 2 2080 -+
rs71352238 C T 0.118843 -0.01068 0.001982 -0.014564 -0.006796 -5.389757 7.21e-08 7.141766 1.076319 0.299522 0.070908 2 2080 -+
rs34342646 A G 0.122789 -0.010447 0.001948 -0.014265 -0.00663 -5.363895 8.33e-08 7.079519 2.266339 0.132212 0.55876 2 2080 -+
chr19:44893408:G:T T G 0.19135 -0.008396 0.001619 -0.011569 -0.005223 -5.185905 2.19e-07 6.658753 6.84452 0.008891 0.853898 2 2080 -+
rs55722349 A G 0.140985 0.007507 0.001526 0.004516 0.010499 4.918916 8.86e-07 6.052567 0.77206 0.37958 0 2 4342 +-
rs116951643 A G 0.067718 -0.009997 0.00206 -0.014034 -0.00596 -4.853868 1.23e-06 5.90941 0.367497 0.544372 0 2 4342 -+
rs75627662 T C 0.188016 -0.006601 0.001364 -0.009274 -0.003927 -4.839442 1.32e-06 5.877901 3.271288 0.070502 0.69431 2 4342 -+
rs59317417 G A 0.144708 0.007321 0.001515 0.004351 0.010291 4.831539 1.38e-06 5.860676 1.166979 0.280023 0.143086 2 4342 +-
rs78334957 C T 0.14865 0.007216 0.001503 0.00427 0.010162 4.800909 1.61e-06 5.794166 1.292673 0.255556 0.226409 2 4342 +-
rs438811 T C 0.235257 -0.007382 0.001544 -0.010408 -0.004357 -4.782218 1.76e-06 5.753774 1.211025 0.271129 0.174253 2 2229 --
rs78825808 C T 0.149468 0.007187 0.001503 0.004241 0.010132 4.781817 1.77e-06 5.752907 1.20872 0.271586 0.172679 2 4342 +-
rs61553951 T C 0.146045 0.007134 0.001511 0.004172 0.010096 4.72047 2.39e-06 5.621368 0.807426 0.368882 0 2 4342 +-
rs74365933 T C 0.146835 0.007082 0.001507 0.004128 0.010036 4.698785 2.66e-06 5.575249 1.036633 0.308606 0.035338 2 4342 +-
rs4496780 G T 0.085821 0.008916 0.0019 0.005193 0.012639 4.693596 2.73e-06 5.564241 1.090053 0.296459 0.082614 2 4342 ++
rs74978403 A T 0.149297 0.007041 0.001502 0.004096 0.009985 4.686492 2.82e-06 5.549191 1.215598 0.270226 0.177359 2 4342 +-
rs78403377 C T 0.149472 0.007022 0.001501 0.004079 0.009964 4.677443 2.95e-06 5.53005 1.242671 0.264957 0.195282 2 4342 +-
rs16919385 C A 0.149664 0.006985 0.001501 0.004044 0.009926 4.655199 3.29e-06 5.483143 0.955315 0.32837 0 2 4341 +-
rs78678564 T C 0.087457 0.008644 0.001865 0.00499 0.012299 4.636128 3.61e-06 5.443092 0.037205 0.847049 0 2 4342 ++
rs16869632 T C 0.087457 0.008644 0.001865 0.00499 0.012299 4.636128 3.61e-06 5.443092 0.037205 0.847049 0 2 4342 ++
rs77315317 C A 0.087457 0.008644 0.001865 0.00499 0.012299 4.636128 3.61e-06 5.443092 0.037205 0.847049 0 2 4342 ++
rs76260938 C A 0.087457 0.008644 0.001865 0.00499 0.012299 4.636128 3.61e-06 5.443092 0.037205 0.847049 0 2 4342 ++
rs79970843 A G 0.087457 0.008644 0.001865 0.00499 0.012299 4.636128 3.61e-06 5.443092 0.037205 0.847049 0 2 4342 ++
rs4409154 A G 0.087457 0.008644 0.001865 0.00499 0.012299 4.636128 3.61e-06 5.443092 0.037205 0.847049 0 2 4342 ++
rs116002237 C G 0.087457 0.008644 0.001865 0.00499 0.012299 4.636128 3.61e-06 5.443092 0.037205 0.847049 0 2 4342 ++
rs4615345 T A 0.087457 0.008644 0.001865 0.00499 0.012299 4.636128 3.61e-06 5.443092 0.037205 0.847049 0 2 4342 ++
rs79787913 G A 0.087457 0.008644 0.001865 0.00499 0.012299 4.636128 3.61e-06 5.443092 0.037205 0.847049 0 2 4342 ++
rs76798570 T C 0.087457 0.008644 0.001865 0.00499 0.012299 4.636128 3.61e-06 5.443092 0.037205 0.847049 0 2 4342 ++
rs16869647 C T 0.087457 0.008644 0.001865 0.00499 0.012299 4.636128 3.61e-06 5.443092 0.037205 0.847049 0 2 4342 ++
rs142157322 T C 0.087457 0.008644 0.001865 0.00499 0.012299 4.636128 3.61e-06 5.443092 0.037205 0.847049 0 2 4342 ++
rs151122579 G C 0.087735 0.008599 0.001863 0.004948 0.01225 4.616323 3.97e-06 5.401661 0.035095 0.851396 0 2 4342 ++
rs79003352 G A 0.087735 0.008599 0.001863 0.004948 0.01225 4.616323 3.97e-06 5.401661 0.035095 0.851396 0 2 4342 ++
rs147000579 A G 0.127623 -0.007262 0.001576 -0.010352 -0.004173 -4.607028 4.15e-06 5.382273 0.116568 0.732788 0 2 4342 --
rs17028359 G C 0.127623 -0.007262 0.001576 -0.010352 -0.004173 -4.607028 4.15e-06 5.382273 0.116568 0.732788 0 2 4342 --
rs7571607 T C 0.127623 -0.007262 0.001576 -0.010352 -0.004173 -4.607028 4.15e-06 5.382273 0.116568 0.732788 0 2 4342 --
rs848302 T A 0.16579 -0.00634 0.001377 -0.00904 -0.00364 -4.602829 4.23e-06 5.373525 0.00015 0.990213 0 2 4342 --
rs5117 C T 0.209848 -0.007247 0.001578 -0.01034 -0.004154 -4.59272 4.44e-06 5.352497 0.408847 0.522555 0 2 2080 --
rs56953449 G A 0.144594 0.006959 0.001515 0.003989 0.009929 4.592291 4.45e-06 5.351606 1.047657 0.306047 0.045489 2 4342 +-
rs58313882 G A 0.144594 0.006953 0.001515 0.003983 0.009923 4.588452 4.53e-06 5.343633 1.046264 0.306369 0.044219 2 4342 +-
rs11072285 A G 0.349957 0.005133 0.001123 0.002933 0.007334 4.572622 4.89e-06 5.310819 0.004079 0.949073 0 2 4342 ++
rs11890542 C T 0.126888 -0.007183 0.001574 -0.010267 -0.004099 -4.564707 5.08e-06 5.294451 0.102837 0.748451 0 2 4342 --
rs11674158 T C 0.126522 -0.007196 0.001578 -0.01029 -0.004103 -4.560281 5.18e-06 5.285309 0.101487 0.750052 0 2 4342 --
rs4310041 C A 0.081776 0.008783 0.001929 0.005003 0.012563 4.554239 5.34e-06 5.272844 0.992896 0.319036 0 2 4342 ++
rs145187746 A G 0.029622 -0.013973 0.003072 -0.019994 -0.007951 -4.54822 5.49e-06 5.260441 0.767971 0.380845 0 2 4342 -+
rs78666213 G T 0.026969 -0.015448 0.003398 -0.022107 -0.008789 -4.546948 5.52e-06 5.257821 0.007935 0.92902 0 2 4287 --
rs77031859 A G 0.078983 0.008899 0.001959 0.00506 0.012738 4.543057 5.63e-06 5.249812 0.050386 0.822392 0 2 4342 ++
rs4256396 C G 0.078983 0.008899 0.001959 0.00506 0.012738 4.543057 5.63e-06 5.249812 0.050386 0.822392 0 2 4342 ++
rs6917272 A T 0.081646 0.008763 0.001932 0.004977 0.01255 4.535863 5.82e-06 5.235023 1.000403 0.317213 0.000402 2 4342 ++
rs7753099 A C 0.443881 0.004778 0.001054 0.002712 0.006844 4.532716 5.91e-06 5.228562 2.039825 0.153227 0.509762 2 4288 ++
rs148483488 A G 0.079261 0.008844 0.001956 0.00501 0.012678 4.521566 6.23e-06 5.205697 0.047432 0.827593 0 2 4342 ++
rs117226824 T G 0.079261 0.008844 0.001956 0.00501 0.012678 4.521566 6.23e-06 5.205697 0.047432 0.827593 0 2 4342 ++
rs77835055 A G 0.079261 0.008844 0.001956 0.00501 0.012678 4.521566 6.23e-06 5.205697 0.047432 0.827593 0 2 4342 ++
rs2347917 C T 0.079261 0.008844 0.001956 0.00501 0.012678 4.521566 6.23e-06 5.205697 0.047432 0.827593 0 2 4342 ++
rs76159454 A C 0.079177 0.008836 0.001956 0.005002 0.01267 4.517213 6.36e-06 5.196785 0.046981 0.828403 0 2 4342 ++
rs1590962 A C 0.147401 0.006782 0.001505 0.003833 0.009731 4.507027 6.67e-06 5.175961 1.033769 0.309275 0.032666 2 4342 +-
rs7901380 G A 0.154272 0.00664 0.001477 0.003745 0.009536 4.494688 7.07e-06 5.150793 0.658737 0.417006 0 2 4341 +-
rs74183012 T C 0.096515 -0.00791 0.00176 -0.01136 -0.004461 -4.494315 7.08e-06 5.150033 0.219731 0.639245 0 2 4342 --
rs8130738 A G 0.325372 -0.006151 0.001369 -0.008834 -0.003469 -4.494276 7.08e-06 5.149953 0.162252 0.687092 0 2 2080 --
rs6904129 A G 0.436213 -0.004757 0.00106 -0.006836 -0.002679 -4.486818 7.33e-06 5.134773 1e-04 0.992024 0 2 4342 --
rs587546 T C 0.171197 0.006281 0.001405 0.003527 0.009036 4.469421 7.95e-06 5.099454 0.915572 0.33864 0 2 4329 ++
rs5923591 C T 0.206811 -0.004056 0.000908 -0.005836 -0.002277 -4.468179 8e-06 5.096936 0.344623 0.557173 0 2 4270 --
rs2064337 G A 0.206811 -0.004056 0.000908 -0.005836 -0.002277 -4.468179 8e-06 5.096936 0.344623 0.557173 0 2 4270 --
rs6653109 C T 0.206811 -0.004056 0.000908 -0.005836 -0.002277 -4.468179 8e-06 5.096936 0.344623 0.557173 0 2 4270 --
rs724619 T G 0.206811 -0.004056 0.000908 -0.005836 -0.002277 -4.468179 8e-06 5.096936 0.344623 0.557173 0 2 4270 --
rs11797734 C A 0.206811 -0.004056 0.000908 -0.005836 -0.002277 -4.468179 8e-06 5.096936 0.344623 0.557173 0 2 4270 --
rs10496365 G C 0.125819 -0.007049 0.001578 -0.010141 -0.003956 -4.467349 8.03e-06 5.095255 0.36943 0.543315 0 2 4342 --
rs11576839 C T 0.066773 -0.009411 0.002108 -0.013543 -0.00528 -4.465079 8.12e-06 5.090658 0.98087 0.321984 0 2 4341 -+
rs506756 A G 0.171561 0.006254 0.001402 0.003506 0.009001 4.461384 8.26e-06 5.08318 0.996268 0.318215 0 2 4342 ++
rs17252816 A C 0.162828 -0.004479 0.001005 -0.006449 -0.002508 -4.455486 8.49e-06 5.071254 2.533711 0.111438 0.605322 2 4075 --
rs58958352 C G 0.186494 -0.006051 0.001359 -0.008714 -0.003388 -4.453884 8.55e-06 5.068017 4.910283 0.026697 0.796346 2 4288 --
rs761202 G A 0.199459 -0.004111 0.000924 -0.005921 -0.0023 -4.449671 8.72e-06 5.059511 0.070225 0.791009 0 2 4216 --
rs62015860 C T 0.362114 0.004909 0.001103 0.002746 0.007072 4.448625 8.76e-06 5.057399 0.040709 0.840101 0 2 4342 ++
rs10890218 G T 0.222715 -0.005549 0.001248 -0.007995 -0.003104 -4.447411 8.81e-06 5.054949 1.09123 0.296199 0.083603 2 4342 --
rs724620 G A 0.206713 -0.004035 0.000908 -0.005814 -0.002256 -4.444581 8.93e-06 5.049242 0.349184 0.554575 0 2 4269 --
rs11798975 C G 0.199471 -0.004103 0.000923 -0.005913 -0.002293 -4.443541 8.97e-06 5.047145 0.142646 0.705665 0 2 4220 --
rs6904406 A G 0.459456 -0.004761 0.001073 -0.006863 -0.002658 -4.437576 9.22e-06 5.035129 3.331424 0.067968 0.699828 2 4137 --
rs7076737 G T 0.159503 0.006502 0.001465 0.00363 0.009374 4.437356 9.23e-06 5.034686 0.714541 0.39794 0 2 4338 +-
rs117234214 A G 0.037506 0.01212 0.002732 0.006765 0.017475 4.436061 9.29e-06 5.032079 0.703227 0.401701 0 2 4342 ++
rs79115651 G A 0.148567 0.006652 0.001501 0.00371 0.009595 4.431315 9.49e-06 5.022532 0.733148 0.391865 0 2 4330 +-
rs6458569 T C 0.433672 -0.004707 0.001063 -0.006791 -0.002623 -4.42675 9.7e-06 5.013356 7.4e-05 0.993133 0 2 4342 --
