rs_number reference_allele other_allele eaf beta se beta_95L beta_95U z p-value -log10_p-value q_statistic q_p-value i2 n_studies n_samples effects
rs162274 A G 0.053449 0.396048 0.07552 0.248029 0.544068 5.24427 1.6e-07 6.795259 6.537729 0.010561 0.847042 2 294 -+?
rs73384655 G A 0.108225 0.359552 0.070113 0.22213 0.496973 5.128173 2.98e-07 6.525138 1.790133 0.18091 0.441382 2 97 -?+
rs55690574 T C 0.247233 0.185288 0.036161 0.114413 0.256163 5.124 3.05e-07 6.515536 5.534997 0.062819 0.638663 3 349 +++
rs10512931 G A 0.049077 0.397621 0.077728 0.245274 0.549968 5.115537 3.19e-07 6.496081 6.614005 0.010118 0.848806 2 294 -+?
rs327585 A T 0.049077 0.397621 0.077728 0.245274 0.549968 5.115537 3.19e-07 6.496081 6.614005 0.010118 0.848806 2 294 -+?
rs162271 T C 0.049077 0.397621 0.077728 0.245274 0.549968 5.115537 3.19e-07 6.496081 6.614005 0.010118 0.848806 2 294 -+?
rs327584 C G 0.049077 0.397621 0.077728 0.245274 0.549968 5.115537 3.19e-07 6.496081 6.614005 0.010118 0.848806 2 294 -+?
rs327580 A G 0.050534 0.397621 0.077728 0.245274 0.549968 5.115537 3.19e-07 6.496081 6.614005 0.010118 0.848806 2 294 -+?
rs327579 A G 0.050534 0.397621 0.077728 0.245274 0.549968 5.115537 3.19e-07 6.496081 6.614005 0.010118 0.848806 2 294 -+?
rs9604304 G A 0.270157 -0.197946 0.038829 -0.274051 -0.12184 -5.097826 3.5e-07 6.455465 1.314147 0.251645 0.23905 2 294 --?
rs145220086 G A 0.010643 0.717299 0.14119 0.440568 0.994031 5.080398 3.84e-07 6.415628 2.927464 0.231371 0.316815 3 349 +++
rs143892757 T A 0.010643 0.717299 0.14119 0.440568 0.994031 5.080398 3.84e-07 6.415628 2.927464 0.231371 0.316815 3 349 +++
chr6:115040028:A:G G A 0.010643 0.717299 0.14119 0.440568 0.994031 5.080398 3.84e-07 6.415628 2.927464 0.231371 0.316815 3 349 +++
rs145796593 G A 0.010643 0.717299 0.14119 0.440568 0.994031 5.080398 3.84e-07 6.415628 2.927464 0.231371 0.316815 3 349 +++
rs12128450 T C 0.015824 0.658424 0.130291 0.403054 0.913794 5.053497 4.42e-07 6.354385 0.14115 0.70714 0 2 307 ?++
rs298565 G T 0.042575 -0.409648 0.081243 -0.568884 -0.250412 -5.042275 4.69e-07 6.328928 0.891356 0.64039 0 3 349 ---
rs9850829 T G 0.389257 0.189764 0.037792 0.115692 0.263836 5.021298 5.23e-07 6.281483 6.047217 0.013928 0.834635 2 294 ++?
rs114307161 A G 0.067009 0.487425 0.09872 0.293933 0.680916 4.937443 8.06e-07 6.093666 0.508997 0.475574 0 2 97 +?+
rs9911998 A G 0.072166 0.439197 0.088972 0.264811 0.613583 4.936329 8.11e-07 6.09119 0.759934 0.383349 0 2 97 +?+
rs7349270 G T 0.179315 0.207476 0.04236 0.12445 0.290503 4.897883 9.86e-07 6.006084 0.513648 0.773505 0 3 349 +++
rs59495626 C G 0.186477 -0.19727 0.040297 -0.276252 -0.118289 -4.895438 9.98e-07 6.000692 1.673907 0.433028 0 3 349 ---
rs73063314 A T 0.060169 0.326835 0.066779 0.195949 0.457721 4.894296 1e-06 5.998176 2.137791 0.343388 0.064455 3 349 +++
rs72997241 T G 0.248667 0.175071 0.035808 0.104886 0.245255 4.889095 1.03e-06 5.986718 3.489189 0.174716 0.426801 3 349 +++
rs113708971 T C 0.248667 0.175071 0.035808 0.104886 0.245255 4.889095 1.03e-06 5.986718 3.489189 0.174716 0.426801 3 349 +++
rs17131740 T G 0.248667 0.175071 0.035808 0.104886 0.245255 4.889095 1.03e-06 5.986718 3.489189 0.174716 0.426801 3 349 +++
rs58586304 C A 0.248667 0.175071 0.035808 0.104886 0.245255 4.889095 1.03e-06 5.986718 3.489189 0.174716 0.426801 3 349 +++
rs59242657 A T 0.248667 0.175071 0.035808 0.104886 0.245255 4.889095 1.03e-06 5.986718 3.489189 0.174716 0.426801 3 349 +++
rs80351412 T G 0.248667 0.175071 0.035808 0.104886 0.245255 4.889095 1.03e-06 5.986718 3.489189 0.174716 0.426801 3 349 +++
rs74575303 T C 0.248667 0.175071 0.035808 0.104886 0.245255 4.889095 1.03e-06 5.986718 3.489189 0.174716 0.426801 3 349 +++
rs113045798 T C 0.248667 0.175071 0.035808 0.104886 0.245255 4.889095 1.03e-06 5.986718 3.489189 0.174716 0.426801 3 349 +++
rs17127698 C A 0.248667 0.175071 0.035808 0.104886 0.245255 4.889095 1.03e-06 5.986718 3.489189 0.174716 0.426801 3 349 +++
rs2029157 A G 0.2296 0.196391 0.040368 0.11727 0.275512 4.865031 1.16e-06 5.933851 0.921632 0.337047 0 2 294 ++?
rs113771911 T C 0.052598 0.354224 0.072787 0.21156 0.496887 4.86655 1.16e-06 5.937181 5.292301 0.070924 0.622093 3 349 +++
rs57968223 A T 0.181351 -0.195306 0.040595 -0.274872 -0.11574 -4.811072 1.53e-06 5.816191 2.000377 0.36781 0.000189 3 349 ---
rs147193108 A G 0.395329 0.182378 0.037955 0.107985 0.25677 4.805047 1.57e-06 5.803129 5.225632 0.022256 0.808636 2 294 ++?
rs17035338 C G 0.390957 0.18248 0.03806 0.107883 0.257078 4.794548 1.66e-06 5.780403 5.225248 0.022261 0.808622 2 294 ++?
rs58385354 C G 0.096601 0.23728 0.049574 0.140115 0.334444 4.786388 1.73e-06 5.762773 0.175825 0.915841 0 3 349 +++
rs75671584 C T 0.070402 0.317941 0.066621 0.187364 0.448518 4.772383 1.85e-06 5.732577 0.060905 0.970007 0 3 349 +++
rs6480643 T C 0.484535 -0.252888 0.053187 -0.357135 -0.148642 -4.754725 2.02e-06 5.694623 0.560805 0.453936 0 2 97 -?-
rs7071796 T C 0.484535 -0.252888 0.053187 -0.357135 -0.148642 -4.754725 2.02e-06 5.694623 0.560805 0.453936 0 2 97 -?-
rs7904565 A T 0.484535 -0.252888 0.053187 -0.357135 -0.148642 -4.754725 2.02e-06 5.694623 0.560805 0.453936 0 2 97 -?-
rs6957164 T G 0.249694 0.17356 0.036534 0.101953 0.245167 4.750606 2.06e-06 5.68579 2.692794 0.260176 0.257277 3 349 +++
rs2287502 T C 0.249694 0.17356 0.036534 0.101953 0.245167 4.750606 2.06e-06 5.68579 2.692794 0.260176 0.257277 3 349 +++
rs34619684 A G 0.249694 0.17356 0.036534 0.101953 0.245167 4.750606 2.06e-06 5.68579 2.692794 0.260176 0.257277 3 349 +++
rs79871696 A G 0.249694 0.17356 0.036534 0.101953 0.245167 4.750606 2.06e-06 5.68579 2.692794 0.260176 0.257277 3 349 +++
rs36070049 T G 0.249694 0.17356 0.036534 0.101953 0.245167 4.750606 2.06e-06 5.68579 2.692794 0.260176 0.257277 3 349 +++
rs10054870 G T 0.248055 0.179301 0.037883 0.10505 0.253552 4.733015 2.25e-06 5.648139 1.442653 0.486107 0 3 349 +++
rs4468806 A G 0.324983 0.167885 0.035512 0.098282 0.237487 4.727604 2.31e-06 5.636585 2.804831 0.246002 0.286945 3 349 +++
rs59846378 C G 0.177464 -0.192714 0.040781 -0.272644 -0.112783 -4.725612 2.33e-06 5.632334 1.320838 0.516635 0 3 349 ---
rs62371237 T C 0.240484 0.180609 0.038305 0.105531 0.255687 4.715007 2.46e-06 5.609731 1.038372 0.595005 0 3 349 +++
rs6569292 T C 0.304163 -0.267888 0.057139 -0.37988 -0.155896 -4.68838 2.8e-06 5.553188 0.024667 0.875201 0 2 97 -?-
rs145656134 T C 0.033358 0.428708 0.091441 0.249484 0.607933 4.68836 2.8e-06 5.553147 0.148656 0.928367 0 3 349 +++
rs58913440 A G 0.033358 0.428708 0.091441 0.249484 0.607933 4.68836 2.8e-06 5.553147 0.148656 0.928367 0 3 349 +++
rs4148103 A G 0.033358 0.428708 0.091441 0.249484 0.607933 4.68836 2.8e-06 5.553147 0.148656 0.928367 0 3 349 +++
rs11890813 G T 0.326428 0.166706 0.035562 0.097004 0.236408 4.687704 2.81e-06 5.551757 3.034629 0.2193 0.340941 3 349 +++
rs10933080 G A 0.326428 0.166706 0.035562 0.097004 0.236408 4.687704 2.81e-06 5.551757 3.034629 0.2193 0.340941 3 349 +++
rs1449512 T C 0.326428 0.166706 0.035562 0.097004 0.236408 4.687704 2.81e-06 5.551757 3.034629 0.2193 0.340941 3 349 +++
rs1449513 C T 0.326428 0.166706 0.035562 0.097004 0.236408 4.687704 2.81e-06 5.551757 3.034629 0.2193 0.340941 3 349 +++
rs13429522 G A 0.326428 0.166706 0.035562 0.097004 0.236408 4.687704 2.81e-06 5.551757 3.034629 0.2193 0.340941 3 349 +++
rs13407376 T C 0.326428 0.166706 0.035562 0.097004 0.236408 4.687704 2.81e-06 5.551757 3.034629 0.2193 0.340941 3 349 +++
rs4455147 C T 0.326428 0.166706 0.035562 0.097004 0.236408 4.687704 2.81e-06 5.551757 3.034629 0.2193 0.340941 3 349 +++
rs13241991 T C 0.248466 0.170602 0.036534 0.098995 0.242209 4.669643 3.06e-06 5.513578 2.811935 0.24513 0.288746 3 349 +++
rs118113893 A C 0.012891 0.662481 0.141979 0.384203 0.940759 4.66606 3.12e-06 5.506021 0.438601 0.80308 0 3 349 +++
rs13154966 C T 0.246828 0.17752 0.038203 0.102642 0.252399 4.646712 3.43e-06 5.465301 1.535105 0.464148 0 3 349 +++
rs13155395 G T 0.246828 0.17752 0.038203 0.102642 0.252399 4.646712 3.43e-06 5.465301 1.535105 0.464148 0 3 349 +++
rs13175264 T C 0.246828 0.17752 0.038203 0.102642 0.252399 4.646712 3.43e-06 5.465301 1.535105 0.464148 0 3 349 +++
rs308799 G T 0.113756 0.223017 0.048217 0.128512 0.317522 4.625283 3.8e-06 5.420384 1.637671 0.440945 0 3 349 +++
rs73118457 A G 0.055053 -0.320516 0.069347 -0.456436 -0.184596 -4.621921 3.86e-06 5.413355 4.269332 0.118284 0.531543 3 349 ---
rs112570364 T C 0.055053 -0.320516 0.069347 -0.456436 -0.184596 -4.621921 3.86e-06 5.413355 4.269332 0.118284 0.531543 3 349 ---
rs73118459 A T 0.055053 -0.320516 0.069347 -0.456436 -0.184596 -4.621921 3.86e-06 5.413355 4.269332 0.118284 0.531543 3 349 ---
rs73118463 G A 0.055053 -0.320516 0.069347 -0.456436 -0.184596 -4.621921 3.86e-06 5.413355 4.269332 0.118284 0.531543 3 349 ---
rs7639765 G A 0.296977 0.160205 0.034685 0.092223 0.228187 4.618875 3.92e-06 5.406989 2.024057 0.363481 0.011886 3 349 +++
rs189464305 G A 0.025993 0.46243 0.100213 0.266013 0.658847 4.614475 4e-06 5.397802 0.8908 0.640568 0 3 349 +++
rs73003438 C T 0.082073 0.258621 0.056071 0.148722 0.368521 4.612367 4.04e-06 5.393404 2.01543 0.365052 0.007656 3 349 +++
rs2927046 A T 0.020672 0.522082 0.113626 0.299376 0.744788 4.594761 4.4e-06 5.35674 0.363903 0.833642 0 3 349 +++
rs9385272 T C 0.237078 -0.298977 0.06514 -0.426651 -0.171303 -4.589777 4.5e-06 5.346383 0.293178 0.588191 0 2 97 -?-
rs4962261 A C 0.237078 -0.298977 0.06514 -0.426651 -0.171303 -4.589777 4.5e-06 5.346383 0.293178 0.588191 0 2 97 -?-
rs11973204 T C 0.107012 0.223487 0.048842 0.127756 0.319217 4.575707 4.82e-06 5.317205 5.682905 0.058341 0.648067 3 349 -++
rs17282885 A G 0.107012 0.223487 0.048842 0.127756 0.319217 4.575707 4.82e-06 5.317205 5.682905 0.058341 0.648067 3 349 -++
rs73118460 T C 0.053826 -0.320357 0.070091 -0.457736 -0.182978 -4.570571 4.94e-06 5.306575 4.285624 0.117324 0.533323 3 349 ---
rs144392009 C T 0.015558 0.564551 0.124355 0.320815 0.808287 4.539823 5.71e-06 5.243162 0.204228 0.902927 0 3 349 +++
rs140616449 T C 0.015558 0.564551 0.124355 0.320815 0.808287 4.539823 5.71e-06 5.243162 0.204228 0.902927 0 3 349 +++
rs74605414 G A 0.018218 0.562668 0.123953 0.319719 0.805617 4.53935 5.73e-06 5.24219 4.845335 0.088685 0.587232 3 349 -++
rs913835 A G 0.211366 -0.314666 0.069361 -0.450614 -0.178718 -4.536625 5.8e-06 5.236588 7.463321 0.006297 0.866011 2 97 +?-
rs6692846 T C 0.059766 -0.330688 0.072897 -0.473567 -0.18781 -4.536375 5.81e-06 5.236075 5.553049 0.062255 0.639837 3 349 ---
rs141254240 C T 0.038703 0.267084 0.058884 0.151671 0.382497 4.535761 5.82e-06 5.234813 6.405695 0.040646 0.687778 3 343 -++
rs55666623 A G 0.056487 -0.296725 0.065561 -0.425225 -0.168225 -4.525927 6.1e-06 5.214633 2.442656 0.294838 0.181219 3 349 ---
rs13415546 G A 0.328564 0.162234 0.035896 0.091879 0.23259 4.519616 6.28e-06 5.201703 2.791905 0.247597 0.283643 3 345 +++
rs11142693 A G 0.376279 0.223722 0.049504 0.126694 0.320751 4.519248 6.3e-06 5.20095 0.527519 0.467652 0 2 97 +?+
rs6480639 C T 0.484535 -0.239614 0.053123 -0.343736 -0.135493 -4.510553 6.56e-06 5.183164 0.360801 0.548062 0 2 97 -?-
rs7079109 T C 0.180127 0.193492 0.042957 0.109296 0.277688 4.504285 6.76e-06 5.170361 0.28975 0.86513 0 3 349 +++
rs12698188 A G 0.258696 0.161875 0.035968 0.091377 0.232373 4.500481 6.88e-06 5.1626 3.260448 0.195886 0.386587 3 349 +++
rs12031633 T C 0.07732 -0.406923 0.090527 -0.584355 -0.22949 -4.495058 7.05e-06 5.151547 1.538554 0.214833 0.350039 2 97 -?-
rs12048426 T G 0.07732 -0.406923 0.090527 -0.584355 -0.22949 -4.495058 7.05e-06 5.151547 1.538554 0.214833 0.350039 2 97 -?-
rs7759311 A G 0.216461 -0.293762 0.065438 -0.42202 -0.165504 -4.489173 7.25e-06 5.139564 0.627447 0.428293 0 2 97 -?-
rs2611242 G A 0.073477 0.263657 0.058801 0.148407 0.378907 4.483882 7.43e-06 5.128804 2.14759 0.341709 0.068724 3 349 +++
rs77931494 G C 0.10026 0.24969 0.05577 0.140381 0.358999 4.477136 7.67e-06 5.115102 0.798092 0.67096 0 3 349 +++
rs17126012 T G 0.101313 -0.228355 0.051088 -0.328487 -0.128223 -4.469852 7.94e-06 5.100326 1.069249 0.585889 0 3 349 ---
rs2361682 C G 0.256243 0.160583 0.035993 0.090036 0.23113 4.461481 8.25e-06 5.083377 2.321367 0.313272 0.138439 3 349 +++
rs75091329 G A 0.037657 0.350262 0.078631 0.196146 0.504378 4.454528 8.52e-06 5.069318 0.595709 0.742409 0 3 349 +++
rs78190491 T C 0.037657 0.350262 0.078631 0.196146 0.504378 4.454528 8.52e-06 5.069318 0.595709 0.742409 0 3 349 +++
rs4451581 A C 0.255829 -0.17687 0.039733 -0.254746 -0.098993 -4.451474 8.65e-06 5.063151 0.287543 0.591799 0 2 294 --?
rs151182698 A G 0.010443 0.833508 0.187339 0.466323 1.200692 4.449195 8.74e-06 5.058549 0.262938 0.608109 0 2 294 ++?
rs138852261 C G 0.010443 0.833508 0.187339 0.466323 1.200692 4.449195 8.74e-06 5.058549 0.262938 0.608109 0 2 294 ++?
rs9538348 G A 0.165 0.213395 0.048006 0.119302 0.307488 4.445133 8.91e-06 5.050354 0.000231 0.987874 0 2 294 ++?
rs4915224 A G 0.060993 -0.319658 0.071922 -0.460624 -0.178691 -4.444522 8.93e-06 5.049123 5.916056 0.051921 0.661937 3 349 ---
rs4915497 A C 0.05321 -0.341842 0.076927 -0.492619 -0.191065 -4.443728 8.96e-06 5.047521 4.932571 0.0849 0.594532 3 349 ---
rs10753896 G A 0.05321 -0.341842 0.076927 -0.492619 -0.191065 -4.443728 8.96e-06 5.047521 4.932571 0.0849 0.594532 3 349 ---
rs10014302 A G 0.077362 0.250649 0.05645 0.140007 0.361291 4.440212 9.11e-06 5.040436 0.349018 0.839869 0 3 349 +++
rs78544423 G A 0.077362 0.250649 0.05645 0.140007 0.361291 4.440212 9.11e-06 5.040436 0.349018 0.839869 0 3 349 +++
chr1:69558218:A:G G A 0.113966 0.221412 0.049888 0.123631 0.319193 4.438151 9.2e-06 5.036286 0.371615 0.830434 0 3 349 +++
rs115428819 C T 0.083916 0.243255 0.054819 0.135809 0.350701 4.437385 9.23e-06 5.034743 0.24341 0.88541 0 3 349 +++
rs28681428 G A 0.083916 0.243255 0.054819 0.135809 0.350701 4.437385 9.23e-06 5.034743 0.24341 0.88541 0 3 349 +++
rs111565903 A T 0.23516 0.173617 0.039144 0.096895 0.25034 4.435328 9.32e-06 5.030604 0.699476 0.704873 0 3 349 +++
rs12523156 G A 0.23516 0.173617 0.039144 0.096895 0.25034 4.435328 9.32e-06 5.030604 0.699476 0.704873 0 3 349 +++
rs67732136 A C 0.336432 -0.145805 0.032893 -0.210276 -0.081335 -4.432707 9.43e-06 5.02533 0.277176 0.870586 0 3 349 ---
