rs_number reference_allele other_allele eaf beta se beta_95L beta_95U z p-value -log10_p-value q_statistic q_p-value i2 n_studies n_samples effects
rs67099044 A C 0.144442 0.10413 0.018169 0.068519 0.139742 5.73113 1.02e-08 7.989859 0.330068 0.565619 0 2 21988 ++
rs12456833 T C 0.14431 0.101776 0.01821 0.066084 0.137468 5.58898 2.34e-08 7.63073 0.385865 0.534481 0 2 21988 ++
rs113829713 G C 0.043514 -0.176052 0.031918 -0.238611 -0.113492 -5.515705 3.56e-08 7.44894 0.025428 0.873305 0 2 21468 --
rs12958244 A C 0.148104 0.099094 0.017984 0.063844 0.134343 5.509973 3.67e-08 7.434814 0.446924 0.503799 0 2 21985 ++
rs34049053 A G 0.148349 0.098527 0.017975 0.063296 0.133757 5.481445 4.32e-08 7.364722 0.60858 0.435323 0 2 21988 ++
rs73212759 T C 0.078864 -0.130416 0.023892 -0.177243 -0.083589 -5.458668 4.91e-08 7.309004 1.604205 0.205308 0.376638 2 21988 --
rs9309022 A G 0.114532 -0.108183 0.020317 -0.148004 -0.068363 -5.324897 1.03e-07 6.986186 0.02589 0.87217 0 2 21988 --
rs10865134 T C 0.114064 -0.106491 0.020329 -0.146336 -0.066647 -5.238426 1.65e-07 6.781527 0.002804 0.95777 0 2 21978 --
rs35975554 G A 0.137248 0.096286 0.018515 0.059996 0.132576 5.200335 2.03e-07 6.69237 0.076999 0.781406 0 2 21988 ++
rs73196120 C G 0.085834 -0.115369 0.023045 -0.160537 -0.070201 -5.00632 5.65e-07 6.24772 2.915713 0.087721 0.657031 2 21988 -+
rs9950644 C T 0.263793 0.072962 0.014615 0.044316 0.101608 4.992133 6.08e-07 6.215826 0.712074 0.398756 0 2 21987 ++
rs75173771 A G 0.111003 -0.101782 0.020532 -0.142025 -0.06154 -4.957324 7.28e-07 6.137928 0.043363 0.835044 0 2 21988 --
rs17072566 T C 0.273686 0.071387 0.014461 0.043044 0.099729 4.936652 8.09e-07 6.091908 1.259941 0.261662 0.206312 2 21980 ++
rs13433054 T C 0.117668 -0.098395 0.020101 -0.137793 -0.058996 -4.894911 1e-06 5.99953 0.074013 0.785582 0 2 21988 --
rs17785335 T C 0.260942 0.071633 0.014662 0.042896 0.10037 4.885707 1.05e-06 5.979259 1.463873 0.226315 0.316881 2 21988 ++
rs922209 A T 0.266049 0.07095 0.014598 0.042338 0.099562 4.860314 1.19e-06 5.923518 2.033951 0.15382 0.508346 2 21988 ++
rs13386936 A T 0.084538 -0.112006 0.023143 -0.157368 -0.066645 -4.83965 1.32e-06 5.878353 0.130496 0.717918 0 2 21988 --
rs34263279 A G 0.145143 0.086709 0.018008 0.051413 0.122004 4.815018 1.5e-06 5.824754 0.573161 0.449006 0 2 21988 ++
rs11664515 G A 0.146517 0.085957 0.017937 0.050801 0.121113 4.792179 1.68e-06 5.775281 0.638693 0.424184 0 2 21988 ++
rs74097207 T C 0.033317 -0.170464 0.035719 -0.240474 -0.100454 -4.772304 1.85e-06 5.732407 2.804338 0.09401 0.64341 2 19954 --
rs66504828 A T 0.146472 0.085611 0.017939 0.050451 0.12077 4.772409 1.85e-06 5.732633 0.629698 0.427466 0 2 21988 ++
rs9958842 G A 0.265047 0.069635 0.014621 0.040977 0.098292 4.762601 1.94e-06 5.711536 2.777498 0.095597 0.639964 2 21988 +-
rs28420458 A G 0.07313 0.117289 0.024733 0.068812 0.165765 4.742207 2.15e-06 5.667796 0.197114 0.657061 0 2 21988 ++
rs9343913 A G 0.072199 -0.121799 0.025695 -0.172161 -0.071437 -4.740201 2.17e-06 5.663504 0.047488 0.827493 0 2 19954 --
rs11195475 T C 0.0766 0.11531 0.024325 0.067634 0.162986 4.740459 2.17e-06 5.664055 0.163912 0.68558 0 2 21981 ++
rs9963373 C G 0.267958 0.068584 0.014551 0.040065 0.097104 4.71349 2.47e-06 5.606503 2.810543 0.093647 0.644197 2 21988 +-
rs73187206 T G 0.10787 -0.096489 0.020642 -0.136947 -0.05603 -4.674346 3e-06 5.523506 0.121728 0.727168 0 2 21945 --
rs4477822 C T 0.264302 0.067629 0.014625 0.038964 0.096293 4.624264 3.82e-06 5.418254 2.895158 0.088846 0.654596 2 21988 +-
rs17108902 G T 0.041582 -0.15393 0.033346 -0.219287 -0.088572 -4.616162 3.97e-06 5.401324 0.46301 0.49622 0 2 21988 --
rs58163359 C T 0.041624 -0.153735 0.033342 -0.219085 -0.088384 -4.6108 4.07e-06 5.390135 0.451413 0.501665 0 2 21988 --
rs35796404 A C 0.041605 -0.153711 0.033343 -0.219064 -0.088359 -4.609974 4.09e-06 5.388413 0.450116 0.50228 0 2 21988 --
rs2113390 T C 0.119522 -0.091404 0.019836 -0.130283 -0.052526 -4.60799 4.13e-06 5.384278 2.359972 0.124484 0.576266 2 21985 -+
rs10196846 A C 0.164514 -0.081092 0.017613 -0.115614 -0.046571 -4.604128 4.21e-06 5.376232 1.055671 0.304205 0.052735 2 21980 --
rs10194021 A G 0.110287 -0.094237 0.020543 -0.134501 -0.053972 -4.587237 4.56e-06 5.341111 2.040651 0.153144 0.50996 2 21988 -+
rs10171697 T C 0.12 -0.090637 0.019797 -0.12944 -0.051835 -4.578283 4.76e-06 5.32254 2.319907 0.127728 0.568948 2 21988 -+
rs10176577 A T 0.218864 -0.07112 0.015617 -0.101729 -0.040511 -4.554088 5.34e-06 5.272532 0.011406 0.91495 0 2 21988 --
rs12955689 T C 0.199395 0.073268 0.016117 0.04168 0.104857 4.546162 5.54e-06 5.256202 2.361995 0.124323 0.576629 2 21988 ++
rs12604506 A C 0.199428 0.073212 0.016116 0.041625 0.104799 4.542854 5.63e-06 5.249395 2.592172 0.107393 0.614223 2 21988 ++
rs112013035 A G 0.121488 -0.088879 0.019728 -0.127546 -0.050213 -4.505292 6.72e-06 5.172417 1.801788 0.179497 0.444996 2 21988 -+
rs72939525 T C 0.041648 -0.149989 0.033299 -0.215254 -0.084723 -4.504341 6.75e-06 5.170477 0.269925 0.603382 0 2 21988 --
rs72791133 A G 0.121695 -0.088766 0.019718 -0.127413 -0.050119 -4.501813 6.83e-06 5.165317 1.767203 0.183729 0.434134 2 21988 -+
rs10208106 C A 0.124406 -0.087295 0.019422 -0.125362 -0.049228 -4.49468 7.07e-06 5.150776 2.225478 0.135751 0.550658 2 21988 -+
rs10171638 A G 0.182116 -0.079536 0.017708 -0.114243 -0.044828 -4.49155 7.17e-06 5.144402 1.141818 0.285268 0.124204 2 21468 --
rs1478362 T C 0.12174 -0.088506 0.019712 -0.127142 -0.049869 -4.489843 7.23e-06 5.140927 1.819443 0.17738 0.450381 2 21988 -+
rs1414391 T A 0.071662 0.112018 0.024974 0.063069 0.160967 4.485356 7.38e-06 5.1318 0.054541 0.815342 0 2 21988 ++
rs1148059 A C 0.168208 0.076709 0.017104 0.043185 0.110232 4.4849 7.4e-06 5.130874 0.556307 0.455752 0 2 21987 ++
rs72791145 C T 0.129377 -0.085744 0.019132 -0.123243 -0.048245 -4.481645 7.51e-06 5.124257 2.092186 0.148054 0.522031 2 21988 -+
rs140152704 C A 0.057646 -0.126239 0.028167 -0.181446 -0.071031 -4.481766 7.51e-06 5.124504 0.027029 0.869411 0 2 21468 --
rs1964629 G A 0.041657 -0.14918 0.033301 -0.21445 -0.08391 -4.479758 7.58e-06 5.120424 0.234652 0.628095 0 2 21988 --
rs1167219 A T 0.458403 -0.057908 0.012939 -0.083269 -0.032547 -4.475407 7.73e-06 5.111592 0.077683 0.780462 0 2 21988 --
rs4941244 C T 0.262732 0.065395 0.014647 0.036686 0.094104 4.464578 8.13e-06 5.089644 3.49278 0.061637 0.713695 2 21956 +-
rs11195472 T C 0.072393 0.11084 0.02489 0.062055 0.159625 4.453136 8.58e-06 5.066506 0.227999 0.633012 0 2 21988 ++
rs11075433 C T 0.154683 -0.079815 0.017962 -0.11502 -0.04461 -4.443635 8.97e-06 5.047334 0.135055 0.713248 0 2 21959 --
rs17519199 G A 0.063019 -0.143928 0.032432 -0.207494 -0.080362 -4.437884 9.21e-06 5.035748 0.202699 0.652551 0 2 7658 --
rs55987448 G A 0.053829 -0.132899 0.029956 -0.191612 -0.074186 -4.436528 9.27e-06 5.033019 0.210035 0.64674 0 2 21975 --
rs10211237 A G 0.220544 -0.069157 0.015595 -0.099723 -0.03859 -4.43446 9.36e-06 5.028858 1.120982 0.289707 0.107925 2 21983 --
rs10165227 T C 0.124188 -0.086355 0.019475 -0.124526 -0.048184 -4.434131 9.37e-06 5.028194 2.355137 0.124871 0.575396 2 21988 -+
rs11075432 C T 0.154697 -0.079596 0.017954 -0.114785 -0.044407 -4.433445 9.4e-06 5.026814 0.124982 0.723692 0 2 21988 --
rs11075429 C G 0.154628 -0.079435 0.017955 -0.114626 -0.044244 -4.424243 9.81e-06 5.008322 0.130164 0.718262 0 2 21988 --
rs35915837 C G 0.057396 -0.125619 0.028401 -0.181284 -0.069954 -4.423114 9.86e-06 5.006054 0.057138 0.811078 0 2 21468 --
