rs_number reference_allele other_allele eaf beta se beta_95L beta_95U z p-value -log10_p-value q_statistic q_p-value i2 n_studies n_samples effects
rs13401595 G C 0.012807 0.143622 0.025865 0.092927 0.194318 5.552749 2.88e-08 7.540561 0.089124 0.765293 0 2 1319 ?++
rs71478855 T C 0.021081 0.118875 0.022139 0.075483 0.162267 5.369592 8.07e-08 7.093206 3.662893 0.055637 0.726992 2 1055 ++?
rs186782979 A G 0.021081 0.118875 0.022139 0.075483 0.162267 5.369592 8.07e-08 7.093206 3.662893 0.055637 0.726992 2 1055 ++?
rs72799579 A G 0.021081 0.118875 0.022139 0.075483 0.162267 5.369592 8.07e-08 7.093206 3.662893 0.055637 0.726992 2 1055 ++?
rs17462632 A G 0.021081 0.118875 0.022139 0.075483 0.162267 5.369592 8.07e-08 7.093206 3.662893 0.055637 0.726992 2 1055 ++?
rs12784389 A G 0.021081 0.118875 0.022139 0.075483 0.162267 5.369592 8.07e-08 7.093206 3.662893 0.055637 0.726992 2 1055 ++?
rs61744374 T C 0.015744 0.104567 0.020244 0.064889 0.144244 5.165361 2.45e-07 6.611047 1.057613 0.30376 0.054474 2 1055 ++?
rs12284695 G A 0.062323 0.052408 0.010442 0.031942 0.072874 5.019021 5.29e-07 6.276345 0.224829 0.893674 0 3 1412 +++
rs144489373 C T 0.010408 0.16084 0.032082 0.09796 0.223721 5.013459 5.45e-07 6.263801 8.973147 0.00274 0.888556 2 1055 ++?
chr22:50489990:A:G G A 0.015333 -0.098003 0.0196 -0.13642 -0.059586 -5.000072 5.84e-07 6.233662 7.391061 0.024834 0.729403 3 1412 ---
rs6737079 C T 0.348605 0.025475 0.005118 0.015444 0.035507 4.977468 6.56e-07 6.182945 5.518794 0.06333 0.637602 3 1412 +++
rs75933926 A G 0.012003 0.128481 0.025816 0.077882 0.17908 4.976825 6.58e-07 6.181506 0.93581 0.626313 0 3 1412 +++
rs11192539 T C 0.364391 0.025975 0.005232 0.015721 0.036229 4.964946 7e-07 6.154942 1.280108 0.527264 0 3 1412 +++
rs16904401 G A 0.017233 0.097726 0.019705 0.059104 0.136348 4.959436 7.2e-07 6.142641 3.867848 0.04922 0.741458 2 1055 ++?
rs1350924 T G 0.266823 0.040096 0.008332 0.023766 0.056426 4.81256 1.52e-06 5.819418 3.361289 0.066746 0.702495 2 450 +?+
rs12764382 C A 0.022832 0.100065 0.020869 0.059162 0.140967 4.795008 1.65e-06 5.781397 1.353776 0.244619 0.261325 2 1055 ++?
rs12767769 C T 0.022832 0.100065 0.020869 0.059162 0.140967 4.795008 1.65e-06 5.781397 1.353776 0.244619 0.261325 2 1055 ++?
rs112268912 T C 0.026197 0.066302 0.013918 0.039023 0.093582 4.763778 1.93e-06 5.714065 5.377622 0.067962 0.628088 3 1412 +++
rs12779486 C A 0.033409 0.077932 0.01646 0.04567 0.110193 4.734652 2.23e-06 5.651638 0.015936 0.899545 0 2 1055 ++?
rs61868143 C A 0.033054 0.077932 0.01646 0.04567 0.110193 4.734652 2.23e-06 5.651638 0.015936 0.899545 0 2 1055 ++?
rs55696745 A C 0.033054 0.077932 0.01646 0.04567 0.110193 4.734652 2.23e-06 5.651638 0.015936 0.899545 0 2 1055 ++?
rs2275935 A G 0.033054 0.077932 0.01646 0.04567 0.110193 4.734652 2.23e-06 5.651638 0.015936 0.899545 0 2 1055 ++?
rs61868148 C A 0.033054 0.077932 0.01646 0.04567 0.110193 4.734652 2.23e-06 5.651638 0.015936 0.899545 0 2 1055 ++?
rs35292993 A G 0.033054 0.077932 0.01646 0.04567 0.110193 4.734652 2.23e-06 5.651638 0.015936 0.899545 0 2 1055 ++?
rs35719047 A G 0.032707 0.077932 0.01646 0.04567 0.110193 4.734652 2.23e-06 5.651638 0.015936 0.899545 0 2 1055 ++?
rs12764017 T C 0.033054 0.077932 0.01646 0.04567 0.110193 4.734652 2.23e-06 5.651638 0.015936 0.899545 0 2 1055 ++?
rs66684505 G T 0.033054 0.077932 0.01646 0.04567 0.110193 4.734652 2.23e-06 5.651638 0.015936 0.899545 0 2 1055 ++?
rs34640305 G C 0.033054 0.077932 0.01646 0.04567 0.110193 4.734652 2.23e-06 5.651638 0.015936 0.899545 0 2 1055 ++?
rs3740593 A G 0.033054 0.077932 0.01646 0.04567 0.110193 4.734652 2.23e-06 5.651638 0.015936 0.899545 0 2 1055 ++?
rs2173370 G A 0.033054 0.077932 0.01646 0.04567 0.110193 4.734652 2.23e-06 5.651638 0.015936 0.899545 0 2 1055 ++?
rs2047427 T C 0.033054 0.077932 0.01646 0.04567 0.110193 4.734652 2.23e-06 5.651638 0.015936 0.899545 0 2 1055 ++?
rs17765780 T C 0.017656 0.09874 0.02095 0.057678 0.139801 4.7132 2.48e-06 5.605884 0.115952 0.733467 0 2 1319 ?++
rs352734 C T 0.495914 -0.022593 0.004796 -0.031993 -0.013193 -4.710764 2.51e-06 5.600702 0.733286 0.693057 0 3 1412 ---
rs7497612 A C 0.507524 0.02543 0.005407 0.014832 0.036028 4.703162 2.6e-06 5.584541 0.517677 0.471834 0 2 1054 ++?
rs34506003 T G 0.025456 0.082722 0.017619 0.048189 0.117255 4.695041 2.71e-06 5.567306 1.9e-05 0.996532 0 2 1055 ++?
rs11135233 A C 0.519038 0.026004 0.005549 0.015128 0.03688 4.686322 2.83e-06 5.548832 0.002622 0.959159 0 2 1055 ++?
rs34073554 T C 0.03219 0.089537 0.019143 0.052017 0.127056 4.677357 2.95e-06 5.529868 0.389387 0.532622 0 2 1055 ++?
rs72799545 A G 0.03219 0.089537 0.019143 0.052017 0.127056 4.677357 2.95e-06 5.529868 0.389387 0.532622 0 2 1055 ++?
rs66572269 A G 0.03219 0.089537 0.019143 0.052017 0.127056 4.677357 2.95e-06 5.529868 0.389387 0.532622 0 2 1055 ++?
rs12783848 T C 0.03219 0.089537 0.019143 0.052017 0.127056 4.677357 2.95e-06 5.529868 0.389387 0.532622 0 2 1055 ++?
rs67065185 T C 0.03219 0.089537 0.019143 0.052017 0.127056 4.677357 2.95e-06 5.529868 0.389387 0.532622 0 2 1055 ++?
rs1421495 G A 0.347447 0.024654 0.00528 0.014306 0.035002 4.669689 3.06e-06 5.513676 1.637557 0.44097 0 3 1412 +++
rs1556535 C T 0.273847 -0.028788 0.006174 -0.04089 -0.016687 -4.662636 3.17e-06 5.498802 0.534146 0.464869 0 2 1055 --?
rs35233764 C T 0.032707 0.076764 0.016485 0.044454 0.109073 4.656707 3.26e-06 5.486316 0.02894 0.864917 0 2 1055 ++?
rs56404010 T C 0.13396 0.031447 0.006753 0.018211 0.044684 4.656496 3.27e-06 5.485873 0.126901 0.938521 0 3 1412 +++
rs77434066 T C 0.026287 0.068717 0.014765 0.039777 0.097657 4.65394 3.31e-06 5.480494 0.004766 0.944963 0 2 1319 ?++
rs35419333 T C 0.032707 0.076668 0.016478 0.044371 0.108966 4.652658 3.33e-06 5.477798 0.030162 0.862124 0 2 1055 ++?
rs12771516 G A 0.032707 0.076668 0.016478 0.044371 0.108966 4.652658 3.33e-06 5.477798 0.030162 0.862124 0 2 1055 ++?
rs17462772 C T 0.032707 0.076668 0.016478 0.044371 0.108966 4.652658 3.33e-06 5.477798 0.030162 0.862124 0 2 1055 ++?
rs61869868 G A 0.032707 0.076668 0.016478 0.044371 0.108966 4.652658 3.33e-06 5.477798 0.030162 0.862124 0 2 1055 ++?
rs12765308 C T 0.032707 0.076668 0.016478 0.044371 0.108966 4.652658 3.33e-06 5.477798 0.030162 0.862124 0 2 1055 ++?
rs61869871 A G 0.032707 0.076668 0.016478 0.044371 0.108966 4.652658 3.33e-06 5.477798 0.030162 0.862124 0 2 1055 ++?
rs36124907 T C 0.032707 0.076668 0.016478 0.044371 0.108966 4.652658 3.33e-06 5.477798 0.030162 0.862124 0 2 1055 ++?
rs35528608 C G 0.032707 0.076668 0.016478 0.044371 0.108966 4.652658 3.33e-06 5.477798 0.030162 0.862124 0 2 1055 ++?
rs61869879 A G 0.032707 0.076668 0.016478 0.044371 0.108966 4.652658 3.33e-06 5.477798 0.030162 0.862124 0 2 1055 ++?
rs55990525 A G 0.032707 0.076668 0.016478 0.044371 0.108966 4.652658 3.33e-06 5.477798 0.030162 0.862124 0 2 1055 ++?
rs12776898 T C 0.032707 0.076668 0.016478 0.044371 0.108966 4.652658 3.33e-06 5.477798 0.030162 0.862124 0 2 1055 ++?
rs12783119 A G 0.032707 0.076668 0.016478 0.044371 0.108966 4.652658 3.33e-06 5.477798 0.030162 0.862124 0 2 1055 ++?
rs55794215 T C 0.027207 0.081382 0.017497 0.047088 0.115676 4.651166 3.35e-06 5.474662 0.001878 0.965436 0 2 1055 ++?
rs2047440 A G 0.027207 0.081382 0.017497 0.047088 0.115676 4.651166 3.35e-06 5.474662 0.001878 0.965436 0 2 1055 ++?
rs12199761 C T 0.011018 0.099176 0.021331 0.057367 0.140984 4.649409 3.38e-06 5.470968 9.525173 0.008543 0.79003 3 1412 +++
rs17470053 A C 0.027909 0.081193 0.017466 0.046958 0.115427 4.648484 3.4e-06 5.469023 0.002503 0.960096 0 2 1055 ++?
rs76691524 A G 0.014876 0.088854 0.019143 0.051334 0.126374 4.641682 3.51e-06 5.45474 7.69296 0.021355 0.740022 3 1412 -++
rs34156386 C G 0.01241 0.119256 0.025761 0.068766 0.169747 4.62941 3.72e-06 5.42902 0.322534 0.570089 0 2 1319 ?++
rs1621364 A G 0.064433 0.053265 0.011507 0.030712 0.075818 4.629023 3.73e-06 5.428211 2.896043 0.088797 0.654701 2 1055 ++?
rs1622239 T C 0.064433 0.053265 0.011507 0.030712 0.075818 4.629023 3.73e-06 5.428211 2.896043 0.088797 0.654701 2 1055 ++?
rs77644346 C T 0.020456 -0.07765 0.01678 -0.110539 -0.044761 -4.627456 3.76e-06 5.42493 1.769152 0.412889 0 3 1412 ---
rs55927126 G T 0.016248 0.111275 0.024053 0.064131 0.158419 4.626238 3.78e-06 5.422383 6.92625 0.008494 0.855622 2 1319 ?+-
rs2926048 A T 0.518309 0.025426 0.005508 0.01463 0.036223 4.615875 3.97e-06 5.400725 2e-06 0.998879 0 2 1055 ++?
rs1379855 G T 0.470048 -0.025766 0.005589 -0.036721 -0.014811 -4.609744 4.09e-06 5.387933 0.00018 0.989285 0 2 1055 --?
rs35949960 T C 0.033409 0.07586 0.01646 0.043599 0.108122 4.608795 4.11e-06 5.385954 0.041567 0.838448 0 2 1055 ++?
rs61869907 C T 0.033054 0.07586 0.01646 0.043599 0.108122 4.608795 4.11e-06 5.385954 0.041567 0.838448 0 2 1055 ++?
rs35368174 A T 0.033054 0.07586 0.01646 0.043599 0.108122 4.608795 4.11e-06 5.385954 0.041567 0.838448 0 2 1055 ++?
rs12771648 A G 0.033082 0.075847 0.016466 0.043574 0.108121 4.606284 4.16e-06 5.380722 0.041776 0.838046 0 2 1054 ++?
rs66612971 G C 0.13391 0.031089 0.006752 0.017855 0.044324 4.604288 4.2e-06 5.376565 0.113103 0.945018 0 3 1412 +++
rs2894068 A G 0.033054 0.075759 0.01646 0.043497 0.10802 4.602634 4.24e-06 5.373119 0.043131 0.835479 0 2 1055 ++?
rs2394483 A G 0.034026 0.077253 0.016788 0.044348 0.110158 4.601605 4.26e-06 5.370977 1.018324 0.312917 0.017994 2 1055 ++?
rs4917378 A G 0.265962 -0.028501 0.006194 -0.040642 -0.01636 -4.601163 4.27e-06 5.370056 1.262589 0.261162 0.207976 2 1055 --?
rs34466054 A G 0.122979 0.033801 0.007347 0.0194 0.048201 4.600499 4.28e-06 5.368676 0.248914 0.882976 0 3 1412 +++
rs67404463 G A 0.124125 0.033465 0.007326 0.019107 0.047823 4.568243 4.99e-06 5.30176 0.213053 0.898951 0 3 1412 +++
rs12392993 G C 0.020764 -0.128532 0.028158 -0.183721 -0.073343 -4.564722 5.08e-06 5.294481 0.128727 0.719755 0 2 1285 ?--
rs13441160 G A 0.020764 -0.128532 0.028158 -0.183721 -0.073343 -4.564722 5.08e-06 5.294481 0.128727 0.719755 0 2 1285 ?--
rs12390635 C A 0.020764 -0.128532 0.028158 -0.183721 -0.073343 -4.564722 5.08e-06 5.294481 0.128727 0.719755 0 2 1285 ?--
rs35879464 A G 0.027207 0.077621 0.017031 0.04424 0.111002 4.5576 5.25e-06 5.279776 0.030746 0.860808 0 2 1055 ++?
rs72801513 G A 0.027207 0.077621 0.017031 0.04424 0.111002 4.5576 5.25e-06 5.279776 0.030746 0.860808 0 2 1055 ++?
rs17462047 T C 0.031757 0.087958 0.019304 0.050121 0.125795 4.556333 5.28e-06 5.277162 0.47873 0.488998 0 2 1055 ++?
rs66570999 A G 0.031757 0.087958 0.019304 0.050121 0.125795 4.556333 5.28e-06 5.277162 0.47873 0.488998 0 2 1055 ++?
rs12772021 C T 0.031757 0.087958 0.019304 0.050121 0.125795 4.556333 5.28e-06 5.277162 0.47873 0.488998 0 2 1055 ++?
rs12777271 G A 0.031757 0.087958 0.019304 0.050121 0.125795 4.556333 5.28e-06 5.277162 0.47873 0.488998 0 2 1055 ++?
rs11646855 T C 0.241611 0.029207 0.00642 0.016623 0.04179 4.549217 5.46e-06 5.262495 0.078703 0.779062 0 2 1055 ++?
rs6053888 G T 0.372682 0.024934 0.005483 0.014189 0.03568 4.547933 5.5e-06 5.25985 3.961115 0.046563 0.747546 2 1055 ++?
rs2901711 T A 0.469616 -0.025608 0.005636 -0.036654 -0.014562 -4.543823 5.61e-06 5.251389 0.005085 0.94315 0 2 1055 --?
rs28400287 A G 0.124496 0.032147 0.007077 0.018276 0.046018 4.542579 5.64e-06 5.24883 1.872675 0.392061 0 3 1412 +++
rs7496895 C G 0.346969 -0.022823 0.00503 -0.032681 -0.012964 -4.537603 5.77e-06 5.238599 0.784419 0.675563 0 3 1412 ---
rs186707811 T C 0.01188 0.121739 0.026841 0.069132 0.174347 4.535647 5.83e-06 5.234581 7.13913 0.007542 0.859927 2 1319 ?+-
rs17503755 C T 0.011008 0.119297 0.026323 0.067704 0.170889 4.532066 5.93e-06 5.227226 0.32573 0.568185 0 2 1319 ?++
rs4294790 G A 0.352266 -0.022746 0.005026 -0.032597 -0.012895 -4.525541 6.11e-06 5.213842 0.936114 0.626218 0 3 1412 ---
rs28667268 C T 0.440403 -0.025969 0.005744 -0.037228 -0.014709 -4.520605 6.26e-06 5.203729 4.309464 0.037901 0.767953 2 1055 --?
rs10235275 G A 0.424859 0.024086 0.005332 0.013636 0.034536 4.517557 6.35e-06 5.197489 0.021647 0.88303 0 2 1055 ++?
rs10953304 C T 0.424859 0.024086 0.005332 0.013636 0.034536 4.517557 6.35e-06 5.197489 0.021647 0.88303 0 2 1055 ++?
rs6768506 G T 0.242293 0.028442 0.006298 0.016099 0.040785 4.516376 6.38e-06 5.195072 0.076901 0.781542 0 2 1055 ++?
rs144266828 A G 0.051628 0.060986 0.013522 0.034483 0.087488 4.510234 6.57e-06 5.182513 3.965261 0.046448 0.74781 2 1055 ++?
rs2383208 G A 0.188827 -0.02922 0.006496 -0.041951 -0.016489 -4.498397 6.94e-06 5.158352 5.873723 0.053032 0.6595 3 1410 ---
rs2488300 T C 0.015938 0.099907 0.022211 0.056374 0.14344 4.498161 6.95e-06 5.157869 0.967938 0.325195 0 2 1319 ?++
rs28393513 T C 0.244937 0.028757 0.006404 0.016205 0.041309 4.490347 7.21e-06 5.141954 0.211125 0.645887 0 2 1055 ++?
rs11644355 C T 0.244937 0.028757 0.006404 0.016205 0.041309 4.490347 7.21e-06 5.141954 0.211125 0.645887 0 2 1055 ++?
rs2963087 T C 0.518678 0.025427 0.005664 0.014325 0.036528 4.48928 7.25e-06 5.139781 0.121876 0.727009 0 2 1055 ++?
rs34566719 G C 0.015991 0.091132 0.020325 0.051295 0.130969 4.483692 7.44e-06 5.128418 3.24138 0.0718 0.691489 2 1055 ++?
rs34905748 C T 0.015991 0.091132 0.020325 0.051295 0.130969 4.483692 7.44e-06 5.128418 3.24138 0.0718 0.691489 2 1055 ++?
rs34344642 T G 0.015991 0.091132 0.020325 0.051295 0.130969 4.483692 7.44e-06 5.128418 3.24138 0.0718 0.691489 2 1055 ++?
rs11135234 T C 0.470552 -0.024998 0.005579 -0.035933 -0.014062 -4.480529 7.55e-06 5.121991 0.000978 0.975048 0 2 1055 --?
rs143811854 A G 0.042273 -0.109517 0.024454 -0.157446 -0.061587 -4.47852 7.62e-06 5.117911 10.751147 0.004628 0.813973 3 1378 --+
rs11818897 A G 0.021869 0.093339 0.020856 0.052461 0.134218 4.475331 7.74e-06 5.111437 1.151945 0.283142 0.131903 2 1055 ++?
rs11490542 A G 0.126056 0.036527 0.008166 0.020521 0.052533 4.472957 7.82e-06 5.106622 1.540691 0.214515 0.35094 2 1055 ++?
rs622871 A G 0.107915 0.04093 0.009157 0.022983 0.058878 4.469872 7.94e-06 5.100367 0.460787 0.497257 0 2 1055 ++?
rs76258983 T C 0.011724 0.13302 0.02977 0.074671 0.191369 4.468292 8e-06 5.097165 2.39724 0.12155 0.582854 2 1055 ++?
rs78348290 C T 0.070465 -0.038927 0.008717 -0.056012 -0.021842 -4.46578 8.09e-06 5.092078 1.740374 0.418873 0 3 1412 ---
rs148526310 T A 0.010757 0.118861 0.026622 0.066681 0.17104 4.464736 8.13e-06 5.089965 0.003448 0.953176 0 2 1319 ?++
rs55893338 C T 0.029044 -0.075047 0.01681 -0.107994 -0.0421 -4.464494 8.14e-06 5.089475 0.008962 0.924581 0 2 1055 --?
rs520489 C T 0.183512 0.027917 0.006259 0.015649 0.040186 4.460002 8.31e-06 5.080383 6.757355 0.034093 0.704026 3 1412 -++
rs9392902 G T 0.44477 -0.023882 0.005361 -0.03439 -0.013374 -4.454548 8.52e-06 5.069359 0.173352 0.67715 0 2 1055 --?
rs9378494 T A 0.44477 -0.023882 0.005361 -0.03439 -0.013374 -4.454548 8.52e-06 5.069359 0.173352 0.67715 0 2 1055 --?
rs2772007 A G 0.298919 -0.023456 0.005273 -0.03379 -0.013122 -4.448616 8.76e-06 5.057381 1.653409 0.437489 0 3 1412 ---
rs80258174 T G 0.012942 0.126809 0.028524 0.070903 0.182715 4.445763 8.88e-06 5.051625 0.384774 0.535059 0 2 1319 ?++
rs541068545 A G 0.012942 0.126809 0.028524 0.070903 0.182715 4.445763 8.88e-06 5.051625 0.384774 0.535059 0 2 1319 ?++
rs6579878 A G 0.103721 0.036028 0.008106 0.02014 0.051916 4.444544 8.93e-06 5.049167 0.728005 0.694889 0 3 1412 +++
rs10495211 T C 0.413925 -0.021246 0.004784 -0.030622 -0.011871 -4.44161 9.05e-06 5.043253 2.001997 0.367512 0.000998 3 1412 ---
rs71512608 A C 0.015289 0.09051 0.020388 0.050549 0.130471 4.439303 9.15e-06 5.038606 3.172097 0.074906 0.684751 2 1055 ++?
rs12285941 C T 0.066386 0.043401 0.009777 0.024237 0.062565 4.438885 9.17e-06 5.037765 0.969715 0.615785 0 3 1412 +++
rs376282360 T C 0.019686 0.087258 0.019659 0.048726 0.12579 4.438523 9.18e-06 5.037035 0.009665 0.921686 0 2 1055 ++?
rs2526005 A G 0.299396 -0.023392 0.005273 -0.033727 -0.013056 -4.435965 9.29e-06 5.031884 1.655096 0.43712 0 3 1412 ---
rs2809258 G T 0.31248 -0.023167 0.005224 -0.033406 -0.012928 -4.434753 9.34e-06 5.029446 1.259491 0.532727 0 3 1412 ---
rs56125790 A G 0.011832 0.086738 0.019587 0.048348 0.125128 4.428449 9.62e-06 5.01677 0.906014 0.635714 0 3 1412 +++
rs7204020 A C 0.241745 0.028373 0.00641 0.015808 0.040938 4.426039 9.73e-06 5.011928 0.188549 0.664127 0 2 1055 ++?
rs369707 A C 0.052895 0.044507 0.010064 0.02478 0.064233 4.422149 9.91e-06 5.004119 3.513806 0.172579 0.430817 3 1412 +++
rs16861013 A G 0.331606 -0.025775 0.005829 -0.037201 -0.014349 -4.421479 9.94e-06 5.002774 0.037715 0.846017 0 2 1055 --?
rs2084275 A G 0.056559 0.044679 0.010106 0.024871 0.064487 4.420968 9.96e-06 5.001748 0.222844 0.894561 0 3 1412 +++
