rs_number reference_allele other_allele eaf beta se beta_95L beta_95U z p-value -log10_p-value q_statistic q_p-value i2 n_studies n_samples effects
rs35433994 A G 0.096511 -0.380252 0.068794 -0.515087 -0.245416 -5.527432 3.33e-08 7.477883 2.848245 0.091474 0.648907 2 373 --
rs7709204 A T 0.097857 -0.375399 0.068688 -0.510026 -0.240771 -5.465309 4.73e-08 7.325227 3.126184 0.077044 0.680121 2 373 --
rs10282969 T C 0.142121 0.362208 0.068076 0.228778 0.495637 5.320618 1.06e-07 6.975987 0.959194 0.32739 0 2 373 ++
rs2061867 A T 0.140714 0.364321 0.068759 0.229553 0.499089 5.298505 1.19e-07 6.923388 1.007922 0.315401 0.007859 2 373 ++
rs28729931 C T 0.140714 0.364321 0.068759 0.229553 0.499089 5.298505 1.19e-07 6.923388 1.007922 0.315401 0.007859 2 373 ++
rs13273502 G T 0.256785 0.283696 0.053984 0.177888 0.389504 5.255207 1.51e-07 6.820998 0.26839 0.604414 0 2 370 ++
rs72731240 G A 0.025472 -0.61003 0.116803 -0.838964 -0.381097 -5.222731 1.8e-07 6.744716 0.505967 0.47689 0 2 373 --
rs73583196 T C 0.091154 -0.334507 0.064388 -0.460708 -0.208306 -5.195157 2.09e-07 6.680298 2.052012 0.152005 0.512673 2 373 --
rs17153106 C T 0.101872 -0.346221 0.067326 -0.47818 -0.214263 -5.142477 2.77e-07 6.558113 2.317215 0.127949 0.568447 2 373 --
rs4620020 C G 0.101872 -0.346221 0.067326 -0.47818 -0.214263 -5.142477 2.77e-07 6.558113 2.317215 0.127949 0.568447 2 373 --
rs28703569 C T 0.101872 -0.346221 0.067326 -0.47818 -0.214263 -5.142477 2.77e-07 6.558113 2.317215 0.127949 0.568447 2 373 --
rs28696180 G A 0.101872 -0.346221 0.067326 -0.47818 -0.214263 -5.142477 2.77e-07 6.558113 2.317215 0.127949 0.568447 2 373 --
rs1873483 G A 0.101872 -0.346221 0.067326 -0.47818 -0.214263 -5.142477 2.77e-07 6.558113 2.317215 0.127949 0.568447 2 373 --
rs10056409 G A 0.101872 -0.346221 0.067326 -0.47818 -0.214263 -5.142477 2.77e-07 6.558113 2.317215 0.127949 0.568447 2 373 --
rs12677743 G A 0.134031 0.353223 0.06891 0.21816 0.488286 5.125872 3.02e-07 6.519842 0.806421 0.369181 0 2 373 ++
rs7706068 C T 0.103217 -0.343956 0.067173 -0.475614 -0.212298 -5.12048 3.11e-07 6.507439 2.427603 0.119215 0.588071 2 373 --
rs6595624 T C 0.103217 -0.343956 0.067173 -0.475614 -0.212298 -5.12048 3.11e-07 6.507439 2.427603 0.119215 0.588071 2 373 --
rs75581961 C T 0.103217 -0.343956 0.067173 -0.475614 -0.212298 -5.12048 3.11e-07 6.507439 2.427603 0.119215 0.588071 2 373 --
rs75857378 T C 0.103217 -0.343956 0.067173 -0.475614 -0.212298 -5.12048 3.11e-07 6.507439 2.427603 0.119215 0.588071 2 373 --
rs28881587 T C 0.132712 0.355381 0.069633 0.2189 0.491863 5.103605 3.4e-07 6.468703 0.852126 0.355952 0 2 373 ++
rs10102416 T G 0.146098 0.340289 0.066879 0.209206 0.471371 5.088145 3.69e-07 6.433321 0.471517 0.49229 0 2 373 ++
rs10107017 A G 0.144779 0.341815 0.067517 0.209482 0.474148 5.062675 4.21e-07 6.375247 0.498158 0.48031 0 2 373 ++
rs12335321 T C 0.144779 0.341815 0.067517 0.209482 0.474148 5.062675 4.21e-07 6.375247 0.498158 0.48031 0 2 373 ++
rs13279464 A C 0.144779 0.341815 0.067517 0.209482 0.474148 5.062675 4.21e-07 6.375247 0.498158 0.48031 0 2 373 ++
rs13253586 A G 0.144779 0.341815 0.067517 0.209482 0.474148 5.062675 4.21e-07 6.375247 0.498158 0.48031 0 2 373 ++
rs7823733 T A 0.144779 0.341815 0.067517 0.209482 0.474148 5.062675 4.21e-07 6.375247 0.498158 0.48031 0 2 373 ++
rs1397086 G T 0.144779 0.341815 0.067517 0.209482 0.474148 5.062675 4.21e-07 6.375247 0.498158 0.48031 0 2 373 ++
rs74592067 A G 0.080427 -0.382935 0.075724 -0.531353 -0.234516 -5.057007 4.34e-07 6.362361 2.36439 0.124132 0.577058 2 373 --
rs11753643 C A 0.014742 -0.972635 0.195944 -1.356685 -0.588585 -4.963842 7.04e-07 6.152475 0.004282 0.947828 0 2 373 --
rs34778676 G A 0.014742 -0.972635 0.195944 -1.356685 -0.588585 -4.963842 7.04e-07 6.152475 0.004282 0.947828 0 2 373 --
rs71570214 A G 0.014742 -0.972635 0.195944 -1.356685 -0.588585 -4.963842 7.04e-07 6.152475 0.004282 0.947828 0 2 373 --
rs71570215 A G 0.014742 -0.972635 0.195944 -1.356685 -0.588585 -4.963842 7.04e-07 6.152475 0.004282 0.947828 0 2 373 --
rs11756989 T G 0.014742 -0.972635 0.195944 -1.356685 -0.588585 -4.963842 7.04e-07 6.152475 0.004282 0.947828 0 2 373 --
rs11752299 T A 0.014742 -0.972635 0.195944 -1.356685 -0.588585 -4.963842 7.04e-07 6.152475 0.004282 0.947828 0 2 373 --
rs11756990 A G 0.014742 -0.972635 0.195944 -1.356685 -0.588585 -4.963842 7.04e-07 6.152475 0.004282 0.947828 0 2 373 --
rs58452693 C T 0.353884 -0.215501 0.043694 -0.301141 -0.129862 -4.932103 8.28e-07 6.081805 2.61107 0.10612 0.617015 2 373 --
rs4689486 T C 0.198914 -0.271488 0.055127 -0.379538 -0.163439 -4.924748 8.6e-07 6.065489 3.088569 0.078844 0.676225 2 372 --
rs58937193 C G 0.177582 0.200807 0.040953 0.12054 0.281074 4.90342 9.59e-07 6.018303 0.125973 0.722644 0 2 366 ++
rs1600283 C A 0.136689 0.332765 0.068312 0.198873 0.466658 4.87123 1.13e-06 5.947447 0.378189 0.538574 0 2 373 ++
rs10076377 G A 0.410176 -0.220008 0.045222 -0.308643 -0.131373 -4.865052 1.16e-06 5.933897 0.001579 0.968307 0 2 373 --
rs9788814 G C 0.221145 -0.246733 0.050941 -0.346578 -0.146888 -4.843463 1.3e-06 5.886675 6.50066 0.010783 0.846169 2 373 --
rs2280924 A G 0.142065 0.21801 0.045049 0.129714 0.306307 4.839378 1.33e-06 5.877761 0.948562 0.330086 0 2 366 ++
rs2280925 A G 0.142065 0.21801 0.045049 0.129714 0.306307 4.839378 1.33e-06 5.877761 0.948562 0.330086 0 2 366 ++
rs56197281 T C 0.142065 0.21801 0.045049 0.129714 0.306307 4.839378 1.33e-06 5.877761 0.948562 0.330086 0 2 366 ++
rs56412501 G A 0.142065 0.21801 0.045049 0.129714 0.306307 4.839378 1.33e-06 5.877761 0.948562 0.330086 0 2 366 ++
rs73247614 A G 0.139384 0.218721 0.045304 0.129926 0.307516 4.82789 1.4e-06 5.852732 0.986877 0.320507 0 2 366 ++
rs10941048 G C 0.247985 -0.229351 0.047547 -0.322543 -0.136159 -4.823665 1.43e-06 5.84354 2.05258 0.151949 0.512808 2 373 --
rs12567983 T C 0.02279 -0.598289 0.124312 -0.84194 -0.354638 -4.812808 1.51e-06 5.819957 0.184209 0.667781 0 2 373 --
rs2201044 C T 0.097857 -0.333937 0.070158 -0.471447 -0.196427 -4.759784 1.97e-06 5.705483 3.064942 0.079998 0.67373 2 373 --
rs1352738 A G 0.097857 -0.333937 0.070158 -0.471447 -0.196427 -4.759784 1.97e-06 5.705483 3.064942 0.079998 0.67373 2 373 --
rs59851826 G A 0.347181 -0.207632 0.043706 -0.293296 -0.121968 -4.750655 2.06e-06 5.685894 2.930943 0.086897 0.658813 2 373 --
rs17109526 A G 0.024127 -0.586659 0.123535 -0.828787 -0.344531 -4.748937 2.08e-06 5.682212 0.316136 0.573939 0 2 373 --
rs12409252 T C 0.024127 -0.586659 0.123535 -0.828787 -0.344531 -4.748937 2.08e-06 5.682212 0.316136 0.573939 0 2 373 --
rs3124852 A G 0.286908 0.179723 0.038051 0.105143 0.254304 4.723183 2.36e-06 5.627152 1.864252 0.172135 0.463592 2 366 ++
rs111839599 G A 0.016087 -0.89885 0.190479 -1.272189 -0.525512 -4.718897 2.41e-06 5.618016 0.047482 0.827504 0 2 373 --
rs9662060 C G 0.140779 -0.267574 0.056771 -0.378846 -0.156302 -4.713175 2.48e-06 5.605831 1.44861 0.228751 0.309683 2 373 --
rs140610452 C A 0.140779 -0.267574 0.056771 -0.378846 -0.156302 -4.713175 2.48e-06 5.605831 1.44861 0.228751 0.309683 2 373 --
rs3811603 T C 0.202439 0.207201 0.044255 0.120461 0.29394 4.681994 2.89e-06 5.539672 7.450233 0.006343 0.865776 2 373 ++
rs10068804 G A 0.209125 -0.231238 0.049409 -0.328079 -0.134397 -4.680104 2.91e-06 5.535676 1.892224 0.168951 0.471521 2 373 --
rs1036134 T C 0.025469 -0.658701 0.14077 -0.93461 -0.382793 -4.679287 2.92e-06 5.533949 0.692965 0.405158 0 2 373 --
rs1035751 A G 0.025469 -0.658701 0.14077 -0.93461 -0.382793 -4.679287 2.92e-06 5.533949 0.692965 0.405158 0 2 373 --
rs2588137 C T 0.231938 -0.249931 0.053457 -0.354707 -0.145155 -4.675348 2.98e-06 5.525624 2.532883 0.111496 0.605193 2 373 --
rs12907120 G C 0.026805 -0.647327 0.13862 -0.919022 -0.375632 -4.669796 3.06e-06 5.513901 0.550894 0.457953 0 2 373 --
rs34155443 A G 0.026805 -0.647327 0.13862 -0.919022 -0.375632 -4.669796 3.06e-06 5.513901 0.550894 0.457953 0 2 373 --
rs73083163 A G 0.21317 -0.228674 0.048986 -0.324688 -0.132661 -4.668118 3.09e-06 5.51036 2.01764 0.155481 0.504371 2 373 --
rs10833115 A G 0.367251 0.211799 0.045372 0.122869 0.300729 4.66802 3.09e-06 5.510153 0.14897 0.699521 0 2 373 ++
rs73099681 T A 0.065684 0.431889 0.092647 0.250301 0.613478 4.661666 3.19e-06 5.496758 0.001908 0.96516 0 2 373 ++
rs61923077 T A 0.065684 0.431889 0.092647 0.250301 0.613478 4.661666 3.19e-06 5.496758 0.001908 0.96516 0 2 373 ++
rs7725938 A T 0.251962 -0.223202 0.047902 -0.31709 -0.129315 -4.659577 3.22e-06 5.492359 1.846422 0.1742 0.458412 2 373 --
rs16955523 A G 0.116612 -0.311211 0.066799 -0.442137 -0.180286 -4.658939 3.23e-06 5.491015 1.63368 0.201195 0.387885 2 373 --
rs59476885 C T 0.239943 -0.226928 0.04879 -0.322557 -0.131299 -4.651083 3.35e-06 5.474487 0.946978 0.33049 0 2 373 --
rs79730176 G A 0.071049 -0.388186 0.083649 -0.552139 -0.224233 -4.640637 3.53e-06 5.452548 2.903956 0.088362 0.655642 2 373 --
rs61677310 A T 0.071049 -0.388186 0.083649 -0.552139 -0.224233 -4.640637 3.53e-06 5.452548 2.903956 0.088362 0.655642 2 373 --
rs11829304 T G 0.071049 -0.388186 0.083649 -0.552139 -0.224233 -4.640637 3.53e-06 5.452548 2.903956 0.088362 0.655642 2 373 --
rs80244597 T C 0.071049 -0.388186 0.083649 -0.552139 -0.224233 -4.640637 3.53e-06 5.452548 2.903956 0.088362 0.655642 2 373 --
rs61927694 T C 0.071049 -0.388186 0.083649 -0.552139 -0.224233 -4.640637 3.53e-06 5.452548 2.903956 0.088362 0.655642 2 373 --
rs3124856 T C 0.28417 0.175236 0.037781 0.101185 0.249287 4.638186 3.57e-06 5.447407 0.781218 0.376769 0 2 366 ++
rs3124857 T A 0.28417 0.175236 0.037781 0.101185 0.249287 4.638186 3.57e-06 5.447407 0.781218 0.376769 0 2 366 ++
rs3124858 C T 0.28417 0.175236 0.037781 0.101185 0.249287 4.638186 3.57e-06 5.447407 0.781218 0.376769 0 2 366 ++
rs12878619 A C 0.04021 -0.526705 0.113838 -0.749827 -0.303584 -4.626813 3.77e-06 5.423585 0.032583 0.856755 0 2 373 --
rs2623129 T G 0.04021 -0.526705 0.113838 -0.749827 -0.303584 -4.626813 3.77e-06 5.423585 0.032583 0.856755 0 2 373 --
rs2819793 T C 0.04021 -0.526705 0.113838 -0.749827 -0.303584 -4.626813 3.77e-06 5.423585 0.032583 0.856755 0 2 373 --
rs3124845 G A 0.292358 0.17471 0.037871 0.100482 0.248938 4.613245 4.02e-06 5.395236 2.125416 0.144873 0.529504 2 366 ++
rs34973383 C T 0.144776 -0.25404 0.055162 -0.362157 -0.145923 -4.605356 4.18e-06 5.378788 1.180032 0.277349 0.152566 2 373 --
rs10078239 G C 0.202442 -0.236862 0.051466 -0.337734 -0.135989 -4.602326 4.24e-06 5.372478 0.388219 0.533237 0 2 373 --
rs28397577 T C 0.103219 -0.272791 0.05947 -0.389352 -0.156231 -4.587066 4.56e-06 5.340756 1.631484 0.201498 0.387061 2 373 --
rs10778661 A G 0.154145 -0.278105 0.060633 -0.396945 -0.159265 -4.586716 4.57e-06 5.34003 0.034916 0.851772 0 2 373 --
rs10083242 G A 0.112567 -0.261887 0.057103 -0.37381 -0.149965 -4.58621 4.58e-06 5.338979 1.344975 0.246159 0.256492 2 373 --
rs68179213 T G 0.140731 -0.247401 0.053997 -0.353234 -0.141567 -4.581777 4.68e-06 5.329784 8.446943 0.003657 0.881614 2 373 --
rs28547260 G A 0.120622 -0.297936 0.065074 -0.425482 -0.17039 -4.578389 4.76e-06 5.32276 1.972072 0.160228 0.492919 2 373 --
rs62066861 A G 0.050942 -0.368552 0.080561 -0.526451 -0.210653 -4.574836 4.84e-06 5.315401 1.093079 0.29579 0.085153 2 373 --
rs2010497 C A 0.064346 0.516715 0.113114 0.295012 0.738417 4.568104 4.99e-06 5.301472 1.320168 0.250562 0.242521 2 373 ++
rs12368544 T C 0.064346 0.516715 0.113114 0.295012 0.738417 4.568104 4.99e-06 5.301472 1.320168 0.250562 0.242521 2 373 ++
rs7578535 G A 0.198354 0.206663 0.045261 0.117951 0.295375 4.566006 5.05e-06 5.297136 6.409064 0.011354 0.843971 2 373 ++
rs10833116 A G 0.369977 0.206456 0.045357 0.117557 0.295356 4.551835 5.4e-06 5.267888 0.246093 0.619839 0 2 373 ++
rs56059410 T C 0.231918 -0.246685 0.054261 -0.353035 -0.140334 -4.546304 5.54e-06 5.256495 0.016143 0.898896 0 2 373 --
rs77948783 A G 0.014742 -0.892729 0.197196 -1.279233 -0.506225 -4.527121 6.07e-06 5.217082 0.060546 0.805636 0 2 373 --
rs8024964 T C 0.168911 0.253389 0.056068 0.143497 0.363282 4.519341 6.29e-06 5.201139 0.272745 0.601496 0 2 373 ++
rs8025599 A G 0.168911 0.253389 0.056068 0.143497 0.363282 4.519341 6.29e-06 5.201139 0.272745 0.601496 0 2 373 ++
rs58144193 A G 0.05362 -0.489234 0.108291 -0.701484 -0.276984 -4.517788 6.34e-06 5.197961 1.055661 0.304207 0.052726 2 373 --
rs17704024 C T 0.044234 -0.507294 0.112522 -0.727838 -0.28675 -4.508383 6.63e-06 5.178729 0.929402 0.335018 0 2 373 --
rs17385547 T C 0.083108 -0.35508 0.07909 -0.510096 -0.200064 -4.489587 7.24e-06 5.140406 0.719784 0.396215 0 2 373 --
rs12730333 T C 0.083108 -0.35508 0.07909 -0.510096 -0.200064 -4.489587 7.24e-06 5.140406 0.719784 0.396215 0 2 373 --
rs1551520 T C 0.423607 -0.208234 0.046381 -0.299141 -0.117327 -4.489634 7.24e-06 5.140503 0.009207 0.923557 0 2 373 --
rs11524965 T G 0.053619 -0.338939 0.075542 -0.487002 -0.190876 -4.486754 7.33e-06 5.134644 6.866179 0.008784 0.854359 2 373 --
rs879188 A G 0.053619 -0.338939 0.075542 -0.487002 -0.190876 -4.486754 7.33e-06 5.134644 6.866179 0.008784 0.854359 2 373 --
rs17252137 T C 0.085791 -0.390082 0.087156 -0.560908 -0.219256 -4.475678 7.72e-06 5.112143 0.426642 0.513641 0 2 373 --
rs696014 A G 0.093837 0.267488 0.059878 0.150126 0.384849 4.467185 8.04e-06 5.094923 4.135854 0.041984 0.758212 2 373 ++
rs113537493 G A 0.058981 -0.400586 0.08987 -0.576732 -0.22444 -4.457379 8.41e-06 5.07508 4.826624 0.028023 0.792816 2 373 --
rs3128066 A G 0.28962 0.167703 0.037682 0.093847 0.24156 4.450503 8.69e-06 5.061189 1.059832 0.303254 0.056454 2 366 ++
rs2534796 T C 0.081767 -0.348713 0.078382 -0.502342 -0.195084 -4.448885 8.75e-06 5.057924 0.364149 0.546211 0 2 373 --
rs12007549 G C 0.158504 0.196129 0.044123 0.109649 0.28261 4.445076 8.91e-06 5.05024 0.264775 0.606858 0 2 366 ++
rs8027848 A G 0.167592 0.249089 0.056152 0.139031 0.359148 4.435957 9.29e-06 5.031868 0.187732 0.664811 0 2 373 ++
rs6878672 C G 0.104545 -0.31563 0.071155 -0.455093 -0.176167 -4.435827 9.3e-06 5.031607 1.695098 0.19293 0.410064 2 373 --
rs11760530 T C 0.092497 0.28034 0.063246 0.156377 0.404302 4.432516 9.44e-06 5.024945 6.521809 0.010656 0.846668 2 373 ++
rs72699674 C T 0.061665 -0.355363 0.080215 -0.512584 -0.198142 -4.430144 9.55e-06 5.020177 0.739928 0.389684 0 2 373 --
rs72699675 G A 0.061665 -0.355363 0.080215 -0.512584 -0.198142 -4.430144 9.55e-06 5.020177 0.739928 0.389684 0 2 373 --
