rs_number reference_allele other_allele eaf beta se beta_95L beta_95U z p-value -log10_p-value q_statistic q_p-value i2 n_studies n_samples effects
rs719070 A G 0.173839 -0.072539 0.011869 -0.095802 -0.049276 -6.111629 1.02e-09 8.993223 1.709228 0.191086 0.414941 2 4868 --
rs74885560 G T 0.018046 0.178301 0.036058 0.107627 0.248976 4.944801 7.76e-07 6.110029 0.127143 0.721413 0 2 4515 ++
rs16929265 A G 0.018042 0.178297 0.03606 0.107619 0.248975 4.944446 7.78e-07 6.109238 0.12717 0.721385 0 2 4516 ++
rs116704394 T C 0.018042 0.178297 0.03606 0.107619 0.248975 4.944446 7.78e-07 6.109238 0.12717 0.721385 0 2 4516 ++
rs16929271 C T 0.018042 0.178297 0.03606 0.107619 0.248975 4.944446 7.78e-07 6.109238 0.12717 0.721385 0 2 4516 ++
rs78021342 G C 0.018042 0.178297 0.03606 0.107619 0.248975 4.944446 7.78e-07 6.109238 0.12717 0.721385 0 2 4516 ++
rs78745470 A G 0.018042 0.178297 0.03606 0.107619 0.248975 4.944446 7.78e-07 6.109238 0.12717 0.721385 0 2 4516 ++
rs16929274 G A 0.018042 0.178297 0.03606 0.107619 0.248975 4.944446 7.78e-07 6.109238 0.12717 0.721385 0 2 4516 ++
rs77244022 G C 0.018042 0.178297 0.03606 0.107619 0.248975 4.944446 7.78e-07 6.109238 0.12717 0.721385 0 2 4516 ++
rs74341239 A G 0.018042 0.178297 0.03606 0.107619 0.248975 4.944446 7.78e-07 6.109238 0.12717 0.721385 0 2 4516 ++
rs115716894 A G 0.018042 0.178297 0.03606 0.107619 0.248975 4.944446 7.78e-07 6.109238 0.12717 0.721385 0 2 4516 ++
rs116651124 C T 0.018042 0.178297 0.03606 0.107619 0.248975 4.944446 7.78e-07 6.109238 0.12717 0.721385 0 2 4516 ++
rs58327863 T C 0.017821 0.179693 0.036521 0.108112 0.251275 4.920253 8.8e-07 6.055528 0.309612 0.577918 0 2 4516 ++
rs61541121 G A 0.017821 0.179693 0.036521 0.108112 0.251275 4.920253 8.8e-07 6.055528 0.309612 0.577918 0 2 4516 ++
rs115578267 T G 0.017821 0.179693 0.036521 0.108112 0.251275 4.920253 8.8e-07 6.055528 0.309612 0.577918 0 2 4516 ++
rs140751113 A G 0.017821 0.179693 0.036521 0.108112 0.251275 4.920253 8.8e-07 6.055528 0.309612 0.577918 0 2 4516 ++
rs75836780 G T 0.017821 0.179693 0.036521 0.108112 0.251275 4.920253 8.8e-07 6.055528 0.309612 0.577918 0 2 4516 ++
rs117031854 G A 0.017727 0.1777 0.036407 0.106342 0.249058 4.880912 1.07e-06 5.968713 0.131071 0.717324 0 2 4516 ++
rs149473038 T C 0.017727 0.1777 0.036407 0.106342 0.249058 4.880912 1.07e-06 5.968713 0.131071 0.717324 0 2 4516 ++
rs143764321 C T 0.017916 0.1777 0.036407 0.106342 0.249058 4.880912 1.07e-06 5.968713 0.131071 0.717324 0 2 4516 ++
rs114656361 A G 0.017821 0.1777 0.036407 0.106342 0.249058 4.880912 1.07e-06 5.968713 0.131071 0.717324 0 2 4516 ++
rs150107830 G T 0.017916 0.1777 0.036407 0.106342 0.249058 4.880912 1.07e-06 5.968713 0.131071 0.717324 0 2 4516 ++
rs2101987 A G 0.017916 0.1777 0.036407 0.106342 0.249058 4.880912 1.07e-06 5.968713 0.131071 0.717324 0 2 4516 ++
rs2088511 G A 0.017916 0.1777 0.036407 0.106342 0.249058 4.880912 1.07e-06 5.968713 0.131071 0.717324 0 2 4516 ++
rs149028270 A C 0.017916 0.1777 0.036407 0.106342 0.249058 4.880912 1.07e-06 5.968713 0.131071 0.717324 0 2 4516 ++
rs118181813 A T 0.017916 0.1777 0.036407 0.106342 0.249058 4.880912 1.07e-06 5.968713 0.131071 0.717324 0 2 4516 ++
rs199632481 C T 0.017916 0.1777 0.036407 0.106342 0.249058 4.880912 1.07e-06 5.968713 0.131071 0.717324 0 2 4516 ++
rs201886844 C A 0.017916 0.1777 0.036407 0.106342 0.249058 4.880912 1.07e-06 5.968713 0.131071 0.717324 0 2 4516 ++
rs150161296 G T 0.017916 0.1777 0.036407 0.106342 0.249058 4.880912 1.07e-06 5.968713 0.131071 0.717324 0 2 4516 ++
rs77336848 G A 0.017916 0.1777 0.036407 0.106342 0.249058 4.880912 1.07e-06 5.968713 0.131071 0.717324 0 2 4516 ++
rs3734266 C T 0.127797 0.086573 0.017977 0.051339 0.121807 4.815857 1.49e-06 5.826576 0.006442 0.936027 0 2 2324 ++
rs7680118 C T 0.217242 0.052398 0.010981 0.030876 0.073921 4.771712 1.86e-06 5.731132 0.439252 0.507483 0 2 4869 ++
rs6843995 A T 0.217242 0.052398 0.010981 0.030876 0.073921 4.771712 1.86e-06 5.731132 0.439252 0.507483 0 2 4869 ++
rs1395327 T C 0.217242 0.052368 0.010981 0.030846 0.073891 4.768978 1.88e-06 5.725249 0.438112 0.508035 0 2 4869 ++
rs1395325 A G 0.217146 0.052368 0.010981 0.030846 0.073891 4.768978 1.88e-06 5.725249 0.438112 0.508035 0 2 4869 ++
rs75724682 A G 0.018248 0.169511 0.035733 0.099475 0.239548 4.743851 2.13e-06 5.671316 0.159 0.690079 0 2 4516 ++
rs190871370 G C 0.017808 0.173202 0.036541 0.101581 0.244822 4.73991 2.17e-06 5.662881 0.160484 0.688711 0 2 4516 ++
rs16929104 T C 0.02017 0.163502 0.034563 0.095758 0.231245 4.730514 2.28e-06 5.642798 0.407238 0.523375 0 2 4461 ++
rs80294720 G A 0.033384 -0.118801 0.025318 -0.168425 -0.069178 -4.692377 2.74e-06 5.561658 0.149464 0.699048 0 2 4869 --
rs56071429 C A 0.0577 0.089231 0.019098 0.051798 0.126663 4.672163 3.03e-06 5.518896 0.861653 0.353277 0 2 4924 ++
rs11643281 C T 0.069026 -0.08019 0.01731 -0.114117 -0.046264 -4.632727 3.66e-06 5.435967 1.081698 0.298318 0.075528 2 4924 --
rs75699408 T C 0.064297 -0.082423 0.017829 -0.117367 -0.047479 -4.623035 3.84e-06 5.415684 0.341315 0.559071 0 2 4924 --
rs77886826 A C 0.050926 -0.092606 0.020043 -0.131889 -0.053322 -4.620442 3.89e-06 5.410263 0.004772 0.944928 0 2 4924 --
rs117850958 T C 0.033194 -0.117279 0.025386 -0.167036 -0.067523 -4.619857 3.9e-06 5.409041 0.15602 0.692848 0 2 4869 --
rs61453092 C T 0.072265 -0.077737 0.016827 -0.110718 -0.044756 -4.619753 3.9e-06 5.408825 0.044465 0.832991 0 2 4924 --
rs113616650 T G 0.017994 0.170866 0.037021 0.098304 0.243427 4.615346 3.98e-06 5.39962 0.010402 0.918765 0 2 4461 ++
rs72761083 C T 0.033263 -0.110477 0.024028 -0.157572 -0.063383 -4.597928 4.33e-06 5.363326 0.366551 0.54489 0 2 4924 --
rs12958244 A C 0.15539 -0.056327 0.012341 -0.080514 -0.032139 -4.564375 5.08e-06 5.293765 0.405971 0.524022 0 2 4924 --
rs34808837 A G 0.203079 -0.054872 0.012066 -0.078522 -0.031223 -4.547643 5.5e-06 5.259252 0.894202 0.344341 0 2 4461 --
rs4380008 A G 0.01983 0.144092 0.031684 0.081992 0.206192 4.547836 5.5e-06 5.259649 2.659732 0.102918 0.624022 2 4922 ++
rs80043180 C A 0.019821 0.14404 0.031679 0.081949 0.206131 4.546866 5.53e-06 5.257651 2.662482 0.10274 0.624411 2 4924 ++
rs34049053 A G 0.155486 -0.056066 0.01235 -0.080272 -0.031859 -4.539667 5.72e-06 5.242842 0.410335 0.521799 0 2 4924 --
rs115002747 A T 0.019038 0.159479 0.035284 0.090323 0.228635 4.519901 6.28e-06 5.202286 0.693718 0.404903 0 2 4516 ++
rs75864375 T A 0.144938 0.056872 0.0126 0.032175 0.081568 4.513555 6.47e-06 5.189301 0.070103 0.791188 0 2 4924 ++
rs77199975 C T 0.019908 0.14284 0.031663 0.080781 0.204899 4.511298 6.54e-06 5.184686 2.438545 0.118386 0.589919 2 4924 ++
rs4876816 T C 0.2527 -0.046054 0.010252 -0.066147 -0.025961 -4.492374 7.14e-06 5.14608 0.072392 0.787886 0 2 4924 --
rs12541679 A G 0.252436 -0.04608 0.010259 -0.066188 -0.025973 -4.491774 7.16e-06 5.144857 0.069133 0.792603 0 2 4922 --
rs2004312 A G 0.148447 -0.056404 0.012559 -0.081019 -0.031789 -4.491264 7.18e-06 5.143821 0.100769 0.750909 0 2 4924 --
rs17745440 T C 0.254913 -0.046221 0.010302 -0.066413 -0.02603 -4.486642 7.34e-06 5.134415 4.410579 0.035717 0.773272 2 4869 --
rs67099044 A C 0.150953 -0.05611 0.012518 -0.080645 -0.031574 -4.482314 7.49e-06 5.125616 1.920169 0.165838 0.479213 2 4924 --
rs183870449 A G 0.106681 0.046323 0.0104 0.025939 0.066708 4.45397 8.55e-06 5.068191 0.339809 0.559939 0 2 4845 ++
rs66671992 A G 0.026063 -0.126295 0.028385 -0.181929 -0.070661 -4.449421 8.73e-06 5.059006 0.005215 0.942429 0 2 4922 --
rs10898015 T G 0.145628 -0.057346 0.012895 -0.082619 -0.032072 -4.447184 8.82e-06 5.054493 0.001627 0.967829 0 2 4869 --
rs12456833 T C 0.150762 -0.055771 0.012546 -0.080362 -0.031181 -4.44527 8.9e-06 5.050632 1.930377 0.164717 0.481967 2 4924 --
rs60994420 T G 0.087336 0.070816 0.015955 0.039546 0.102087 4.438647 9.18e-06 5.037284 0.20997 0.646791 0 2 4924 ++
rs1154492 A C 0.044117 0.071048 0.016027 0.039634 0.102462 4.432907 9.42e-06 5.025732 3.145572 0.076133 0.682093 2 4794 ++
rs11136575 T C 0.245753 -0.045593 0.010287 -0.065756 -0.02543 -4.432021 9.46e-06 5.023951 0.33698 0.561578 0 2 4924 --
rs6983935 T C 0.275519 -0.044447 0.01003 -0.064105 -0.024789 -4.431548 9.48e-06 5.023 0.000132 0.990829 0 2 4924 --
