rs_number reference_allele other_allele eaf beta se beta_95L beta_95U z p-value -log10_p-value q_statistic q_p-value i2 n_studies n_samples effects
rs6674153 C G 0.076204 0.066867 0.013892 0.039638 0.094096 4.813266 1.51e-06 5.82095 0.522657 0.913886 0 4 7336 ++++
rs10924496 G C 0.077363 0.066108 0.013768 0.039123 0.093093 4.801662 1.6e-06 5.795796 0.584565 0.899957 0 4 7336 ++++
rs12069507 C T 0.077363 0.066108 0.013768 0.039123 0.093093 4.801662 1.6e-06 5.795796 0.584565 0.899957 0 4 7336 ++++
rs12069551 C T 0.077363 0.066108 0.013768 0.039123 0.093093 4.801662 1.6e-06 5.795796 0.584565 0.899957 0 4 7336 ++++
rs12069587 C T 0.077363 0.066108 0.013768 0.039123 0.093093 4.801662 1.6e-06 5.795796 0.584565 0.899957 0 4 7336 ++++
rs34264700 A G 0.076426 0.066302 0.013841 0.039175 0.09343 4.790418 1.69e-06 5.771477 0.593706 0.897872 0 4 7336 ++++
rs1155226 C T 0.085902 -0.082961 0.017332 -0.116931 -0.048991 -4.786727 1.72e-06 5.763505 0.712604 0.700261 0 3 3370 --?-
rs7549378 T C 0.069743 0.069063 0.014433 0.040775 0.097351 4.785171 1.74e-06 5.760145 0.639316 0.887376 0 4 7333 ++++
rs10924494 A G 0.077299 0.065757 0.013783 0.038743 0.092772 4.770859 1.87e-06 5.729297 0.574417 0.902263 0 4 7336 ++++
rs56146709 A G 0.07025 0.06861 0.014382 0.040421 0.096799 4.770517 1.87e-06 5.728559 0.375199 0.945317 0 4 7336 ++++
rs13254216 C T 0.058019 -0.074539 0.015636 -0.105186 -0.043891 -4.766992 1.9e-06 5.720977 3.138078 0.370822 0.044001 4 7336 ----
rs117704274 G A 0.019378 0.125694 0.026376 0.073997 0.177391 4.765445 1.92e-06 5.71765 1.162855 0.761926 0 4 7336 ++++
rs34793141 G T 0.077299 0.065356 0.013773 0.038361 0.092351 4.745288 2.12e-06 5.674394 0.564981 0.9044 0 4 7336 ++++
rs34626667 G T 0.077299 0.065356 0.013773 0.038361 0.092351 4.745288 2.12e-06 5.674394 0.564981 0.9044 0 4 7336 ++++
rs11778371 T C 0.05883 0.074228 0.015699 0.043458 0.104998 4.728228 2.3e-06 5.637917 6.452731 0.091545 0.535081 4 7333 ++++
rs7540406 A G 0.069599 0.068278 0.014443 0.03997 0.096587 4.727449 2.31e-06 5.636253 0.403074 0.939607 0 4 7336 ++++
rs12078763 G C 0.070476 0.067867 0.014363 0.039715 0.096019 4.725028 2.34e-06 5.631088 0.4171 0.936688 0 4 7336 ++++
rs12078766 A C 0.070476 0.067867 0.014363 0.039715 0.096019 4.725028 2.34e-06 5.631088 0.4171 0.936688 0 4 7336 ++++
rs34467796 G T 0.070166 0.067883 0.014381 0.039696 0.09607 4.720276 2.39e-06 5.620954 0.424298 0.935179 0 4 7336 ++++
rs2066026 A G 0.070166 0.067883 0.014381 0.039696 0.09607 4.720276 2.39e-06 5.620954 0.424298 0.935179 0 4 7336 ++++
rs34338862 T G 0.076779 0.065396 0.013858 0.038234 0.092558 4.718983 2.41e-06 5.6182 0.580167 0.900957 0 4 7336 ++++
rs35102195 T C 0.034367 -0.095947 0.020353 -0.135838 -0.056056 -4.714207 2.47e-06 5.608029 3.758093 0.288798 0.201723 4 7336 -+--
rs11118982 A G 0.447542 0.034781 0.007381 0.020314 0.049248 4.712217 2.49e-06 5.603793 2.704247 0.439506 0 4 7334 ++++
rs71638315 T C 0.069668 0.068022 0.014436 0.039727 0.096316 4.711943 2.49e-06 5.603209 0.412142 0.937723 0 4 7336 ++++
rs151055325 C T 0.022168 0.11773 0.025017 0.068695 0.166764 4.705892 2.57e-06 5.590341 0.223553 0.9737 0 4 7336 ++++
rs10924498 G A 0.070098 0.067647 0.014388 0.039446 0.095848 4.70152 2.62e-06 5.581054 0.427982 0.934403 0 4 7336 ++++
rs7535626 C A 0.076413 0.065118 0.013881 0.03791 0.092325 4.691005 2.76e-06 5.55875 0.538533 0.910348 0 4 7334 ++++
rs12738587 C T 0.448445 0.034633 0.007386 0.020156 0.049109 4.689054 2.79e-06 5.554616 2.713542 0.437931 0 4 7336 ++++
rs12092055 C T 0.076525 0.064942 0.013879 0.037739 0.092145 4.679089 2.93e-06 5.533529 0.572789 0.902632 0 4 7336 ++++
rs75565404 G C 0.069714 0.06734 0.014422 0.039073 0.095607 4.669296 3.07e-06 5.512845 0.422282 0.935602 0 4 7336 ++++
rs12087830 C T 0.076526 0.064823 0.013887 0.037604 0.092041 4.667851 3.09e-06 5.509797 0.565065 0.904381 0 4 7336 ++++
rs12092543 C A 0.076526 0.064823 0.013887 0.037604 0.092041 4.667851 3.09e-06 5.509797 0.565065 0.904381 0 4 7336 ++++
rs12082560 A G 0.076526 0.064823 0.013887 0.037604 0.092041 4.667851 3.09e-06 5.509797 0.565065 0.904381 0 4 7336 ++++
rs12092637 G A 0.076526 0.064823 0.013887 0.037604 0.092041 4.667851 3.09e-06 5.509797 0.565065 0.904381 0 4 7336 ++++
rs35617001 G T 0.076526 0.064823 0.013887 0.037604 0.092041 4.667851 3.09e-06 5.509797 0.565065 0.904381 0 4 7336 ++++
rs12065061 T C 0.076526 0.064823 0.013887 0.037604 0.092041 4.667851 3.09e-06 5.509797 0.565065 0.904381 0 4 7336 ++++
rs12092007 C T 0.076526 0.064823 0.013887 0.037604 0.092041 4.667851 3.09e-06 5.509797 0.565065 0.904381 0 4 7336 ++++
rs7513243 G A 0.076526 0.064823 0.013887 0.037604 0.092041 4.667851 3.09e-06 5.509797 0.565065 0.904381 0 4 7336 ++++
rs10924489 C T 0.069842 0.067228 0.01441 0.038984 0.095473 4.665282 3.13e-06 5.50438 0.432422 0.933466 0 4 7336 ++++
rs12060886 A G 0.069842 0.067228 0.01441 0.038984 0.095473 4.665282 3.13e-06 5.50438 0.432422 0.933466 0 4 7336 ++++
rs10924495 G A 0.069783 0.067228 0.01441 0.038984 0.095473 4.665282 3.13e-06 5.50438 0.432422 0.933466 0 4 7336 ++++
rs12094685 T A 0.076392 0.064729 0.013876 0.037531 0.091927 4.664708 3.14e-06 5.503171 0.564924 0.904413 0 4 7336 ++++
rs7553693 T C 0.076549 0.064786 0.013888 0.037565 0.092007 4.664839 3.14e-06 5.503445 0.56567 0.904245 0 4 7334 ++++
rs12096848 T A 0.07646 0.064778 0.013892 0.037549 0.092007 4.662871 3.17e-06 5.499298 0.568635 0.903574 0 4 7336 ++++
rs36004866 T C 0.076529 0.064572 0.013866 0.037395 0.09175 4.656917 3.26e-06 5.486759 0.572561 0.902684 0 4 7336 ++++
rs34489362 C T 0.076529 0.064572 0.013866 0.037395 0.09175 4.656917 3.26e-06 5.486759 0.572561 0.902684 0 4 7336 ++++
rs6673742 T C 0.076529 0.064572 0.013866 0.037395 0.09175 4.656917 3.26e-06 5.486759 0.572561 0.902684 0 4 7336 ++++
rs7535917 A T 0.076529 0.064572 0.013866 0.037395 0.09175 4.656917 3.26e-06 5.486759 0.572561 0.902684 0 4 7336 ++++
rs12091007 C T 0.076529 0.064572 0.013866 0.037395 0.09175 4.656917 3.26e-06 5.486759 0.572561 0.902684 0 4 7336 ++++
rs7541394 G T 0.076529 0.064572 0.013866 0.037395 0.09175 4.656917 3.26e-06 5.486759 0.572561 0.902684 0 4 7336 ++++
rs7541479 C T 0.076529 0.064572 0.013866 0.037395 0.09175 4.656917 3.26e-06 5.486759 0.572561 0.902684 0 4 7336 ++++
rs7541560 G T 0.076729 0.064482 0.01385 0.037335 0.091628 4.655643 3.28e-06 5.484078 0.667685 0.880777 0 4 7336 ++++
rs6689428 G A 0.076283 0.06461 0.013884 0.037397 0.091823 4.653493 3.31e-06 5.479555 0.590099 0.898695 0 4 7335 ++++
rs73383513 C T 0.023131 0.114223 0.02456 0.066086 0.162361 4.650786 3.36e-06 5.473862 0.19447 0.978477 0 4 7336 ++++
rs74381227 C G 0.068575 0.067783 0.014576 0.039213 0.096352 4.650243 3.37e-06 5.472721 0.523998 0.913588 0 4 7336 ++++
rs12742623 A G 0.069842 0.066997 0.01441 0.038753 0.095241 4.649218 3.38e-06 5.470567 0.440833 0.931684 0 4 7336 ++++
rs34539883 G C 0.06864 0.067728 0.014571 0.039168 0.096287 4.648087 3.4e-06 5.46819 0.526107 0.91312 0 4 7336 ++++
rs34702735 A G 0.06864 0.067615 0.014549 0.039099 0.096132 4.647351 3.41e-06 5.466643 0.445448 0.930702 0 4 7336 ++++
rs880991 A G 0.056 0.074667 0.016075 0.04316 0.106175 4.644819 3.46e-06 5.461326 7.804394 0.050232 0.615601 4 7336 ++++
rs7528464 T C 0.076655 0.064357 0.013865 0.037182 0.091532 4.641769 3.51e-06 5.454923 0.532257 0.91175 0 4 7335 ++++
rs10924485 C T 0.069902 0.066854 0.014405 0.03862 0.095089 4.640948 3.52e-06 5.4532 0.446343 0.930511 0 4 7336 ++++
rs10159299 C T 0.448529 0.034267 0.007386 0.019791 0.048744 4.639392 3.55e-06 5.449937 3.211559 0.360143 0.065874 4 7336 ++++
rs12075850 C A 0.069938 0.066836 0.014412 0.038588 0.095084 4.637409 3.58e-06 5.445777 0.44594 0.930597 0 4 7332 ++++
rs142516606 A G 0.022237 0.115757 0.024981 0.066794 0.164721 4.633729 3.65e-06 5.438066 0.25564 0.968143 0 4 7336 ++++
rs12092502 G A 0.076341 0.064379 0.013902 0.037131 0.091627 4.63095 3.7e-06 5.432244 0.584085 0.900066 0 4 7336 ++++
rs6686676 C A 0.07646 0.064137 0.013871 0.03695 0.091325 4.623788 3.83e-06 5.417258 0.597341 0.897041 0 4 7336 ++++
rs6681900 T C 0.07646 0.064137 0.013871 0.03695 0.091325 4.623788 3.83e-06 5.417258 0.597341 0.897041 0 4 7336 ++++
rs140768603 T A 0.042221 -0.08326 0.018012 -0.118563 -0.047956 -4.622467 3.85e-06 5.414496 11.26764 0.010363 0.733751 4 7336 -+--
rs12090318 T A 0.076322 0.064149 0.013884 0.036936 0.091362 4.620342 3.89e-06 5.410054 0.614071 0.893204 0 4 7336 ++++
rs145159780 A G 0.014843 0.141114 0.030546 0.081243 0.200985 4.619644 3.9e-06 5.408597 0.990352 0.609464 0 3 7065 +?++
rs946150 T A 0.076595 0.063944 0.013861 0.036777 0.091111 4.613332 4.02e-06 5.395418 0.60938 0.894282 0 4 7336 ++++
rs946149 A G 0.076595 0.063944 0.013861 0.036777 0.091111 4.613332 4.02e-06 5.395418 0.60938 0.894282 0 4 7336 ++++
rs7545261 G T 0.076595 0.063944 0.013861 0.036777 0.091111 4.613332 4.02e-06 5.395418 0.60938 0.894282 0 4 7336 ++++
rs1890333 G T 0.076595 0.063944 0.013861 0.036777 0.091111 4.613332 4.02e-06 5.395418 0.60938 0.894282 0 4 7336 ++++
rs6426273 T C 0.076595 0.063944 0.013861 0.036777 0.091111 4.613332 4.02e-06 5.395418 0.60938 0.894282 0 4 7336 ++++
rs6426274 T C 0.076595 0.063944 0.013861 0.036777 0.091111 4.613332 4.02e-06 5.395418 0.60938 0.894282 0 4 7336 ++++
rs185207 G A 0.142106 -0.064872 0.014065 -0.092439 -0.037304 -4.612286 4.04e-06 5.393236 0.171918 0.917632 0 3 3370 --?-
rs6681796 A C 0.076222 0.063759 0.013882 0.036551 0.090967 4.593087 4.43e-06 5.35326 0.586665 0.899478 0 4 7336 ++++
rs6681797 A C 0.076222 0.063759 0.013882 0.036551 0.090967 4.593087 4.43e-06 5.35326 0.586665 0.899478 0 4 7336 ++++
chr1:246134805:C:G G C 0.064422 0.069021 0.015034 0.039554 0.098487 4.590993 4.48e-06 5.34891 1.067422 0.784944 0 4 7336 ++++
rs28461583 T C 0.068708 0.066745 0.014541 0.038243 0.095246 4.589967 4.5e-06 5.346778 0.469929 0.925446 0 4 7336 ++++
rs34354280 G A 0.068708 0.066745 0.014541 0.038243 0.095246 4.589967 4.5e-06 5.346778 0.469929 0.925446 0 4 7336 ++++
rs12063895 T C 0.068717 0.066712 0.014543 0.038208 0.095215 4.587348 4.56e-06 5.341341 0.468622 0.925729 0 4 7335 ++++
rs12080174 T G 0.076585 0.063689 0.013887 0.03647 0.090908 4.586205 4.58e-06 5.338968 0.706295 0.871722 0 4 7336 ++++
rs148894398 A G 0.04437 -0.080901 0.017645 -0.115484 -0.046317 -4.585008 4.61e-06 5.336485 2.958923 0.398002 0 4 7336 ----
rs2436379 G A 0.133964 -0.065711 0.014364 -0.093865 -0.037556 -4.574532 4.84e-06 5.314773 0.699123 0.704997 0 3 3370 --?-
rs1550000 C T 0.168688 -0.045257 0.009896 -0.064653 -0.025862 -4.573477 4.87e-06 5.312589 2.491066 0.476908 0 4 7331 ----
rs12731586 C A 0.068886 0.066546 0.014558 0.038011 0.09508 4.570952 4.93e-06 5.307362 0.31756 0.956693 0 4 7336 ++++
rs75257923 C T 0.044687 -0.080512 0.017616 -0.115039 -0.045985 -4.570441 4.94e-06 5.306306 2.205835 0.5308 0 4 7336 ----
rs80138348 A G 0.033803 0.095055 0.020835 0.054217 0.135892 4.562181 5.14e-06 5.289232 3.657756 0.300871 0.179825 4 7336 ++++
rs2362250 C T 0.069775 0.066059 0.01449 0.037658 0.09446 4.558884 5.22e-06 5.282426 0.608613 0.894458 0 4 7336 ++++
rs34294155 A G 0.069579 0.066067 0.014507 0.037633 0.094502 4.554046 5.34e-06 5.272445 0.667981 0.880708 0 4 7336 ++++
rs35847416 C T 0.069579 0.066067 0.014507 0.037633 0.094502 4.554046 5.34e-06 5.272445 0.667981 0.880708 0 4 7336 ++++
rs6699465 G A 0.069579 0.066067 0.014507 0.037633 0.094502 4.554046 5.34e-06 5.272445 0.667981 0.880708 0 4 7336 ++++
rs11708019 G A 0.331884 0.035777 0.007862 0.020368 0.051187 4.550627 5.43e-06 5.265399 0.159844 0.983796 0 4 7336 ++++
rs6672297 G T 0.06882 0.066232 0.014564 0.037687 0.094777 4.547699 5.5e-06 5.259368 0.335034 0.95331 0 4 7336 ++++
rs6795397 A G 0.329931 0.035779 0.007869 0.020355 0.051203 4.546553 5.53e-06 5.257009 0.156167 0.984334 0 4 7336 ++++
rs6784192 T A 0.329931 0.035779 0.007869 0.020355 0.051203 4.546553 5.53e-06 5.257009 0.156167 0.984334 0 4 7336 ++++
rs111795916 G C 0.062295 0.069091 0.015198 0.039304 0.098878 4.546155 5.54e-06 5.256188 0.924785 0.819443 0 4 7336 ++++
rs115114903 C T 0.044439 -0.080019 0.017628 -0.11457 -0.045469 -4.539391 5.72e-06 5.242274 3.079915 0.379467 0.025947 4 7336 ----
rs139419908 G A 0.022557 0.112755 0.02485 0.064048 0.161461 4.53733 5.78e-06 5.238037 0.080184 0.994104 0 4 7336 ++++
rs61496202 G C 0.022879 0.111706 0.024667 0.063358 0.160054 4.5285 6.03e-06 5.21991 0.213451 0.975389 0 4 7336 ++++
rs7538217 C T 0.077285 0.062584 0.013825 0.035487 0.089682 4.526772 6.08e-06 5.216365 0.779501 0.854364 0 4 7316 ++++
rs62234889 A T 0.331007 0.035592 0.007865 0.020176 0.051008 4.525226 6.12e-06 5.213197 0.15845 0.984 0 4 7336 ++++
rs6681902 T C 0.077725 0.062134 0.01374 0.035204 0.089063 4.522213 6.21e-06 5.207022 0.653421 0.884101 0 4 7336 ++++
rs111550232 T C 0.069276 0.065662 0.014523 0.037197 0.094126 4.52133 6.23e-06 5.205213 0.684083 0.876941 0 4 7336 ++++
rs13277394 T G 0.045042 -0.079452 0.017576 -0.113901 -0.045003 -4.520472 6.26e-06 5.203456 2.609725 0.455787 0 4 7336 ----
rs147456750 T C 0.044704 -0.079383 0.017578 -0.113835 -0.04493 -4.516063 6.39e-06 5.194432 2.578701 0.461236 0 4 7336 ----
rs75687318 A C 0.068876 0.06578 0.014592 0.03718 0.094379 4.508013 6.64e-06 5.177973 0.263655 0.966712 0 4 7336 ++++
rs11715681 G A 0.332388 0.035412 0.007868 0.019991 0.050833 4.500909 6.86e-06 5.163473 0.298174 0.960372 0 4 7335 ++++
rs10510352 T C 0.331217 0.035356 0.007867 0.019938 0.050775 4.494467 7.07e-06 5.150342 0.223117 0.973774 0 4 7336 ++++
rs13065001 T A 0.297942 0.036315 0.00808 0.020479 0.052151 4.494684 7.07e-06 5.150785 0.093559 0.992599 0 4 7336 ++++
rs13082095 G T 0.333102 0.03533 0.007864 0.019916 0.050743 4.492585 7.14e-06 5.146509 0.373572 0.945646 0 4 7336 ++++
rs36057220 C T 0.333102 0.03533 0.007864 0.019916 0.050743 4.492585 7.14e-06 5.146509 0.373572 0.945646 0 4 7336 ++++
rs71560877 A C 0.054192 -0.072347 0.016108 -0.103917 -0.040776 -4.491487 7.17e-06 5.144273 3.175277 0.365382 0.055201 4 7336 -+--
rs78443159 T G 0.044577 -0.079121 0.017618 -0.113653 -0.04459 -4.490873 7.19e-06 5.143024 2.144221 0.543018 0 4 7336 ----
rs75532661 C A 0.044821 -0.078864 0.01759 -0.11334 -0.044389 -4.483587 7.44e-06 5.128204 2.375295 0.49825 0 4 7336 ----
rs78560637 A C 0.02205 0.112475 0.025096 0.063287 0.161664 4.481771 7.51e-06 5.124513 0.269572 0.965646 0 4 7336 ++++
rs12059622 T C 0.068777 0.065085 0.014523 0.03662 0.09355 4.481512 7.52e-06 5.123988 0.456274 0.928387 0 4 7335 ++++
rs13076757 C T 0.333156 0.03523 0.007861 0.019822 0.050639 4.481485 7.52e-06 5.123934 0.374501 0.945458 0 4 7336 ++++
rs13082571 C T 0.333156 0.03523 0.007861 0.019822 0.050639 4.481485 7.52e-06 5.123934 0.374501 0.945458 0 4 7336 ++++
rs73139826 A C 0.067881 0.065397 0.014625 0.036732 0.094062 4.471543 7.87e-06 5.103755 0.603836 0.895554 0 4 7336 ++++
rs73132359 C T 0.062598 0.067915 0.015198 0.038126 0.097704 4.468578 7.98e-06 5.097746 1.171125 0.759938 0 4 7336 ++++
rs73390797 G A 0.022816 0.110374 0.024708 0.061946 0.158802 4.467141 8.04e-06 5.094834 0.301891 0.959672 0 4 7334 ++++
rs12715601 A G 0.332423 0.03498 0.007845 0.019604 0.050357 4.458903 8.35e-06 5.078162 0.30052 0.959931 0 4 7336 ++++
rs148764184 C T 0.017916 -0.139942 0.031411 -0.201508 -0.078376 -4.455155 8.5e-06 5.070584 0.743534 0.689515 0 3 6256 ---?
rs71548685 G A 0.054123 -0.071696 0.016116 -0.103284 -0.040108 -4.448637 8.76e-06 5.057423 3.288416 0.349258 0.087707 4 7336 -+--
rs34516139 C T 0.068456 0.064713 0.014548 0.036199 0.093228 4.44819 8.78e-06 5.056521 0.715684 0.869509 0 4 7336 ++++
rs67685647 T C 0.068456 0.064713 0.014548 0.036199 0.093228 4.44819 8.78e-06 5.056521 0.715684 0.869509 0 4 7336 ++++
rs71638311 T C 0.068456 0.064713 0.014548 0.036199 0.093228 4.44819 8.78e-06 5.056521 0.715684 0.869509 0 4 7336 ++++
rs12751188 C T 0.068329 0.064753 0.014562 0.036212 0.093294 4.446737 8.84e-06 5.05359 0.783702 0.853361 0 4 7335 ++++
rs80247159 T G 0.061978 0.067795 0.015253 0.037899 0.097691 4.444676 8.92e-06 5.049433 1.559385 0.668634 0 4 7334 ++++
rs9410000 T C 0.414913 0.037678 0.008486 0.021045 0.054312 4.439906 9.12e-06 5.039821 0.027889 0.986152 0 3 6255 +++?
rs9633293 A G 0.483667 0.033333 0.007514 0.018606 0.04806 4.43631 9.28e-06 5.03258 2.010131 0.366021 0.00504 3 7065 +?++
rs11210147 T A 0.483667 0.033333 0.007514 0.018606 0.04806 4.43631 9.28e-06 5.03258 2.010131 0.366021 0.00504 3 7065 +?++
rs7523688 G A 0.483667 0.033333 0.007514 0.018606 0.04806 4.43631 9.28e-06 5.03258 2.010131 0.366021 0.00504 3 7065 +?++
rs7523754 T A 0.483667 0.033333 0.007514 0.018606 0.04806 4.43631 9.28e-06 5.03258 2.010131 0.366021 0.00504 3 7065 +?++
rs13097942 A G 0.334771 0.034777 0.007844 0.019402 0.050152 4.433306 9.41e-06 5.026536 0.60665 0.894908 0 4 7336 ++++
rs139467484 T G 0.017852 -0.140269 0.031653 -0.202309 -0.078229 -4.431456 9.49e-06 5.022815 0.505669 0.776596 0 3 6256 ---?
rs571578 A T 0.077113 0.061455 0.013882 0.034246 0.088664 4.426938 9.69e-06 5.013735 0.437554 0.93238 0 4 7336 ++++
rs111960002 C T 0.032739 0.103313 0.023347 0.057553 0.149073 4.425137 9.77e-06 5.010117 6.034587 0.048933 0.668577 3 6256 +-+?
rs34527699 G T 0.067209 0.064899 0.014669 0.036147 0.093651 4.424147 9.81e-06 5.008129 0.791608 0.851473 0 4 7336 ++++
rs35547829 T C 0.067209 0.064899 0.014669 0.036147 0.093651 4.424147 9.81e-06 5.008129 0.791608 0.851473 0 4 7336 ++++
rs78149910 A G 0.062038 0.067438 0.015245 0.037557 0.097319 4.423484 9.84e-06 5.006798 1.133179 0.769071 0 4 7336 ++++
