rs_number reference_allele other_allele eaf beta se beta_95L beta_95U z p-value -log10_p-value q_statistic q_p-value i2 n_studies n_samples effects
rs112019714 C T 0.066828 -0.033264 0.004988 -0.043041 -0.023488 -6.669044 2.67e-11 10.574 2.742533 0.253785 0.270747 3 1623 ---
rs112849259 T C 0.053577 -0.033815 0.005423 -0.044444 -0.023186 -6.23565 4.64e-10 9.33352 1.233577 0.539675 0 3 1621 ---
rs77301115 A G 0.053849 -0.033397 0.005411 -0.044001 -0.022792 -6.172326 6.94e-10 9.158952 1.176995 0.555161 0 3 1622 ---
rs75687619 T G 0.052886 -0.033052 0.00547 -0.043773 -0.022331 -6.042588 1.56e-09 8.806609 1.612727 0.446479 0 3 1623 ---
rs116881820 C T 0.053176 -0.032353 0.005413 -0.042962 -0.021744 -5.977169 2.34e-09 8.631652 0.768182 0.68107 0 3 1623 ---
rs114536010 T C 0.052178 -0.032389 0.005507 -0.043183 -0.021596 -5.881609 4.18e-09 8.379341 1.371104 0.503812 0 3 1618 ---
rs115881343 T C 0.053179 -0.032017 0.005479 -0.042755 -0.021279 -5.844155 5.23e-09 8.281504 0.53905 0.763742 0 3 1612 ---
rs79398853 T C 0.052749 -0.031941 0.005473 -0.042668 -0.021213 -5.83572 5.5e-09 8.259552 1.199941 0.548828 0 3 1623 ---
rs1081105 C A 0.058726 -0.029675 0.005127 -0.039725 -0.019625 -5.787517 7.33e-09 8.134681 1.136565 0.566498 0 3 1623 ---
rs140480140 A G 0.059267 -0.029463 0.005094 -0.039448 -0.019478 -5.783428 7.51e-09 8.124136 0.522972 0.769907 0 3 1623 ---
rs188535946 A G 0.057823 -0.029318 0.005125 -0.039364 -0.019272 -5.720173 1.09e-08 7.961873 0.417603 0.811556 0 3 1623 ---
rs150966173 T C 0.055223 -0.029303 0.005166 -0.039429 -0.019178 -5.672201 1.45e-08 7.839944 0.495634 0.780503 0 3 1611 ---
rs7259620 A G 0.427697 0.013291 0.002417 0.008554 0.018027 5.499874 3.89e-08 7.409962 19.304004 6.43e-05 0.896395 3 1623 -++
rs17723204 C T 0.077785 -0.02306 0.004465 -0.031811 -0.014309 -5.165022 2.45e-07 6.61026 1.594598 0.450544 0 3 1623 ---
rs438811 C T 0.499038 0.015973 0.003115 0.009866 0.022079 5.126906 3e-07 6.522223 3.138259 0.076475 0.681352 2 1225 ++?
rs157581 C T 0.4648 -0.016587 0.003276 -0.023007 -0.010167 -5.063799 4.19e-07 6.377803 3.09452 0.078556 0.676848 2 1225 --?
rs72955899 T C 0.077042 -0.022378 0.004484 -0.031167 -0.013589 -4.990661 6.13e-07 6.212521 3.629729 0.16286 0.448995 3 1623 +--
rs73269307 G C 0.241471 -0.018061 0.00362 -0.025157 -0.010966 -4.989203 6.18e-07 6.209248 0.503172 0.47811 0 2 1225 --?
rs283811 G A 0.399516 -0.016351 0.003278 -0.022776 -0.009927 -4.98862 6.2e-07 6.207941 3.138041 0.076486 0.68133 2 1225 --?
rs7068392 G A 0.240515 -0.017966 0.003612 -0.025046 -0.010885 -4.973306 6.7e-07 6.173632 0.4863 0.485583 0 2 1225 --?
rs118170342 C T 0.072068 -0.030296 0.006127 -0.042304 -0.018287 -4.944675 7.77e-07 6.109749 0.201968 0.653137 0 2 1225 --?
rs112312817 T A 0.242332 -0.017856 0.003614 -0.02494 -0.010773 -4.940859 7.92e-07 6.10126 0.467833 0.493986 0 2 1225 --?
rs80135306 T C 0.118113 -0.018195 0.00371 -0.025467 -0.010923 -4.90403 9.56e-07 6.01965 0.258576 0.878721 0 3 1623 ---
rs13012835 T C 0.145533 -0.01701 0.003484 -0.02384 -0.010181 -4.881715 1.07e-06 5.970477 2.367976 0.306056 0.155397 3 1623 ---
rs2119145 T C 0.1485 -0.016757 0.003466 -0.023551 -0.009963 -4.834144 1.36e-06 5.86635 2.088648 0.35193 0.042443 3 1623 ---
rs1913896 C T 0.280943 -0.018141 0.003766 -0.025521 -0.01076 -4.817529 1.48e-06 5.830206 0.528625 0.467186 0 2 451 -?-
rs2062513 C T 0.07632 -0.021751 0.004517 -0.030603 -0.012898 -4.815802 1.49e-06 5.826457 3.827412 0.147533 0.477454 3 1623 +--
rs203665 T C 0.024569 -0.034463 0.007223 -0.04862 -0.020305 -4.771058 1.86e-06 5.729725 2.186647 0.335101 0.085358 3 1623 ---
rs8045602 C A 0.291288 0.012702 0.002676 0.007457 0.017946 4.747188 2.1e-06 5.678463 1.834841 0.399548 0 3 1623 +++
rs3925681 A G 0.260577 0.017317 0.003659 0.010146 0.024489 4.732854 2.25e-06 5.647795 3.862979 0.049363 0.741132 2 1225 -+?
rs4740562 A G 0.150142 -0.015879 0.003356 -0.022456 -0.009302 -4.731966 2.26e-06 5.645899 0.161421 0.922461 0 3 1623 ---
rs4740564 C T 0.132672 -0.016591 0.00352 -0.023491 -0.009691 -4.713043 2.48e-06 5.605551 0.598147 0.741505 0 3 1621 ---
rs9464342 T C 0.016826 -0.057751 0.012352 -0.08196 -0.033542 -4.675554 2.98e-06 5.526057 2.800027 0.094263 0.642861 2 1225 +-?
rs184017 G T 0.446856 -0.015357 0.003295 -0.021814 -0.0089 -4.661342 3.19e-06 5.496076 6.588511 0.010264 0.848221 2 1225 +-?
rs2433755 C T 0.120833 0.016731 0.003617 0.009641 0.023821 4.625286 3.8e-06 5.42039 0.10486 0.948921 0 3 1623 +++
rs74502124 G C 0.505198 -0.014009 0.003039 -0.019965 -0.008053 -4.609967 4.09e-06 5.388398 3.630052 0.056745 0.724522 2 1225 --?
rs72617090 G C 0.064429 -0.03186 0.006919 -0.045421 -0.018298 -4.604664 4.19e-06 5.377348 1.608974 0.204636 0.378486 2 451 -?-
rs736869 A G 0.504762 -0.013815 0.003011 -0.019718 -0.007913 -4.587706 4.55e-06 5.342084 4.111678 0.042588 0.75679 2 1225 --?
rs79041982 C T 0.035312 -0.028266 0.006172 -0.040364 -0.016168 -4.579436 4.73e-06 5.324931 0.275593 0.871276 0 3 1623 ---
rs17512472 G A 0.035312 -0.028266 0.006172 -0.040364 -0.016168 -4.579436 4.73e-06 5.324931 0.275593 0.871276 0 3 1623 ---
rs28733194 T G 0.424711 0.011065 0.002422 0.006318 0.015812 4.568956 4.97e-06 5.303234 1.620104 0.444835 0 3 1623 +++
rs74927662 C A 0.011785 -0.05569 0.012194 -0.07959 -0.031791 -4.567121 5.02e-06 5.29944 1.33833 0.247329 0.2528 2 1570 ?--
rs57723763 C T 0.196496 -0.01418 0.003106 -0.020268 -0.008092 -4.565078 5.07e-06 5.295216 0.848539 0.654247 0 3 1623 ---
rs16930635 C T 0.037864 -0.029479 0.00646 -0.042142 -0.016817 -4.563027 5.12e-06 5.290981 0.648678 0.420586 0 2 1570 ?--
rs736868 C T 0.504954 -0.013734 0.003013 -0.01964 -0.007828 -4.557542 5.25e-06 5.279655 4.171581 0.041107 0.760283 2 1225 --?
rs6726887 G A 0.505313 -0.013778 0.003029 -0.019715 -0.00784 -4.548145 5.49e-06 5.260286 4.191963 0.040616 0.761448 2 1225 --?
rs7463956 A G 0.03807 -0.030187 0.006658 -0.043237 -0.017136 -4.533573 5.88e-06 5.230321 0.744653 0.689129 0 3 1623 ---
rs7463958 C G 0.03807 -0.030187 0.006658 -0.043237 -0.017136 -4.533573 5.88e-06 5.230321 0.744653 0.689129 0 3 1623 ---
rs6727363 G A 0.503806 -0.013679 0.00302 -0.019599 -0.007759 -4.528866 6.02e-06 5.220661 4.216795 0.040026 0.762853 2 1225 --?
rs16838441 C T 0.060183 -0.031676 0.007 -0.045396 -0.017957 -4.525269 6.12e-06 5.213284 0.520738 0.470527 0 2 451 -?-
rs73182754 C A 0.505485 -0.013761 0.003042 -0.019723 -0.007799 -4.524244 6.15e-06 5.211183 3.792948 0.051469 0.736353 2 1225 --?
rs73182756 G A 0.505485 -0.013761 0.003042 -0.019723 -0.007799 -4.524244 6.15e-06 5.211183 3.792948 0.051469 0.736353 2 1225 --?
rs7461764 G A 0.03807 -0.030057 0.006658 -0.043108 -0.017006 -4.514101 6.45e-06 5.190418 0.775632 0.678537 0 3 1623 ---
rs74390383 A C 0.0111 -0.051439 0.011407 -0.073798 -0.029081 -4.509267 6.6e-06 5.180536 3.025404 0.220314 0.338931 3 1623 ---
rs12426057 C A 0.117581 0.01653 0.003666 0.009345 0.023716 4.50914 6.6e-06 5.180276 0.145503 0.929832 0 3 1623 +++
rs2484590 A G 0.117581 0.01653 0.003666 0.009345 0.023716 4.50914 6.6e-06 5.180276 0.145503 0.929832 0 3 1623 +++
rs4696994 T A 0.485795 -0.011044 0.002452 -0.01585 -0.006238 -4.50401 6.76e-06 5.1698 2.351937 0.30852 0.149637 3 1623 ---
rs113263171 C T 0.117436 0.0165 0.003668 0.009311 0.023689 4.498524 6.94e-06 5.158611 0.150564 0.927482 0 3 1623 +++
rs62116430 A G 0.505007 -0.01367 0.00304 -0.019627 -0.007712 -4.497347 6.98e-06 5.15621 3.851806 0.049692 0.740382 2 1225 --?
rs73182757 G A 0.505676 -0.013666 0.003042 -0.019628 -0.007704 -4.49302 7.12e-06 5.147395 3.855641 0.049579 0.74064 2 1225 --?
rs35288665 A C 0.0376 -0.03016 0.006722 -0.043336 -0.016984 -4.486541 7.34e-06 5.134211 0.366214 0.832679 0 3 1623 ---
rs73227945 C T 0.012497 -0.045875 0.010226 -0.065918 -0.025831 -4.485983 7.36e-06 5.133074 0.405687 0.816406 0 3 1623 ---
rs73227946 C A 0.012497 -0.045875 0.010226 -0.065918 -0.025831 -4.485983 7.36e-06 5.133074 0.405687 0.816406 0 3 1623 ---
rs141981579 T C 0.012678 -0.045875 0.010226 -0.065918 -0.025831 -4.485983 7.36e-06 5.133074 0.405687 0.816406 0 3 1623 ---
rs3772786 C A 0.058335 -0.023596 0.00526 -0.033906 -0.013285 -4.485425 7.38e-06 5.131941 3.941132 0.139378 0.492532 3 1623 +--
rs4666371 T G 0.01862 -0.054807 0.012265 -0.078847 -0.030767 -4.468476 7.99e-06 5.097539 0.227477 0.633401 0 2 451 -?-
rs736870 C T 0.506155 -0.013602 0.003045 -0.01957 -0.007633 -4.466782 8.05e-06 5.094108 3.900616 0.048268 0.74363 2 1225 --?
rs13254627 T G 0.038355 -0.029569 0.006643 -0.042589 -0.016548 -4.451046 8.66e-06 5.062286 0.895113 0.639188 0 3 1616 ---
rs17206521 A G 0.093937 -0.017933 0.004038 -0.025848 -0.010018 -4.440863 9.08e-06 5.041749 5.359834 0.068569 0.626854 3 1622 ---
rs62022704 A G 0.043946 -0.025885 0.005833 -0.037318 -0.014452 -4.437451 9.23e-06 5.034877 0.896999 0.638586 0 3 1623 ---
rs59286100 T C 0.25375 -0.012566 0.002838 -0.018129 -0.007003 -4.42763 9.66e-06 5.015124 0.36086 0.834911 0 3 1623 ---
