rs_number reference_allele other_allele eaf beta se beta_95L beta_95U z p-value -log10_p-value q_statistic q_p-value i2 n_studies n_samples effects
rs17140932 C T 0.378695 0.030521 0.005294 0.020145 0.040898 5.76502 8.38e-09 8.076739 1.47815 0.224064 0.323479 2 420 ++?
rs7464749 C T 0.026334 -0.085235 0.015396 -0.115411 -0.055058 -5.536072 3.17e-08 7.499242 2.190611 0.334437 0.087013 3 514 ---
rs13301274 G T 0.429564 -0.026142 0.0051 -0.036138 -0.016147 -5.126159 3.02e-07 6.520503 4.149142 0.041656 0.758986 2 134 -?-
rs7033986 G T 0.429564 -0.026142 0.0051 -0.036138 -0.016147 -5.126159 3.02e-07 6.520503 4.149142 0.041656 0.758986 2 134 -?-
rs1860668 C T 0.429564 -0.026142 0.0051 -0.036138 -0.016147 -5.126159 3.02e-07 6.520503 4.149142 0.041656 0.758986 2 134 -?-
rs1860667 A T 0.429564 -0.026142 0.0051 -0.036138 -0.016147 -5.126159 3.02e-07 6.520503 4.149142 0.041656 0.758986 2 134 -?-
rs10054721 A C 0.059671 -0.038849 0.007664 -0.05387 -0.023828 -5.069315 4.07e-07 6.39036 5.703523 0.057743 0.64934 3 514 ---
rs10044581 G A 0.059671 -0.038849 0.007664 -0.05387 -0.023828 -5.069315 4.07e-07 6.39036 5.703523 0.057743 0.64934 3 514 ---
rs78271408 G A 0.059671 -0.038849 0.007664 -0.05387 -0.023828 -5.069315 4.07e-07 6.39036 5.703523 0.057743 0.64934 3 514 ---
rs7580311 A G 0.341486 0.022452 0.004481 0.013668 0.031236 5.009995 5.55e-07 6.255994 0.911211 0.634064 0 3 514 +++
rs2768988 G T 0.384849 0.021745 0.004358 0.013204 0.030287 4.989957 6.15e-07 6.210942 3.188493 0.203061 0.372745 3 514 +++
rs11044813 C G 0.05383 -0.064522 0.012956 -0.089915 -0.039129 -4.980202 6.47e-07 6.189069 5.058731 0.024502 0.802322 2 420 --?
rs10841329 G A 0.05383 -0.064522 0.012956 -0.089915 -0.039129 -4.980202 6.47e-07 6.189069 5.058731 0.024502 0.802322 2 420 --?
rs11664745 T C 0.225061 -0.026614 0.005405 -0.037209 -0.01602 -4.92359 8.65e-07 6.062921 0.314128 0.854649 0 3 514 ---
rs7708979 A G 0.057336 -0.039194 0.007997 -0.054868 -0.02352 -4.901196 9.7e-07 6.013393 6.000478 0.049775 0.666693 3 514 ---
rs73142809 C A 0.137925 -0.032393 0.006616 -0.04536 -0.019426 -4.896234 9.94e-07 6.002447 0.881762 0.643469 0 3 514 ---
rs10043327 C T 0.058744 -0.038409 0.007914 -0.053921 -0.022897 -4.853242 1.24e-06 5.908041 5.478975 0.064603 0.634968 3 514 ---
rs71454838 T C 0.023313 -0.065378 0.013475 -0.091789 -0.038967 -4.851836 1.24e-06 5.904967 5.137701 0.076624 0.610721 3 514 ---
rs62103143 A C 0.028022 -0.085079 0.017644 -0.119662 -0.050497 -4.821937 1.45e-06 5.839784 2.705821 0.099983 0.630426 2 134 -?-
rs1550921 C T 0.392457 0.026954 0.005599 0.015981 0.037928 4.814292 1.5e-06 5.823177 0.682011 0.408895 0 2 420 ++?
rs9630337 A G 0.018823 -0.099555 0.020762 -0.140249 -0.058862 -4.795056 1.65e-06 5.781501 0.679883 0.409627 0 2 474 ?--
rs12325361 C T 0.456912 0.026056 0.005436 0.015402 0.03671 4.793364 1.67e-06 5.777843 1.234949 0.266447 0.19025 2 419 ++?
rs9726776 G A 0.112889 -0.042029 0.008819 -0.059315 -0.024743 -4.76555 1.91e-06 5.717875 0.00018 0.989304 0 2 420 --?
rs29608 G C 0.486062 0.025514 0.005428 0.014875 0.036154 4.700208 2.64e-06 5.578269 0.384084 0.535426 0 2 420 ++?
rs115542129 G A 0.047899 -0.045392 0.009661 -0.064328 -0.026456 -4.698392 2.66e-06 5.574415 3.456952 0.177555 0.421456 3 514 ---
rs39783 C G 0.484252 0.025502 0.005436 0.014847 0.036157 4.691213 2.76e-06 5.559191 0.386757 0.534009 0 2 420 ++?
rs17765780 T C 0.023025 -0.068099 0.01453 -0.096578 -0.03962 -4.686771 2.82e-06 5.549781 0.449501 0.798715 0 3 514 ---
rs4736867 A T 0.029917 -0.076683 0.016418 -0.108862 -0.044503 -4.670629 3.05e-06 5.515658 0.783854 0.675753 0 3 514 ---
rs78629647 G A 0.049863 -0.046002 0.009863 -0.065334 -0.02667 -4.664043 3.15e-06 5.501769 0.091887 0.955096 0 3 514 ---
rs77629278 G A 0.049863 -0.046002 0.009863 -0.065334 -0.02667 -4.664043 3.15e-06 5.501769 0.091887 0.955096 0 3 514 ---
rs75598577 C A 0.015627 -0.071435 0.015317 -0.101456 -0.041413 -4.663746 3.15e-06 5.501142 5.052188 0.079971 0.604132 3 514 ---
rs78275122 A C 0.015627 -0.071435 0.015317 -0.101456 -0.041413 -4.663746 3.15e-06 5.501142 5.052188 0.079971 0.604132 3 514 ---
rs7785364 G A 0.416024 0.026942 0.005786 0.015603 0.038282 4.656814 3.26e-06 5.486541 0.018919 0.890599 0 2 134 +?+
rs6661937 A C 0.221395 -0.031064 0.006699 -0.044193 -0.017934 -4.637231 3.59e-06 5.445404 0.218096 0.640494 0 2 420 --?
rs2312793 T G 0.17881 -0.025925 0.005597 -0.036896 -0.014955 -4.632034 3.68e-06 5.434514 0.180412 0.67102 0 2 419 --?
rs42386 T C 0.492848 0.025098 0.005426 0.014463 0.035732 4.625653 3.79e-06 5.421159 0.45733 0.498874 0 2 420 ++?
rs10818347 T C 0.429564 -0.025598 0.005535 -0.036447 -0.014748 -4.624353 3.82e-06 5.41844 2.670942 0.102196 0.6256 2 134 -?-
rs17191177 G C 0.098498 -0.040016 0.008655 -0.05698 -0.023052 -4.623291 3.84e-06 5.416218 9.373022 0.002202 0.893311 2 420 --?
rs35172758 C T 0.020458 -0.092364 0.01998 -0.131525 -0.053203 -4.62276 3.84e-06 5.415108 0.384412 0.535251 0 2 474 ?--
rs9934513 C T 0.302211 0.022279 0.00482 0.012833 0.031726 4.622553 3.85e-06 5.414677 0.857586 0.651295 0 3 514 +++
rs17045040 A G 0.282343 0.027272 0.005902 0.015704 0.038839 4.620944 3.88e-06 5.411313 0.836431 0.360419 0 2 420 ++?
rs28667954 A G 0.104379 -0.031284 0.00677 -0.044554 -0.018015 -4.620989 3.88e-06 5.411407 0.012126 0.993955 0 3 514 ---
rs7619357 T G 0.048391 -0.051921 0.011308 -0.074085 -0.029757 -4.591457 4.47e-06 5.349874 11.50867 0.003169 0.826218 3 514 ---
rs12083304 G C 0.228048 -0.03005 0.006546 -0.042879 -0.017221 -4.590938 4.48e-06 5.348796 0.266647 0.60559 0 2 420 --?
rs148799368 A G 0.098947 -0.034958 0.007615 -0.049883 -0.020033 -4.590747 4.48e-06 5.348398 3.006587 0.222396 0.334794 3 514 ---
rs3856814 C T 0.285318 0.023271 0.005072 0.01333 0.033212 4.58831 4.54e-06 5.343337 2.261953 0.322718 0.115809 3 514 +++
rs9395125 T C 0.328373 0.021881 0.004777 0.012517 0.031244 4.5801 4.72e-06 5.326307 0.775291 0.678653 0 3 514 +++
rs12187736 T C 0.400254 0.020289 0.004432 0.011602 0.028976 4.577713 4.77e-06 5.32136 1.259281 0.532783 0 3 514 +++
rs7648720 T C 0.551397 -0.019441 0.004258 -0.027787 -0.011096 -4.565867 5.05e-06 5.296848 13.762279 0.001027 0.854675 3 514 -+-
rs10811870 G T 0.371056 0.020812 0.004559 0.011875 0.029748 4.564686 5.08e-06 5.294407 3.065422 0.215949 0.347561 3 514 +++
rs74508426 T G 0.216024 0.031564 0.006917 0.018007 0.045122 4.563411 5.11e-06 5.291773 2.189508 0.138954 0.543276 2 420 ++?
rs6838149 T G 0.334078 -0.021002 0.004643 -0.030102 -0.011902 -4.523482 6.17e-06 5.209621 1.615289 0.445907 0 3 514 ---
rs111528537 T C 0.131974 -0.030866 0.006826 -0.044245 -0.017487 -4.521948 6.22e-06 5.206479 1.691359 0.429266 0 3 514 ---
rs56269360 T G 0.132492 -0.030866 0.006826 -0.044245 -0.017487 -4.521948 6.22e-06 5.206479 1.691359 0.429266 0 3 514 ---
rs12100890 T C 0.160718 0.034183 0.007571 0.019344 0.049021 4.515176 6.42e-06 5.192616 1.901828 0.167874 0.47419 2 134 +?+
rs111984365 A G 0.216657 0.031045 0.006879 0.017562 0.044528 4.513047 6.48e-06 5.188262 2.012914 0.155965 0.503208 2 420 ++?
rs55888365 A G 0.465429 0.024394 0.005412 0.013786 0.035002 4.507244 6.66e-06 5.176402 0.380972 0.537083 0 2 420 ++?
rs140405466 C G 0.011435 -0.090381 0.020073 -0.129724 -0.051039 -4.502666 6.81e-06 5.167057 2.286967 0.130465 0.56274 2 474 ?--
rs12444962 G A 0.065672 0.041387 0.009192 0.02337 0.059404 4.502341 6.82e-06 5.166395 0.542911 0.762269 0 3 514 +++
rs2030949 T A 0.076687 -0.031879 0.007085 -0.045766 -0.017992 -4.499293 6.92e-06 5.160178 7.585124 0.022538 0.736326 3 514 ---
rs6478430 G A 0.422504 -0.024272 0.005404 -0.034863 -0.01368 -4.491485 7.17e-06 5.14427 2.78956 0.09488 0.641521 2 134 -?-
rs10818357 C T 0.422504 -0.024272 0.005404 -0.034863 -0.01368 -4.491485 7.17e-06 5.14427 2.78956 0.09488 0.641521 2 134 -?-
rs12653355 G T 0.059613 -0.041372 0.009223 -0.059449 -0.023295 -4.485813 7.37e-06 5.13273 2.097036 0.350457 0.046273 3 514 ---
rs117062572 T G 0.180303 -0.026443 0.0059 -0.038007 -0.014879 -4.481955 7.5e-06 5.124888 1.866085 0.393355 0 3 514 ---
rs73142803 A C 0.134932 -0.030214 0.006743 -0.043431 -0.016997 -4.480455 7.55e-06 5.121841 1.580779 0.453668 0 3 514 ---
rs115966555 T C 0.047404 -0.04348 0.00971 -0.062511 -0.024448 -4.477769 7.65e-06 5.116386 2.669688 0.263199 0.250849 3 514 ---
rs1983097 A G 0.102171 0.037565 0.008389 0.021122 0.054008 4.477702 7.65e-06 5.11625 0.221091 0.63821 0 2 420 ++?
rs13051865 C T 0.387967 -0.027238 0.006083 -0.039161 -0.015316 -4.477877 7.65e-06 5.116604 2.223622 0.135914 0.550283 2 420 --?
rs10243883 A G 0.11667 -0.029087 0.0065 -0.041827 -0.016346 -4.474555 7.76e-06 5.109864 1.243116 0.537107 0 3 514 ---
rs341231 T C 0.360001 0.026485 0.005922 0.014878 0.038092 4.472216 7.85e-06 5.105121 0.435441 0.509331 0 2 134 +?+
rs77361735 T C 0.034927 0.047514 0.010626 0.026688 0.06834 4.471602 7.87e-06 5.103875 4.083232 0.129819 0.510192 3 514 +++
rs12041639 A G 0.011864 -0.093939 0.021008 -0.135115 -0.052763 -4.471534 7.88e-06 5.103738 1.004708 0.605104 0 3 514 ---
rs7990912 T C 0.422129 0.026795 0.006 0.015035 0.038555 4.465733 8.09e-06 5.091982 0.390537 0.532017 0 2 420 ++?
rs7617907 T C 0.046883 -0.051045 0.011442 -0.073471 -0.028619 -4.461265 8.26e-06 5.082938 12.135157 0.002317 0.83519 3 514 ---
rs12878589 A G 0.069943 0.051403 0.011527 0.02881 0.073997 4.459224 8.34e-06 5.07881 0.329558 0.56592 0 2 134 +?+
rs1043521 C G 0.090607 0.038664 0.008671 0.021669 0.055659 4.45901 8.35e-06 5.078377 0.02811 0.866849 0 2 134 +?+
rs62411954 A T 0.225735 -0.023452 0.005265 -0.033771 -0.013134 -4.454679 8.52e-06 5.069623 5.611537 0.06046 0.643591 3 514 ---
rs77968069 G A 0.05597 -0.050293 0.011292 -0.072427 -0.02816 -4.453721 8.56e-06 5.067689 4.84252 0.027766 0.793496 2 134 -?-
rs3734357 T A 0.334529 -0.018361 0.004123 -0.026443 -0.010279 -4.452749 8.6e-06 5.065725 14.562209 0.000688 0.862658 3 514 ---
rs7471697 C T 0.030621 -0.050422 0.011339 -0.072647 -0.028196 -4.446577 8.85e-06 5.053267 0.447705 0.503427 0 2 419 --?
rs6980455 C T 0.391135 -0.02009 0.004519 -0.028948 -0.011232 -4.445379 8.9e-06 5.050851 5.53961 0.062674 0.638964 3 514 ---
rs6463413 A G 0.390618 -0.02009 0.004519 -0.028948 -0.011232 -4.445379 8.9e-06 5.050851 5.53961 0.062674 0.638964 3 514 ---
rs34687810 A G 0.168282 -0.028179 0.006341 -0.040607 -0.015752 -4.444249 8.94e-06 5.048572 0.636591 0.727388 0 3 514 ---
rs7688488 C G 0.121931 0.029171 0.006575 0.016283 0.042058 4.436418 9.27e-06 5.032798 3.04526 0.218137 0.343242 3 514 +++
rs4787671 A G 0.53125 0.020529 0.004629 0.011457 0.029602 4.435012 9.33e-06 5.029968 0.266559 0.87522 0 3 513 +++
rs4870820 C T 0.396175 0.019763 0.004457 0.011027 0.0285 4.43404 9.38e-06 5.028012 2.037831 0.360986 0.018565 3 514 +++
rs1380027 G C 0.499335 0.017424 0.003931 0.009719 0.025129 4.432334 9.45e-06 5.024581 0.916923 0.338284 0 2 419 ++?
rs111271317 G C 0.223848 -0.023527 0.005312 -0.033939 -0.013116 -4.429196 9.59e-06 5.018271 5.76051 0.05612 0.652809 3 514 ---
rs241529 C T 0.562458 -0.023792 0.005373 -0.034323 -0.013261 -4.427973 9.64e-06 5.015814 0.830643 0.362087 0 2 134 -?-
rs8010040 A C 0.292242 -0.020919 0.004728 -0.030185 -0.011652 -4.424425 9.8e-06 5.008687 0.283819 0.8677 0 3 514 ---
rs59296408 A G 0.137472 -0.030022 0.006791 -0.043333 -0.016711 -4.420773 9.97e-06 5.001357 1.438306 0.487165 0 3 514 ---
