rs_number reference_allele other_allele eaf beta se beta_95L beta_95U z p-value -log10_p-value q_statistic q_p-value i2 n_studies n_samples effects
rs10119 A G 0.404598 -0.028594 0.002211 -0.032929 -0.02426 -12.930525 3.32e-38 37.478979 1.982218 0.371165 0 3 3606 ---
rs34095326 A G 0.191203 -0.027906 0.002753 -0.033303 -0.02251 -10.135629 4.11e-24 23.385854 0.019135 0.990478 0 3 3606 ---
rs75627662 T C 0.281897 -0.023039 0.002433 -0.027807 -0.018271 -9.470405 2.97e-21 20.527486 5.379416 0.067901 0.628212 3 3605 ---
rs429358 C T 0.274255 -0.048454 0.005661 -0.05955 -0.037359 -8.559279 1.2e-17 16.921213 0.113912 0.735733 0 2 677 -?-
rs1038026 G A 0.375779 0.019246 0.00226 0.014817 0.023675 8.516774 1.73e-17 16.761678 0.580383 0.74812 0 3 3606 +++
rs1038025 C T 0.375354 0.019201 0.002262 0.014767 0.023634 8.488818 2.2e-17 16.657172 0.410533 0.81443 0 3 3606 +++
rs1160985 T C 0.375192 0.019193 0.002262 0.014759 0.023626 8.485248 2.27e-17 16.64385 0.41158 0.814004 0 3 3606 +++
rs760136 G A 0.375354 0.019193 0.002262 0.014759 0.023626 8.485248 2.27e-17 16.64385 0.41158 0.814004 0 3 3606 +++
rs741780 C T 0.375354 0.019193 0.002262 0.014759 0.023626 8.485248 2.27e-17 16.64385 0.41158 0.814004 0 3 3606 +++
rs7259620 A G 0.371706 0.018913 0.002268 0.014468 0.023359 8.338463 7.93e-17 16.100859 0.297722 0.861689 0 3 3606 +++
rs4420638 G A 0.298292 -0.043909 0.005478 -0.054646 -0.033173 -8.015961 1.15e-15 14.940288 0.088069 0.766647 0 2 677 -?-
rs12721051 G C 0.295321 -0.043561 0.005549 -0.054438 -0.032684 -7.849811 4.37e-15 14.359757 0.221945 0.637562 0 2 679 -?-
rs56131196 A G 0.295879 -0.04328 0.005559 -0.054175 -0.032384 -7.785723 7.26e-15 14.138993 0.192586 0.660773 0 2 676 -?-
rs1081105 C A 0.055893 -0.036157 0.004854 -0.045672 -0.026642 -7.448222 9.88e-14 13.005378 2.801066 0.246466 0.285986 3 3606 ---
rs112019714 C T 0.055999 -0.035663 0.004846 -0.04516 -0.026166 -7.36002 1.92e-13 12.717147 2.819513 0.244203 0.290658 3 3606 ---
rs4803770 G C 0.324529 0.017201 0.002354 0.012588 0.021815 7.307683 2.83e-13 12.547688 1.537554 0.46358 0 3 3606 +++
rs3925681 A G 0.350112 0.017552 0.002413 0.012823 0.022281 7.274797 3.62e-13 12.441806 1.201286 0.273065 0.167558 2 3426 ++?
rs112849259 T C 0.051346 -0.036752 0.005068 -0.046686 -0.026818 -7.251253 4.3e-13 12.366286 2.886003 0.236218 0.307 3 3606 ---
rs59325138 T C 0.342408 0.016804 0.002321 0.012256 0.021353 7.240646 4.65e-13 12.332341 2.014515 0.365219 0.007205 3 3606 +++
rs75687619 T G 0.051444 -0.036565 0.005063 -0.046488 -0.026643 -7.222685 5.31e-13 12.274969 2.889261 0.235833 0.307781 3 3606 ---
rs77301115 A G 0.051204 -0.036475 0.005073 -0.046418 -0.026532 -7.190208 6.74e-13 12.171579 3.199984 0.201898 0.374997 3 3606 ---
chr19:44909976:G:T T G 0.050866 0.03551 0.004952 0.025804 0.045216 7.170636 7.77e-13 12.109489 1.595371 0.45037 0 3 3606 +++
rs114536010 T C 0.051294 -0.036439 0.005089 -0.046413 -0.026466 -7.161055 8.33e-13 12.079155 2.830827 0.242825 0.293493 3 3600 ---
rs115881343 T C 0.055386 -0.035068 0.004908 -0.044687 -0.02545 -7.145726 9.32e-13 12.030705 2.142999 0.342495 0.066728 3 3588 ---
rs6857 T C 0.283198 -0.040776 0.00572 -0.051987 -0.029566 -7.129309 1.05e-12 11.978924 0.356589 0.550407 0 2 679 -?-
rs438811 T C 0.323208 -0.039388 0.005531 -0.050229 -0.028547 -7.120897 1.12e-12 11.952436 0.429262 0.512351 0 2 679 -?-
rs79398853 T C 0.051439 -0.03611 0.005073 -0.046053 -0.026167 -7.11802 1.14e-12 11.943384 2.842121 0.241458 0.2963 3 3605 ---
rs10414043 A G 0.218255 -0.04344 0.006184 -0.055561 -0.03132 -7.024866 2.23e-12 11.652199 0.572763 0.449163 0 2 679 -?-
rs7256200 T G 0.218255 -0.04344 0.006184 -0.055561 -0.03132 -7.024866 2.23e-12 11.652199 0.572763 0.449163 0 2 679 -?-
rs140480140 A G 0.056037 -0.034031 0.004845 -0.043527 -0.024535 -7.023858 2.24e-12 11.649068 1.319406 0.517005 0 3 3606 ---
rs483082 T G 0.321739 -0.039025 0.005562 -0.049927 -0.028124 -7.016454 2.37e-12 11.626087 0.375247 0.540158 0 2 679 -?-
rs116881820 C T 0.052073 -0.035436 0.005058 -0.045349 -0.025523 -7.006661 2.54e-12 11.595724 2.871103 0.237984 0.303404 3 3606 ---
rs7412 T C 0.050658 0.034831 0.004974 0.025082 0.044581 7.002194 2.62e-12 11.58189 1.9184 0.383199 0 3 3604 +++
rs5117 C T 0.321811 -0.038794 0.005543 -0.049659 -0.027929 -6.998382 2.69e-12 11.57009 0.340346 0.55963 0 2 679 -?-
rs188535946 A G 0.052284 -0.035208 0.005038 -0.045083 -0.025333 -6.988059 2.9e-12 11.538166 1.568527 0.456456 0 3 3606 ---
rs769449 A G 0.213991 -0.04333 0.006216 -0.055514 -0.031146 -6.970508 3.28e-12 11.483993 0.393484 0.530474 0 2 679 -?-
rs150966173 T C 0.054097 -0.03442 0.005014 -0.044246 -0.024593 -6.865154 6.89e-12 11.161574 1.415819 0.492673 0 3 3572 ---
rs141622900 A G 0.035477 0.040167 0.005952 0.028502 0.051833 6.748804 1.55e-11 10.810995 0.436942 0.803747 0 3 3606 +++
rs61679753 A T 0.022229 0.050713 0.007551 0.035913 0.065514 6.715828 1.94e-11 10.712683 1.121953 0.289498 0.108697 2 3426 ++?
rs111784051 G T 0.02234 0.050713 0.007551 0.035913 0.065514 6.715828 1.94e-11 10.712683 1.121953 0.289498 0.108697 2 3426 ++?
rs190712692 A G 0.03542 0.041167 0.006176 0.029062 0.053272 6.665706 2.73e-11 10.56414 0.069141 0.792591 0 2 3426 ++?
rs283811 G A 0.318463 -0.036173 0.005479 -0.046912 -0.025434 -6.601836 4.2e-11 10.376403 1.020407 0.312422 0.019999 2 679 -?-
rs184017 G T 0.317945 -0.036051 0.00552 -0.04687 -0.025233 -6.531592 6.73e-11 10.171933 0.818897 0.365503 0 2 679 -?-
rs157581 C T 0.317945 -0.036051 0.00552 -0.04687 -0.025233 -6.531592 6.73e-11 10.171933 0.818897 0.365503 0 2 679 -?-
rs1160983 A G 0.022135 0.047765 0.007323 0.033411 0.062119 6.522216 7.16e-11 10.144798 1.542898 0.462343 0 3 3606 +++
rs78959900 A G 0.29158 0.016615 0.002552 0.011614 0.021616 6.511592 7.69e-11 10.1141 0.423738 0.515078 0 2 3414 ++?
rs157582 T C 0.315839 -0.036016 0.005535 -0.046865 -0.025168 -6.507265 7.91e-11 10.101609 1.07251 0.300379 0.067608 2 679 -?-
rs283815 G A 0.318735 -0.035752 0.005508 -0.046548 -0.024957 -6.490854 8.82e-11 10.05431 0.866709 0.351868 0 2 677 -?-
rs12721046 A G 0.236711 -0.038017 0.005894 -0.049569 -0.026465 -6.45044 1.15e-10 9.938322 0.582017 0.445523 0 2 679 -?-
rs111789331 A T 0.238181 -0.037676 0.005896 -0.049233 -0.02612 -6.389886 1.71e-10 9.765832 0.530542 0.466379 0 2 679 -?-
rs66626994 A G 0.238181 -0.037676 0.005896 -0.049233 -0.02612 -6.389886 1.71e-10 9.765832 0.530542 0.466379 0 2 679 -?-
rs73052335 C A 0.218084 -0.038803 0.006073 -0.050706 -0.0269 -6.389624 1.72e-10 9.765088 0.513653 0.473562 0 2 679 -?-
chr19:44893408:G:T T G 0.308121 -0.034917 0.005487 -0.045672 -0.024162 -6.363183 2.04e-10 9.690261 1.207055 0.271916 0.171537 2 679 -?-
rs7254892 A G 0.024667 0.044477 0.006992 0.030773 0.05818 6.361478 2.06e-10 9.685446 1.919027 0.383079 0 3 3606 +++
rs1305062 C G 0.342599 0.014768 0.002333 0.010196 0.01934 6.331005 2.51e-10 9.599601 1.218072 0.543875 0 3 3606 +++
rs769450 A G 0.344022 0.01464 0.002324 0.010085 0.019196 6.299489 3.08e-10 9.511232 1.205827 0.547215 0 3 3606 +++
rs8106922 G A 0.343773 0.014506 0.00233 0.00994 0.019072 6.226608 4.91e-10 9.30849 0.862111 0.649823 0 3 3606 +++
rs34878901 T C 0.342886 0.014517 0.002332 0.009946 0.019089 6.224024 5e-10 9.301344 1.401003 0.496336 0 3 3606 +++
rs7254133 T C 0.346533 -0.014855 0.002408 -0.019574 -0.010136 -6.169701 7.05e-10 9.151754 0.835899 0.360572 0 2 3426 --?
rs12721056 T G 0.294242 0.015666 0.002543 0.010682 0.02065 6.160558 7.47e-10 9.126697 0.259196 0.610673 0 2 3426 ++?
rs484195 A G 0.31831 0.015185 0.002481 0.010323 0.020047 6.121749 9.53e-10 9.020747 0.628959 0.427738 0 2 3426 ++?
rs11668861 T G 0.433821 0.013671 0.002241 0.00928 0.018063 6.10193 1.08e-09 8.966886 1.628138 0.443052 0 3 3604 +++
rs4803772 T C 0.290317 0.015604 0.002557 0.010592 0.020615 6.102434 1.08e-09 8.968252 0.435602 0.509253 0 2 3426 ++?
rs440446 C G 0.303536 0.014564 0.002396 0.009868 0.01926 6.07904 1.24e-09 8.904885 3.305578 0.191515 0.394962 3 3606 +++
rs157595 A G 0.318264 0.014762 0.002481 0.0099 0.019625 5.950958 2.74e-09 8.56206 0.260054 0.610083 0 2 3426 ++?
rs41289512 G C 0.066353 -0.026547 0.004462 -0.035293 -0.017801 -5.949181 2.77e-09 8.557353 0.472111 0.789737 0 3 3606 ---
rs147711004 A G 0.057195 -0.028555 0.00481 -0.037983 -0.019127 -5.936184 3e-09 8.522964 0.328106 0.848697 0 3 3606 ---
rs157594 T G 0.318606 0.014622 0.002481 0.00976 0.019484 5.894353 3.87e-09 8.412765 0.28206 0.595354 0 2 3426 ++?
rs118170342 C T 0.069365 -0.026231 0.004502 -0.035054 -0.017408 -5.827242 5.79e-09 8.237519 1.302385 0.253778 0.232178 2 3426 --?
rs71352238 C T 0.234339 -0.03477 0.00599 -0.046511 -0.02303 -5.8047 6.62e-09 8.179083 2.116501 0.145719 0.527522 2 679 -?-
rs283808 C A 0.036545 0.034003 0.005866 0.022507 0.0455 5.797074 6.93e-09 8.159362 2.742563 0.253782 0.270755 3 3606 +++
rs283809 G A 0.036545 0.034003 0.005866 0.022507 0.0455 5.797074 6.93e-09 8.159362 2.742563 0.253782 0.270755 3 3606 +++
rs2075650 G A 0.234339 -0.034706 0.005991 -0.046447 -0.022964 -5.793401 7.08e-09 8.149873 2.096375 0.147649 0.522986 2 679 -?-
rs34404554 G C 0.233605 -0.034646 0.005989 -0.046384 -0.022908 -5.785115 7.44e-09 8.128485 2.07704 0.14953 0.518546 2 679 -?-
rs11556505 T C 0.233605 -0.034646 0.005989 -0.046384 -0.022908 -5.785115 7.44e-09 8.128485 2.07704 0.14953 0.518546 2 679 -?-
rs2238681 T C 0.345721 0.013416 0.002322 0.008864 0.017967 5.777455 7.79e-09 8.10874 1.017647 0.601203 0 3 3606 +++
rs12972156 G C 0.234242 -0.034012 0.005943 -0.045659 -0.022365 -5.723488 1.07e-08 7.970335 2.575827 0.108507 0.611775 2 679 -?-
rs12972970 A G 0.234242 -0.034012 0.005943 -0.045659 -0.022365 -5.723488 1.07e-08 7.970335 2.575827 0.108507 0.611775 2 679 -?-
rs34342646 A G 0.234242 -0.034012 0.005943 -0.045659 -0.022365 -5.723488 1.07e-08 7.970335 2.575827 0.108507 0.611775 2 679 -?-
rs112422902 A G 0.024152 0.040178 0.007121 0.026221 0.054134 5.642446 1.72e-08 7.764806 4.576476 0.101445 0.562983 3 3606 -++
rs60049679 C G 0.105243 -0.020084 0.00357 -0.027082 -0.013086 -5.625155 1.9e-08 7.721312 0.512936 0.77378 0 3 3606 ---
rs71352239 T C 0.282471 0.01424 0.002583 0.009178 0.019302 5.514082 3.59e-08 7.44494 1.995935 0.157722 0.498982 2 3426 ++?
rs3826688 T C 0.303086 0.013682 0.002546 0.008692 0.018671 5.374095 7.87e-08 7.104036 0.491849 0.483104 0 2 3426 ++?
rs584007 A G 0.302192 0.013667 0.002551 0.008666 0.018668 5.356789 8.66e-08 7.062465 0.801902 0.370525 0 2 3426 ++?
rs769446 C T 0.079431 0.02192 0.004219 0.01365 0.03019 5.195185 2.09e-07 6.680362 7.636447 0.00572 0.869049 2 3426 -+?
rs2157378 T G 0.483494 -0.011675 0.002315 -0.016212 -0.007138 -5.043228 4.67e-07 6.331089 0.081108 0.775801 0 2 3426 --?
rs3852860 T C 0.390802 0.01145 0.002274 0.006992 0.015907 5.0348 4.88e-07 6.312 0.901077 0.637285 0 3 3606 +++
rs3852861 T G 0.390802 0.01145 0.002274 0.006992 0.015907 5.0348 4.88e-07 6.312 0.901077 0.637285 0 3 3606 +++
rs2075649 G A 0.346847 0.011709 0.002327 0.007149 0.016269 5.032914 4.92e-07 6.307734 0.410134 0.814593 0 3 3606 +++
rs28399637 A G 0.365789 -0.011458 0.002291 -0.015949 -0.006968 -5.00172 5.79e-07 6.237369 1.187142 0.552351 0 3 3601 ---
rs10912951 A G 0.48275 -0.011476 0.002314 -0.016011 -0.006941 -4.960064 7.18e-07 6.144041 0.058328 0.809159 0 2 3426 --?
rs10912950 T C 0.482665 -0.011459 0.002314 -0.015994 -0.006924 -4.952546 7.46e-07 6.127276 0.059742 0.806905 0 2 3426 --?
rs4803764 C T 0.312758 -0.011768 0.002386 -0.016445 -0.00709 -4.931249 8.32e-07 6.079909 1.399516 0.496706 0 3 3606 ---
rs115027132 C G 0.029741 0.031959 0.006496 0.019226 0.044691 4.919616 8.83e-07 6.054117 1.339264 0.511897 0 3 3606 +++
rs4803763 C G 0.317075 -0.011604 0.002375 -0.016259 -0.006949 -4.886072 1.05e-06 5.980062 1.812751 0.403986 0 3 3606 ---
rs80353903 G A 0.028732 -0.030672 0.006286 -0.042994 -0.018351 -4.879235 1.08e-06 5.965025 0.250562 0.882249 0 3 3606 ---
rs11604537 A C 0.026562 -0.034754 0.007148 -0.048765 -0.020744 -4.862052 1.18e-06 5.927322 0.044172 0.833534 0 2 3426 --?
rs3806174 C T 0.045438 -0.025242 0.005204 -0.035442 -0.015042 -4.850572 1.25e-06 5.902202 0.727165 0.695181 0 3 3606 ---
rs3806176 C G 0.045332 -0.025236 0.00521 -0.035447 -0.015025 -4.843904 1.3e-06 5.887637 0.727665 0.695008 0 3 3606 ---
rs73050205 A T 0.311641 -0.011553 0.00239 -0.016237 -0.00687 -4.834679 1.36e-06 5.867516 1.529809 0.465378 0 3 3606 ---
rs2967668 G A 0.104654 0.01729 0.003593 0.010248 0.024331 4.812744 1.51e-06 5.819817 3.902283 0.142112 0.48748 3 3606 ++-
chr6:105808450:T:C T C 0.408085 0.023978 0.004985 0.014208 0.033748 4.810293 1.53e-06 5.8145 1.418033 0.233727 0.294798 2 679 +?+
rs12462573 A G 0.313588 -0.011484 0.002389 -0.016166 -0.006802 -4.80756 1.55e-06 5.808575 1.626571 0.443399 0 3 3606 ---
rs56317818 T C 0.314013 -0.011451 0.00239 -0.016135 -0.006767 -4.791816 1.68e-06 5.774496 1.632179 0.442157 0 3 3606 ---
rs72864239 C T 0.023512 -0.037367 0.007831 -0.052716 -0.022019 -4.771873 1.86e-06 5.73148 1.081372 0.298391 0.075249 2 3426 --?
rs2972559 G C 0.316421 -0.011338 0.002377 -0.015997 -0.006678 -4.76934 1.88e-06 5.726027 1.998607 0.368136 0 3 3606 ---
rs7103961 G T 0.198841 -0.029226 0.00615 -0.04128 -0.017172 -4.752114 2.05e-06 5.689023 2.258691 0.132866 0.557266 2 679 -?-
rs141655075 T C 0.045227 -0.024765 0.005217 -0.03499 -0.014539 -4.746668 2.1e-06 5.677348 0.762817 0.682899 0 3 3606 ---
rs112450640 A G 0.013755 0.048901 0.010327 0.028661 0.069141 4.735463 2.22e-06 5.65337 3.795614 0.051387 0.736538 2 3107 ?+-
rs157585 C A 0.432043 0.010463 0.002212 0.006128 0.014798 4.730671 2.27e-06 5.643131 0.712506 0.700296 0 3 3606 +++
rs138365796 T C 0.0258 0.032709 0.006973 0.019042 0.046376 4.690953 2.76e-06 5.55864 1.629275 0.4428 0 3 3606 +++
rs1927087 G A 0.185616 -0.030154 0.006452 -0.042799 -0.017509 -4.673807 3e-06 5.522368 0.717288 0.397035 0 2 676 -?-
rs79520558 C T 0.04391 -0.024439 0.00524 -0.03471 -0.014168 -4.66347 3.16e-06 5.500561 0.396098 0.82033 0 3 3606 ---
rs157588 T C 0.432455 0.0103 0.002209 0.005971 0.01463 4.66296 3.17e-06 5.499486 0.740128 0.69069 0 3 3606 +++
rs7042762 C G 0.148185 -0.014281 0.003075 -0.020307 -0.008254 -4.644432 3.46e-06 5.460513 1.036825 0.595465 0 3 3606 ---
rs7032453 A G 0.14786 -0.014225 0.003077 -0.020255 -0.008195 -4.623745 3.83e-06 5.417169 0.763007 0.682834 0 3 3606 ---
rs141338752 C A 0.020226 -0.036724 0.007971 -0.052347 -0.021101 -4.607302 4.14e-06 5.382844 3.39952 0.182727 0.411682 3 3606 ---
rs157590 C A 0.436158 0.010606 0.002302 0.006093 0.015118 4.606562 4.16e-06 5.381301 0.77339 0.37917 0 2 3426 ++?
rs3806175 A G 0.044223 -0.024269 0.00527 -0.034598 -0.01394 -4.605139 4.18e-06 5.378337 0.594475 0.742868 0 3 3605 ---
rs117333759 T C 0.018298 -0.037809 0.008251 -0.053981 -0.021637 -4.582251 4.67e-06 5.330766 4.908646 0.085921 0.592556 3 3606 +--
rs11177671 C T 0.225924 -0.012118 0.002652 -0.017315 -0.006921 -4.57013 4.95e-06 5.305663 6.552791 0.037764 0.694787 3 3601 ---
rs449647 T A 0.14722 0.01399 0.003074 0.007966 0.020014 4.551715 5.4e-06 5.267641 4.623321 0.099097 0.567411 3 3606 ++-
rs77586397 C G 0.043223 -0.024024 0.005287 -0.034385 -0.013662 -4.544367 5.59e-06 5.252507 0.296376 0.862269 0 3 3606 ---
rs68176655 A G 0.144419 -0.014129 0.003111 -0.020226 -0.008031 -4.541512 5.67e-06 5.246635 2.564036 0.277477 0.21998 3 3606 ---
rs3852312 T C 0.433647 -0.009929 0.002187 -0.014216 -0.005643 -4.540298 5.7e-06 5.244139 0.169267 0.918849 0 3 3606 ---
rs67699505 T C 0.150346 -0.013808 0.003043 -0.019772 -0.007844 -4.53799 5.76e-06 5.239394 4.939203 0.084619 0.595076 3 3606 ---
rs12501200 C A 0.276197 -0.011187 0.002476 -0.01604 -0.006334 -4.517875 6.34e-06 5.19814 6.2933 0.042996 0.682202 3 3605 +--
rs72745790 C A 0.024187 0.032552 0.007217 0.018407 0.046697 4.510546 6.56e-06 5.18315 1.564977 0.457267 0 3 3606 +++
rs10817985 T G 0.219447 -0.012028 0.002668 -0.017257 -0.006798 -4.507973 6.64e-06 5.177892 0.288754 0.865562 0 3 3605 ---
rs149014762 A G 0.02652 -0.031001 0.006884 -0.044493 -0.017509 -4.503624 6.78e-06 5.169012 0.50058 0.778575 0 3 3606 ---
rs34291194 T C 0.149271 -0.013711 0.003051 -0.019692 -0.007731 -4.49341 7.11e-06 5.148188 4.9402 0.084576 0.595158 3 3605 ---
rs4997610 G C 0.1912 -0.012405 0.002769 -0.017831 -0.006978 -4.480134 7.57e-06 5.121188 3.76323 0.152344 0.468542 3 3606 ---
rs4997609 A G 0.1912 -0.012405 0.002769 -0.017831 -0.006978 -4.480134 7.57e-06 5.121188 3.76323 0.152344 0.468542 3 3606 ---
rs4802238 T C 0.356008 -0.010348 0.00231 -0.014875 -0.00582 -4.479314 7.59e-06 5.119523 0.272353 0.872689 0 3 3606 ---
rs72699534 G A 0.033077 0.027018 0.006036 0.015187 0.038848 4.476167 7.71e-06 5.113135 1.906971 0.385395 0 3 3606 +++
rs9853620 C G 0.223177 -0.01185 0.002654 -0.017052 -0.006649 -4.465702 8.09e-06 5.091919 0.356351 0.836796 0 3 3606 ---
rs4650730 T A 0.380812 0.010265 0.0023 0.005758 0.014772 4.463864 8.16e-06 5.088198 0.74934 0.687516 0 3 3606 +++
rs189806018 C T 0.018582 -0.037226 0.00834 -0.053573 -0.020879 -4.463302 8.18e-06 5.087061 0.802828 0.669373 0 3 3606 ---
rs112400915 G A 0.037456 -0.02585 0.005803 -0.037225 -0.014475 -4.454239 8.54e-06 5.068734 3.678298 0.158953 0.45627 3 3606 +--
rs28399654 A G 0.025119 0.031808 0.007144 0.017805 0.045811 4.452187 8.62e-06 5.064589 8.251687 0.01615 0.757625 3 3598 ++-
rs115114483 A C 0.017229 0.038302 0.008619 0.02141 0.055195 4.444088 8.95e-06 5.048247 1.14019 0.565472 0 3 3593 +++
rs301491 T C 0.09785 -0.01627 0.003665 -0.023454 -0.009086 -4.439087 9.16e-06 5.038172 7.576236 0.022638 0.736017 3 3606 ---
rs35396326 G C 0.329297 -0.010424 0.002348 -0.015027 -0.005821 -4.438701 9.17e-06 5.037394 2.146921 0.341824 0.068434 3 3606 ---
rs140183687 A G 0.015834 -0.040889 0.00922 -0.05896 -0.022818 -4.434933 9.34e-06 5.029809 0.050867 0.821562 0 2 3426 --?
rs34471159 T C 0.145125 -0.013741 0.003099 -0.019815 -0.007667 -4.433741 9.39e-06 5.027411 2.70241 0.258928 0.25992 3 3606 ---
rs7762317 C T 0.109868 -0.035798 0.008075 -0.051625 -0.019972 -4.433323 9.41e-06 5.02657 1.609769 0.204524 0.378793 2 678 -?-
rs4997607 G A 0.191325 -0.012264 0.002768 -0.01769 -0.006838 -4.430008 9.55e-06 5.019904 3.879344 0.143751 0.484449 3 3606 --+
rs7498854 G A 0.191325 -0.012264 0.002768 -0.01769 -0.006838 -4.430008 9.55e-06 5.019904 3.879344 0.143751 0.484449 3 3606 --+
rs146275714 A G 0.035202 -0.026235 0.005925 -0.037847 -0.014622 -4.428019 9.64e-06 5.015906 1.497439 0.472972 0 3 3606 ---
rs928414 G A 0.332596 0.010399 0.002351 0.005791 0.015007 4.423424 9.85e-06 5.006678 0.518372 0.77168 0 3 3606 +++
