rs_number reference_allele other_allele eaf beta se beta_95L beta_95U z p-value -log10_p-value q_statistic q_p-value i2 n_studies n_samples effects
rs10119 A G 0.418089 -0.023082 0.002681 -0.028337 -0.017827 -8.60885 7.79e-18 17.108246 5.488522 0.064296 0.635603 3 2540 ---
rs429358 C T 0.24226 -0.046577 0.006001 -0.058339 -0.034815 -7.761474 8.79e-15 14.055918 6.27053 0.012276 0.840524 2 678 -?-
rs34095326 A G 0.196041 -0.024582 0.003293 -0.031036 -0.018129 -7.465943 8.64e-14 13.063688 1.701454 0.427104 0 3 2540 ---
rs75627662 T C 0.291166 -0.02106 0.002873 -0.02669 -0.015429 -7.330731 2.39e-13 12.622169 12.150578 0.002299 0.835399 3 2540 ---
rs56131196 A G 0.270099 -0.041708 0.005768 -0.053013 -0.030403 -7.230988 4.99e-13 12.301474 7.8859 0.004982 0.873191 2 677 -?-
rs12721051 G C 0.27249 -0.041477 0.005736 -0.05272 -0.030235 -7.230933 5e-13 12.301298 7.440023 0.006379 0.865592 2 680 -?-
rs4420638 G A 0.271841 -0.041397 0.005732 -0.052631 -0.030163 -7.22263 5.31e-13 12.274792 7.341913 0.006737 0.863796 2 677 -?-
rs6857 T C 0.26115 -0.040939 0.005808 -0.052322 -0.029556 -7.049195 1.87e-12 11.727889 5.287115 0.021484 0.810861 2 680 -?-
rs769449 A G 0.199375 -0.044466 0.00657 -0.057343 -0.031589 -6.768186 1.35e-11 10.868995 7.395176 0.00654 0.864777 2 680 -?-
rs10414043 A G 0.202765 -0.044027 0.006561 -0.056885 -0.031168 -6.710768 2.01e-11 10.697639 7.646752 0.005687 0.869226 2 680 -?-
rs7256200 T G 0.202765 -0.044027 0.006561 -0.056885 -0.031168 -6.710768 2.01e-11 10.697639 7.646752 0.005687 0.869226 2 680 -?-
rs7412 T C 0.048101 0.040248 0.00601 0.028469 0.052027 6.697245 2.2e-11 10.657485 1.785736 0.40948 0 3 2536 +++
rs73052335 C A 0.212175 -0.04219 0.006408 -0.05475 -0.02963 -6.583911 4.74e-11 10.324024 5.258295 0.021842 0.809824 2 680 -?-
chr19:44909976:G:T T G 0.048297 0.039135 0.006023 0.02733 0.050939 6.497957 8.42e-11 10.074768 1.863777 0.393809 0 3 2540 +++
rs12721046 A G 0.22934 -0.03895 0.006183 -0.05107 -0.026831 -6.299199 3.09e-10 9.510421 7.539956 0.006035 0.867373 2 680 -?-
rs66626994 A G 0.22862 -0.038982 0.006218 -0.051169 -0.026795 -6.269489 3.74e-10 9.427503 7.717705 0.005468 0.870428 2 680 -?-
rs111789331 A T 0.22934 -0.038665 0.006206 -0.050829 -0.0265 -6.229832 4.81e-10 9.31741 7.307681 0.006866 0.863158 2 680 -?-
rs141622900 A G 0.032265 0.044962 0.007621 0.030025 0.059899 5.899707 3.74e-09 8.426829 0.811795 0.666378 0 3 2540 +++
rs2075650 G A 0.22007 -0.036811 0.006259 -0.049079 -0.024544 -5.881435 4.18e-09 8.378884 6.144635 0.013181 0.837256 2 680 -?-
rs34404554 G C 0.22007 -0.036811 0.006259 -0.049079 -0.024544 -5.881435 4.18e-09 8.378884 6.144635 0.013181 0.837256 2 680 -?-
rs11556505 T C 0.22007 -0.036811 0.006259 -0.049079 -0.024544 -5.881435 4.18e-09 8.378884 6.144635 0.013181 0.837256 2 680 -?-
rs12972156 G C 0.223505 -0.036592 0.00623 -0.048803 -0.024382 -5.873858 4.37e-09 8.359044 4.742608 0.029424 0.789146 2 680 -?-
rs12972970 A G 0.223505 -0.036592 0.00623 -0.048803 -0.024382 -5.873858 4.37e-09 8.359044 4.742608 0.029424 0.789146 2 680 -?-
rs184017 G T 0.292975 -0.033078 0.005644 -0.04414 -0.022016 -5.8607 4.74e-09 8.324648 8.927892 0.002808 0.887991 2 680 -?-
rs157581 C T 0.293695 -0.033035 0.005648 -0.044105 -0.021965 -5.848977 5.08e-09 8.294065 8.889683 0.002868 0.88751 2 680 -?-
rs157582 T C 0.293695 -0.033035 0.005648 -0.044105 -0.021965 -5.848977 5.08e-09 8.294065 8.889683 0.002868 0.88751 2 680 -?-
rs71352238 C T 0.22277 -0.03654 0.006252 -0.048794 -0.024287 -5.844705 5.21e-09 8.282935 6.208398 0.012715 0.838928 2 680 -?-
rs283815 G A 0.292583 -0.032966 0.005652 -0.044043 -0.021888 -5.832824 5.6e-09 8.252022 9.071129 0.002597 0.88976 2 677 -?-
chr19:44893408:G:T T G 0.283605 -0.033123 0.005688 -0.044271 -0.021975 -5.823462 5.92e-09 8.227704 10.2383 0.001376 0.902328 2 680 -?-
rs283811 G A 0.29443 -0.031328 0.005644 -0.04239 -0.020266 -5.55072 2.91e-08 7.535528 8.701953 0.003179 0.885083 2 680 -?-
rs34342646 A G 0.22626 -0.034527 0.006231 -0.04674 -0.022313 -5.540909 3.08e-08 7.511215 5.830201 0.015753 0.828479 2 680 -?-
rs440446 C G 0.304942 0.015522 0.002834 0.009968 0.021076 5.477462 4.42e-08 7.354963 2.880306 0.236892 0.305629 3 2540 +++
rs3925681 A G 0.33784 0.016753 0.003086 0.010704 0.022802 5.428229 5.82e-08 7.234887 0.634222 0.425811 0 2 2166 ++?
rs190712692 A G 0.030442 0.047135 0.008961 0.029571 0.064698 5.260001 1.47e-07 6.832295 0.807154 0.368963 0 2 2166 ++?
rs157580 G A 0.361431 0.025992 0.004955 0.016281 0.035704 5.245729 1.59e-07 6.798689 3.606283 0.057562 0.722706 2 679 +?+
rs6733839 T C 0.403971 -0.013214 0.002678 -0.018463 -0.007966 -4.93488 8.17e-07 6.087973 0.271113 0.87323 0 3 2538 ---
rs449647 T A 0.143435 0.018568 0.003774 0.011171 0.025965 4.920029 8.81e-07 6.055033 4.268563 0.11833 0.531458 3 2540 +++
rs1160985 T C 0.354991 0.013478 0.002741 0.008105 0.018851 4.916484 8.97e-07 6.047183 8.511414 0.014183 0.765021 3 2540 ++-
rs1038025 C T 0.355065 0.013432 0.00274 0.008061 0.018802 4.901727 9.67e-07 6.014566 8.461674 0.01454 0.76364 3 2540 ++-
rs760136 G A 0.354991 0.013434 0.002742 0.008059 0.018808 4.899252 9.79e-07 6.009104 8.466385 0.014506 0.763772 3 2540 ++-
rs741780 C T 0.354991 0.013434 0.002742 0.008059 0.018808 4.899252 9.79e-07 6.009104 8.466385 0.014506 0.763772 3 2540 ++-
rs1038026 G A 0.355431 0.013418 0.002743 0.008042 0.018793 4.892388 1.01e-06 5.993971 8.45084 0.014619 0.763337 3 2540 ++-
rs7259620 A G 0.35265 0.013424 0.002746 0.008042 0.018806 4.888544 1.03e-06 5.985503 9.041109 0.010883 0.778788 3 2540 ++-
rs2972559 G C 0.319622 -0.014003 0.002866 -0.01962 -0.008385 -4.885903 1.05e-06 5.979691 1.384901 0.500349 0 3 2540 ---
rs7254133 T C 0.357152 -0.014606 0.002995 -0.020477 -0.008736 -4.876856 1.1e-06 5.959798 1.298945 0.254406 0.230144 2 2166 --?
rs484195 A G 0.317076 0.015444 0.003192 0.009188 0.0217 4.838766 1.33e-06 5.876426 1.975066 0.159911 0.493688 2 2166 ++?
rs157594 T G 0.316778 0.015458 0.003198 0.00919 0.021727 4.833302 1.37e-06 5.864516 1.938392 0.163843 0.484108 2 2166 ++?
rs157595 A G 0.316349 0.015284 0.003195 0.009022 0.021546 4.783909 1.75e-06 5.757421 1.988645 0.158483 0.497145 2 2166 ++?
rs7595344 T C 0.239187 -0.01454 0.003049 -0.020515 -0.008564 -4.769098 1.88e-06 5.725506 1.245551 0.536454 0 3 2540 ---
rs116981602 C A 0.038855 0.032325 0.006785 0.019026 0.045624 4.764022 1.93e-06 5.714591 0.551524 0.758994 0 3 2540 +++
rs78959900 A G 0.271306 0.015721 0.003302 0.00925 0.022193 4.76127 1.96e-06 5.708675 2.007708 0.156502 0.50192 2 2161 ++?
rs6732155 T C 0.241795 -0.01449 0.003048 -0.020464 -0.008516 -4.753802 2.03e-06 5.692644 1.090052 0.579827 0 3 2539 ---
rs77947040 G A 0.072655 -0.023981 0.00505 -0.033879 -0.014083 -4.748643 2.08e-06 5.681581 4.037254 0.132838 0.504614 3 2540 ---
rs73050205 A T 0.314544 -0.013614 0.00287 -0.01924 -0.007988 -4.743075 2.14e-06 5.669654 1.65966 0.436123 0 3 2540 ---
rs4803763 C G 0.319109 -0.013574 0.002866 -0.019192 -0.007956 -4.735568 2.22e-06 5.653596 1.164508 0.558638 0 3 2540 ---
rs2360677 T C 0.249363 -0.014253 0.003013 -0.020159 -0.008347 -4.730074 2.28e-06 5.641857 1.684763 0.430684 0 3 2540 ---
rs12691088 A G 0.037554 -0.029899 0.006341 -0.042327 -0.017471 -4.715229 2.45e-06 5.610204 1.760389 0.414702 0 3 2540 ---
rs4803764 C T 0.315134 -0.01351 0.002872 -0.01914 -0.00788 -4.703545 2.6e-06 5.585356 1.297011 0.522827 0 3 2540 ---
rs2927468 A G 0.420468 0.012561 0.002695 0.007279 0.017844 4.660465 3.2e-06 5.49423 0.122834 0.940431 0 3 2540 +++
rs28399637 A G 0.362532 -0.012687 0.002744 -0.018065 -0.007308 -4.622936 3.84e-06 5.415477 0.327222 0.849072 0 3 2537 ---
rs56317818 T C 0.31612 -0.01327 0.002875 -0.018905 -0.007635 -4.615899 3.97e-06 5.400776 1.169393 0.557275 0 3 2540 ---
rs146275714 A G 0.036436 -0.029556 0.006422 -0.042143 -0.016968 -4.602063 4.25e-06 5.371931 1.735429 0.41991 0 3 2540 ---
rs12462573 A G 0.3159 -0.0132 0.002878 -0.018841 -0.007559 -4.586376 4.58e-06 5.339324 1.140785 0.565304 0 3 2540 ---
rs10410835 T C 0.41885 0.012353 0.002698 0.007065 0.017641 4.578899 4.74e-06 5.323818 0.138501 0.933093 0 3 2540 +++
rs118147862 A G 0.027889 0.03503 0.007655 0.020027 0.050033 4.576307 4.8e-06 5.318448 5.166753 0.075519 0.61291 3 2540 +++
rs55716488 A G 0.224985 0.013928 0.003048 0.007953 0.019903 4.568993 4.97e-06 5.30331 1.469672 0.479584 0 3 2540 +++
rs7953685 T C 0.224985 0.013928 0.003048 0.007953 0.019903 4.568993 4.97e-06 5.30331 1.469672 0.479584 0 3 2540 +++
rs79704202 T A 0.224985 0.013928 0.003048 0.007953 0.019903 4.568993 4.97e-06 5.30331 1.469672 0.479584 0 3 2540 +++
rs73160135 A G 0.224985 0.013928 0.003048 0.007953 0.019903 4.568993 4.97e-06 5.30331 1.469672 0.479584 0 3 2540 +++
rs73160138 A C 0.224985 0.013928 0.003048 0.007953 0.019903 4.568993 4.97e-06 5.30331 1.469672 0.479584 0 3 2540 +++
rs72795112 A C 0.036169 -0.037269 0.008164 -0.053271 -0.021267 -4.564956 5.07e-06 5.294965 1.492225 0.221872 0.32986 2 2166 --?
rs12721056 T G 0.272752 0.015042 0.003304 0.008567 0.021517 4.553123 5.36e-06 5.270542 1.90321 0.167719 0.474572 2 2166 ++?
rs584007 A G 0.301608 0.01463 0.003221 0.008317 0.020944 4.541642 5.66e-06 5.246902 0.676556 0.410775 0 2 2164 ++?
rs5117 C T 0.301465 -0.025609 0.005663 -0.036708 -0.01451 -4.522298 6.21e-06 5.207196 10.368313 0.001282 0.903552 2 680 -?-
rs13320490 T C 0.373504 0.01222 0.002705 0.006917 0.017522 4.516696 6.37e-06 5.195725 0.737624 0.691555 0 3 2540 +++
rs34647824 C A 0.277057 -0.013218 0.002927 -0.018954 -0.007481 -4.516171 6.39e-06 5.194651 1.731292 0.42078 0 3 2540 ---
rs438811 T C 0.301525 -0.025536 0.005664 -0.036638 -0.014433 -4.508033 6.64e-06 5.178014 10.265313 0.001356 0.902585 2 680 -?-
rs483082 T G 0.30292 -0.025278 0.00566 -0.036372 -0.014184 -4.465896 8.09e-06 5.092312 9.840779 0.001707 0.898382 2 680 -?-
chr6:109351006:C:T T C 0.044932 0.027329 0.006128 0.015317 0.03934 4.459453 8.33e-06 5.079273 0.453677 0.79705 0 3 2540 +++
rs138511719 C T 0.024056 -0.038335 0.008617 -0.055224 -0.021446 -4.448842 8.75e-06 5.057836 0.613088 0.735986 0 3 2540 ---
rs12618593 C T 0.295613 -0.01275 0.002875 -0.018385 -0.007114 -4.434049 9.37e-06 5.028029 0.639355 0.726383 0 3 2540 ---
rs12617835 C A 0.295613 -0.01275 0.002875 -0.018385 -0.007114 -4.434049 9.37e-06 5.028029 0.639355 0.726383 0 3 2540 ---
rs13025717 T C 0.295652 -0.012747 0.002876 -0.018385 -0.00711 -4.432008 9.46e-06 5.023924 0.647734 0.723346 0 3 2538 ---
rs4337490 C T 0.282886 -0.012541 0.002833 -0.018094 -0.006988 -4.426803 9.69e-06 5.013463 0.082226 0.959721 0 3 2540 ---
rs59325138 T C 0.321913 0.01249 0.002822 0.00696 0.018021 4.426546 9.71e-06 5.012947 10.407184 0.005497 0.807825 3 2540 ++-
