rs_number reference_allele other_allele eaf beta se beta_95L beta_95U z p-value -log10_p-value q_statistic q_p-value i2 n_studies n_samples effects
rs429358 C T 0.124883 -0.01405 0.001909 -0.017791 -0.01031 -7.361793 1.89e-13 12.722907 6.50332 0.03871 0.692465 3 1985 --?-
rs4420638 G A 0.159982 -0.011504 0.001736 -0.014906 -0.008103 -6.628714 3.51e-11 10.455194 5.232552 0.073074 0.617777 3 1984 --?-
rs56131196 A G 0.160336 -0.011484 0.001733 -0.014881 -0.008087 -6.6259 3.57e-11 10.446932 5.248834 0.072482 0.618963 3 1985 --?-
rs6857 T C 0.146603 -0.012064 0.001833 -0.015658 -0.008471 -6.58054 4.85e-11 10.31419 4.617174 0.099402 0.566835 3 1986 --?-
rs12721051 G C 0.160056 -0.011151 0.001734 -0.01455 -0.007753 -6.431089 1.31e-10 9.883032 5.539297 0.062684 0.638943 3 1986 --?-
rs10414043 A G 0.099186 -0.013286 0.002123 -0.017448 -0.009125 -6.258264 4.02e-10 9.396274 13.768198 0.001024 0.854738 3 1986 --?-
rs7256200 T G 0.099186 -0.013286 0.002123 -0.017448 -0.009125 -6.258264 4.02e-10 9.396274 13.768198 0.001024 0.854738 3 1986 --?-
rs769449 A G 0.097336 -0.013259 0.002147 -0.017466 -0.009051 -6.175668 6.79e-10 9.168122 15.20176 5e-04 0.868436 3 1986 --?-
rs66626994 A G 0.129658 -0.011313 0.001896 -0.015029 -0.007597 -5.966491 2.49e-09 8.603267 10.512402 0.005215 0.809749 3 1986 --?-
rs111789331 A T 0.129658 -0.01115 0.001896 -0.014867 -0.007433 -5.879758 4.22e-09 8.37449 10.108652 0.006382 0.80215 3 1986 --?-
rs10119 A G 0.280659 -0.007053 0.001208 -0.009421 -0.004684 -5.837002 5.46e-09 8.262886 0.362131 0.947949 0 4 4045 ----
rs73052335 C A 0.110647 -0.0116 0.002025 -0.01557 -0.00763 -5.727411 1.05e-08 7.980356 11.462419 0.003243 0.825517 3 1986 --?-
rs12721046 A G 0.12813 -0.0109 0.001905 -0.014634 -0.007166 -5.721621 1.08e-08 7.965569 11.106127 0.003876 0.819919 3 1986 --?-
chr19:44893408:G:T T G 0.184539 -0.009424 0.001666 -0.01269 -0.006159 -5.656263 1.59e-08 7.79965 5.679824 0.058431 0.647876 3 1986 --?-
rs2075650 G A 0.121532 -0.011189 0.00199 -0.015088 -0.007289 -5.623374 1.92e-08 7.71684 7.044278 0.029536 0.716082 3 1986 --?-
rs34404554 G C 0.121532 -0.011189 0.00199 -0.015088 -0.007289 -5.623374 1.92e-08 7.71684 7.044278 0.029536 0.716082 3 1986 --?-
rs11556505 T C 0.121532 -0.011189 0.00199 -0.015088 -0.007289 -5.623374 1.92e-08 7.71684 7.044278 0.029536 0.716082 3 1986 --?-
rs157581 C T 0.199136 -0.009026 0.001621 -0.012203 -0.005849 -5.568586 2.63e-08 7.579906 4.578124 0.101361 0.56314 3 1986 --?-
rs157582 T C 0.195489 -0.009095 0.001638 -0.012306 -0.005885 -5.553494 2.87e-08 7.542409 4.602974 0.10011 0.565498 3 1986 --?-
rs12972156 G C 0.123359 -0.01087 0.001976 -0.014742 -0.006997 -5.501858 3.85e-08 7.414843 5.818047 0.054529 0.656242 3 1986 --?-
rs12972970 A G 0.123359 -0.01087 0.001976 -0.014742 -0.006997 -5.501858 3.85e-08 7.414843 5.818047 0.054529 0.656242 3 1986 --?-
rs283815 G A 0.197856 -0.008955 0.001628 -0.012146 -0.005765 -5.501167 3.86e-08 7.413143 3.780994 0.150997 0.471039 3 1981 --?-
rs34342646 A G 0.127133 -0.010734 0.001957 -0.01457 -0.006899 -5.485756 4.21e-08 7.375291 5.548182 0.062406 0.639522 3 1986 -+?-
rs71352238 C T 0.123487 -0.010846 0.001988 -0.014742 -0.00695 -5.45671 4.96e-08 7.304225 6.752263 0.034179 0.703803 3 1986 -+?-
rs184017 G T 0.197825 -0.008822 0.001627 -0.01201 -0.005634 -5.423942 5.96e-08 7.224479 4.81723 0.08994 0.584824 3 1986 -+?-
rs283811 G A 0.201264 -0.008667 0.001612 -0.011827 -0.005507 -5.37564 7.8e-08 7.107753 3.343528 0.187915 0.401829 3 1986 -+?-
rs848218 C T 0.1874 -0.007115 0.00136 -0.00978 -0.00445 -5.233048 1.7e-07 6.7689 1.493967 0.683663 0 4 4045 ----
rs75627662 T C 0.189081 -0.007218 0.001406 -0.009973 -0.004464 -5.13552 2.87e-07 6.542065 5.393887 0.145125 0.443815 4 4045 -+--
rs79253750 A G 0.016129 -0.023738 0.004718 -0.032986 -0.01449 -5.031136 4.97e-07 6.303711 11.781886 0.002764 0.830248 3 3656 ---?
rs55722349 A G 0.145334 0.007745 0.00155 0.004706 0.010784 4.995728 5.97e-07 6.2239 4.854992 0.182729 0.382079 4 4045 ++++
rs34095326 A G 0.110966 -0.00868 0.001753 -0.012116 -0.005244 -4.951289 7.51e-07 6.124474 0.614091 0.893199 0 4 4045 ----
rs59317417 G A 0.148989 0.007612 0.001539 0.004596 0.010628 4.94678 7.68e-07 6.114433 5.083833 0.16576 0.409894 4 4045 ++++
rs78334957 C T 0.153561 0.007509 0.001525 0.00452 0.010498 4.923864 8.64e-07 6.063529 5.168741 0.15985 0.419588 4 4045 +-++
rs78825808 C T 0.154354 0.007471 0.001525 0.004482 0.010459 4.89913 9.8e-07 6.008835 5.185345 0.158718 0.421446 4 4045 +-++
rs438811 T C 0.205974 -0.007912 0.001617 -0.011081 -0.004743 -4.894062 1.01e-06 5.997659 1.296848 0.522869 0 3 1986 --?-
rs116951643 A G 0.071191 -0.01015 0.002075 -0.014218 -0.006082 -4.890182 1.03e-06 5.989111 0.387535 0.942805 0 4 4045 ----
rs140038970 T C 0.046827 -0.010359 0.002119 -0.014512 -0.006205 -4.887917 1.04e-06 5.984124 3.70525 0.156825 0.460225 3 1922 --?+
rs483082 T G 0.206398 -0.007859 0.001617 -0.011028 -0.00469 -4.861095 1.19e-06 5.925228 1.35255 0.508508 0 3 1986 --?-
rs62605967 T C 0.04636 -0.010296 0.002133 -0.014476 -0.006116 -4.827436 1.41e-06 5.851744 3.668794 0.15971 0.454862 3 1922 --?+
rs62605971 T G 0.04636 -0.010296 0.002133 -0.014476 -0.006116 -4.827436 1.41e-06 5.851744 3.668794 0.15971 0.454862 3 1922 --?+
rs62605974 T G 0.04636 -0.010296 0.002133 -0.014476 -0.006116 -4.827436 1.41e-06 5.851744 3.668794 0.15971 0.454862 3 1922 --?+
rs74978403 A T 0.154256 0.007323 0.001524 0.004337 0.01031 4.806289 1.56e-06 5.805819 5.143442 0.16159 0.416733 4 4045 +-++
rs61553951 T C 0.151021 0.007365 0.001533 0.00436 0.010371 4.803116 1.59e-06 5.798945 6.012581 0.111 0.501046 4 4045 +-++
rs74365933 T C 0.151634 0.00735 0.00153 0.00435 0.01035 4.802598 1.59e-06 5.797823 5.693948 0.127488 0.473125 4 4045 +-++
rs78403377 C T 0.154358 0.007308 0.001523 0.004322 0.010294 4.796611 1.64e-06 5.784864 5.123219 0.162994 0.414431 4 4045 +-++
rs145324483 A G 0.064421 -0.007682 0.001615 -0.010847 -0.004518 -4.758342 1.98e-06 5.702386 1.890937 0.388497 0 3 3653 ---?
rs16919385 C A 0.154395 0.00724 0.001523 0.004254 0.010227 4.752542 2.04e-06 5.689941 4.706366 0.194605 0.362566 4 4044 +-++
rs117189841 T C 0.023577 -0.017607 0.003741 -0.024939 -0.010275 -4.70659 2.56e-06 5.591827 0.610637 0.736889 0 3 3655 ---?
rs56953449 G A 0.148952 0.007234 0.001539 0.004218 0.010251 4.70034 2.64e-06 5.578548 5.908948 0.116125 0.492295 4 4045 ++++
rs58313882 G A 0.148952 0.007228 0.001539 0.004211 0.010244 4.695893 2.7e-06 5.569112 5.8926 0.116954 0.490887 4 4045 ++++
rs62605985 T G 0.06354 -0.007305 0.00157 -0.010381 -0.004228 -4.653852 3.31e-06 5.48031 6.561797 0.087257 0.542808 4 3978 ---+
rs139850162 T A 0.039817 -0.012557 0.002708 -0.017864 -0.007249 -4.63689 3.59e-06 5.444689 2.059926 0.560062 0 4 4045 ----
rs6562103 C T 0.489064 0.005081 0.001096 0.002933 0.00723 4.634844 3.63e-06 5.440402 5.3004 0.070637 0.62267 3 3850 +?+-
rs193702 A G 0.28197 -0.006626 0.00143 -0.009429 -0.003823 -4.633467 3.65e-06 5.437516 2.593324 0.273443 0.228789 3 1986 --?-
rs11641157 G A 0.48547 -0.006047 0.001305 -0.008606 -0.003488 -4.632107 3.68e-06 5.434668 3.19609 0.202292 0.374235 3 1985 -+?-
rs5117 C T 0.205591 -0.007464 0.001614 -0.010628 -0.004299 -4.622988 3.84e-06 5.415586 2.062747 0.356517 0.030419 3 1986 --?-
rs76980224 T C 0.124325 0.007684 0.001663 0.004424 0.010944 4.620024 3.9e-06 5.409391 4.698939 0.195217 0.361558 4 4044 +-++
rs145187746 A G 0.031046 -0.014287 0.003093 -0.020349 -0.008225 -4.61909 3.91e-06 5.407439 12.595079 0.005599 0.761812 4 4045 ---+
rs1590962 A C 0.151879 0.007052 0.001528 0.004056 0.010047 4.613851 4.01e-06 5.396501 6.078837 0.107837 0.506485 4 4045 +-++
rs117701257 A G 0.121455 0.007699 0.001675 0.004417 0.010981 4.597747 4.34e-06 5.362948 3.354678 0.340105 0.105726 4 4045 +-++
rs74518162 A G 0.016939 -0.023126 0.005044 -0.033013 -0.013239 -4.584589 4.62e-06 5.335615 1.91921 0.383044 0 3 1986 -+?-
rs17824837 C G 0.46735 0.004983 0.001089 0.00285 0.007117 4.577757 4.77e-06 5.321451 9.757898 0.02074 0.692557 4 4045 +-++
rs10890218 G T 0.218506 -0.005883 0.001288 -0.008407 -0.00336 -4.569525 4.96e-06 5.30441 3.872675 0.275545 0.225342 4 4045 -+--
rs506756 A G 0.169779 0.006624 0.00145 0.003783 0.009466 4.568939 4.98e-06 5.303199 0.997908 0.801758 0 4 4045 +-++
rs7901380 G A 0.158968 0.006851 0.0015 0.003912 0.00979 4.568466 4.99e-06 5.302222 5.980447 0.112565 0.498365 4 4044 ++++
rs587546 T C 0.169468 0.006638 0.001454 0.003787 0.009488 4.564072 5.09e-06 5.293138 1.069943 0.784334 0 4 4032 +-++
rs78678564 T C 0.089125 0.008726 0.001912 0.004978 0.012474 4.563568 5.1e-06 5.292098 3.157814 0.367928 0.049976 4 4045 +++-
rs16869632 T C 0.089125 0.008726 0.001912 0.004978 0.012474 4.563568 5.1e-06 5.292098 3.157814 0.367928 0.049976 4 4045 +++-
rs77315317 C A 0.089125 0.008726 0.001912 0.004978 0.012474 4.563568 5.1e-06 5.292098 3.157814 0.367928 0.049976 4 4045 +++-
rs76260938 C A 0.089125 0.008726 0.001912 0.004978 0.012474 4.563568 5.1e-06 5.292098 3.157814 0.367928 0.049976 4 4045 +++-
rs79970843 A G 0.089125 0.008726 0.001912 0.004978 0.012474 4.563568 5.1e-06 5.292098 3.157814 0.367928 0.049976 4 4045 +++-
rs4409154 A G 0.089125 0.008726 0.001912 0.004978 0.012474 4.563568 5.1e-06 5.292098 3.157814 0.367928 0.049976 4 4045 +++-
rs116002237 C G 0.089125 0.008726 0.001912 0.004978 0.012474 4.563568 5.1e-06 5.292098 3.157814 0.367928 0.049976 4 4045 +++-
rs4615345 T A 0.089125 0.008726 0.001912 0.004978 0.012474 4.563568 5.1e-06 5.292098 3.157814 0.367928 0.049976 4 4045 +++-
rs79787913 G A 0.089125 0.008726 0.001912 0.004978 0.012474 4.563568 5.1e-06 5.292098 3.157814 0.367928 0.049976 4 4045 +++-
rs76798570 T C 0.089125 0.008726 0.001912 0.004978 0.012474 4.563568 5.1e-06 5.292098 3.157814 0.367928 0.049976 4 4045 +++-
rs16869647 C T 0.089125 0.008726 0.001912 0.004978 0.012474 4.563568 5.1e-06 5.292098 3.157814 0.367928 0.049976 4 4045 +++-
rs142157322 T C 0.089125 0.008726 0.001912 0.004978 0.012474 4.563568 5.1e-06 5.292098 3.157814 0.367928 0.049976 4 4045 +++-
rs11576839 C T 0.070089 -0.009694 0.002127 -0.013863 -0.005524 -4.556708 5.27e-06 5.277936 2.436781 0.486825 0 4 4044 ----
rs151122579 G C 0.089424 0.008678 0.00191 0.004935 0.012421 4.544139 5.6e-06 5.252039 3.124866 0.372771 0.039959 4 4045 +++-
rs79003352 G A 0.089424 0.008678 0.00191 0.004935 0.012421 4.544139 5.6e-06 5.252039 3.124866 0.372771 0.039959 4 4045 +++-
rs12775296 G C 0.207695 0.006072 0.001338 0.003449 0.008694 4.538105 5.76e-06 5.239631 6.730739 0.080994 0.554284 4 4045 +-++
rs74843718 T C 0.018399 -0.020248 0.00448 -0.029029 -0.011467 -4.51974 6.28e-06 5.201956 3.812954 0.148603 0.475472 3 3656 ---?
rs7076737 G T 0.165014 0.006711 0.001486 0.003799 0.009624 4.516297 6.38e-06 5.19491 6.70567 0.081895 0.552617 4 4041 +-++
rs74183012 T C 0.101142 -0.008025 0.001777 -0.011507 -0.004542 -4.516467 6.38e-06 5.195258 1.802586 0.614372 0 4 4045 ----
rs4797183 C T 0.172036 0.006434 0.001425 0.003641 0.009228 4.514391 6.44e-06 5.19101 0.564065 0.904607 0 4 4041 ++++
rs79115651 G A 0.153766 0.006867 0.001522 0.003884 0.00985 4.512113 6.51e-06 5.186352 6.835803 0.07732 0.561134 4 4035 ++++
rs848302 T A 0.169279 -0.006344 0.00141 -0.009108 -0.003581 -4.499421 6.91e-06 5.16044 2.841961 0.416639 0 4 4045 ----
rs10890217 C T 0.220055 -0.005781 0.001285 -0.008301 -0.003262 -4.497674 6.97e-06 5.156877 3.703565 0.295304 0.18997 4 4045 -+--
rs8130738 A G 0.327887 -0.006249 0.00139 -0.008974 -0.003525 -4.495832 7.03e-06 5.153123 4.206573 0.122055 0.524554 3 1986 --?-
rs78666213 G T 0.027783 -0.015407 0.003429 -0.022128 -0.008686 -4.492819 7.13e-06 5.146986 6.257126 0.099749 0.520547 4 4045 ----
rs137998039 A G 0.023344 0.018889 0.004214 0.01063 0.027148 4.482601 7.48e-06 5.126201 0.643789 0.724774 0 3 1986 ++?+
rs143478841 T C 0.021013 -0.018059 0.004033 -0.025964 -0.010155 -4.478044 7.64e-06 5.116944 1.915304 0.59017 0 4 4045 ----
rs77031859 A G 0.080029 0.009004 0.002014 0.005057 0.012951 4.471438 7.88e-06 5.103541 4.423248 0.219239 0.321765 4 4045 +++-
rs4256396 C G 0.080029 0.009004 0.002014 0.005057 0.012951 4.471438 7.88e-06 5.103541 4.423248 0.219239 0.321765 4 4045 +++-
rs141274445 G T 0.080029 0.009004 0.002014 0.005057 0.012951 4.471438 7.88e-06 5.103541 4.423248 0.219239 0.321765 4 4045 +++-
rs7062538 T C 0.233178 -0.004007 0.000896 -0.005764 -0.00225 -4.470083 7.93e-06 5.100794 2.513251 0.472901 0 4 3978 ----
rs56733252 G A 0.158837 0.006691 0.0015 0.003751 0.00963 4.46141 8.26e-06 5.083232 8.098408 0.044021 0.629557 4 4045 ++++
rs114269354 G A 0.230241 -0.004113 0.000922 -0.00592 -0.002305 -4.459299 8.34e-06 5.078962 0.071945 0.994977 0 4 3978 ----
rs11798975 C G 0.208758 -0.004138 0.000928 -0.005957 -0.002319 -4.459103 8.35e-06 5.078566 1.701864 0.636519 0 4 3978 ----
rs761202 G A 0.208928 -0.004134 0.000928 -0.005954 -0.002314 -4.452883 8.59e-06 5.065995 1.508525 0.680304 0 4 3974 ----
rs148483488 A G 0.080328 0.008946 0.002011 0.005005 0.012887 4.44908 8.74e-06 5.058317 4.361681 0.224965 0.312192 4 4045 +++-
rs117226824 T G 0.080328 0.008946 0.002011 0.005005 0.012887 4.44908 8.74e-06 5.058317 4.361681 0.224965 0.312192 4 4045 +++-
rs77835055 A G 0.080328 0.008946 0.002011 0.005005 0.012887 4.44908 8.74e-06 5.058317 4.361681 0.224965 0.312192 4 4045 +++-
rs2347917 C T 0.080328 0.008946 0.002011 0.005005 0.012887 4.44908 8.74e-06 5.058317 4.361681 0.224965 0.312192 4 4045 +++-
rs11072285 A G 0.355839 0.005117 0.001151 0.002861 0.007372 4.446581 8.85e-06 5.053276 8.078581 0.044415 0.628648 4 4045 +-++
rs12010747 C T 0.233259 -0.004085 0.000919 -0.005886 -0.002284 -4.445706 8.88e-06 5.05151 0.084543 0.993626 0 4 3978 ----
rs756381 G T 0.208875 -0.004126 0.000928 -0.005945 -0.002307 -4.445766 8.88e-06 5.051631 1.783319 0.618572 0 4 3978 ----
rs76831030 T A 0.158174 0.006676 0.001502 0.003732 0.00962 4.445219 8.9e-06 5.050529 6.072236 0.108148 0.505948 4 4045 ++++
rs76159454 A C 0.080237 0.008937 0.002011 0.004995 0.01288 4.443301 8.98e-06 5.046662 4.350828 0.225988 0.310476 4 4045 +++-
rs1187121 G C 0.390201 0.00487 0.001097 0.00272 0.007021 4.438989 9.16e-06 5.037973 1.227077 0.746518 0 4 4045 ++++
rs35994137 A C 0.414949 0.004823 0.001087 0.002693 0.006953 4.43881 9.17e-06 5.037613 4.402981 0.221109 0.318643 4 4045 +-+-
rs4297704 G A 0.422459 0.004799 0.001081 0.00268 0.006918 4.438368 9.19e-06 5.036722 4.932114 0.176836 0.391742 4 4045 +-+-
rs325397 C T 0.261052 -0.005419 0.001221 -0.007812 -0.003025 -4.437924 9.21e-06 5.035829 5.382919 0.145811 0.442682 4 4045 -+-+
rs143834253 G C 0.229184 -0.0041 0.000924 -0.005911 -0.002288 -4.436407 9.27e-06 5.032774 0.031134 0.998552 0 4 3978 ----
rs35650144 A G 0.020505 0.01673 0.003772 0.009337 0.024122 4.435767 9.3e-06 5.031486 1.323897 0.723466 0 4 4045 ++++
rs4797180 T C 0.170775 0.006312 0.001426 0.003518 0.009107 4.427602 9.66e-06 5.015069 0.556292 0.906361 0 4 4045 ++++
rs116511250 T A 0.1401 0.006981 0.001577 0.003889 0.010073 4.425589 9.75e-06 5.011024 4.792926 0.187603 0.374078 4 4045 +-++
rs5922267 G A 0.209578 -0.004101 0.000927 -0.005918 -0.002285 -4.425377 9.76e-06 5.010599 1.737703 0.628584 0 4 3978 ----
rs4140569 G T 0.209578 -0.004101 0.000927 -0.005918 -0.002285 -4.425377 9.76e-06 5.010599 1.737703 0.628584 0 4 3978 ----
rs4140568 G A 0.209578 -0.004101 0.000927 -0.005918 -0.002285 -4.425377 9.76e-06 5.010599 1.737703 0.628584 0 4 3978 ----
rs2063061 A G 0.432253 0.004768 0.001078 0.002655 0.006881 4.422877 9.87e-06 5.005578 4.270414 0.233706 0.297492 4 4044 +-+-
rs112850702 T C 0.044187 -0.011422 0.002583 -0.016485 -0.00636 -4.42219 9.9e-06 5.0042 3.454738 0.32668 0.131627 4 4045 ----
rs199721355 T A 0.431856 0.004767 0.001078 0.002654 0.006881 4.422139 9.91e-06 5.004099 3.588494 0.309465 0.163995 4 4045 +-+-
rs7049947 G A 0.20912 -0.004103 0.000928 -0.005921 -0.002284 -4.422159 9.91e-06 5.004137 1.665492 0.644633 0 4 3978 ----
rs76953515 T A 0.119126 0.007508 0.001698 0.00418 0.010837 4.421138 9.95e-06 5.00209 3.612731 0.306433 0.169603 4 4045 +-++
