rs_number reference_allele other_allele eaf beta se beta_95L beta_95U z p-value -log10_p-value q_statistic q_p-value i2 n_studies n_samples effects
rs75627662 T C 0.274878 -0.120974 0.016164 -0.152655 -0.089292 -7.484223 7.52e-14 13.123979 14.06533 0.000177 0.928903 2 4850 -+
rs7259620 A G 0.368919 0.102271 0.014878 0.073111 0.131431 6.874086 6.48e-12 11.188724 0.220829 0.638409 0 2 4851 ++
rs1081105 C A 0.058235 -0.204579 0.03105 -0.265436 -0.143722 -6.588778 4.59e-11 10.338234 2.057445 0.151464 0.51396 2 4851 --
rs141622900 A G 0.038755 0.242402 0.036897 0.170084 0.31472 6.569706 5.22e-11 10.282614 0.251066 0.616326 0 2 4851 ++
chr19:44909976:G:T T G 0.055552 0.203066 0.031262 0.141792 0.264339 6.495587 8.55e-11 10.067939 1.164742 0.280484 0.141441 2 4851 ++
rs112019714 C T 0.058952 -0.19746 0.030889 -0.258001 -0.136918 -6.392667 1.68e-10 9.773719 2.390509 0.122074 0.581679 2 4851 --
rs115881343 T C 0.05689 -0.199372 0.031674 -0.261452 -0.137291 -6.294554 3.18e-10 9.497432 2.303482 0.129084 0.565875 2 4825 --
rs7412 T C 0.054377 0.197242 0.031524 0.135456 0.259029 6.256964 4.05e-10 9.39266 0.590079 0.442389 0 2 4846 ++
rs114536010 T C 0.053089 -0.202983 0.032644 -0.266964 -0.139001 -6.218121 5.19e-10 9.285026 2.287286 0.130438 0.562801 2 4841 --
rs79398853 T C 0.053318 -0.201163 0.032568 -0.264996 -0.13733 -6.176695 6.75e-10 9.170942 2.273603 0.131594 0.56017 2 4848 --
rs112849259 T C 0.0534 -0.199751 0.032412 -0.263278 -0.136224 -6.162965 7.36e-10 9.133291 2.150037 0.142566 0.534892 2 4850 --
rs75687619 T G 0.053491 -0.198852 0.032386 -0.26233 -0.135375 -6.140004 8.5e-10 9.070505 2.120981 0.145293 0.52852 2 4851 --
rs116881820 C T 0.05391 -0.197878 0.032432 -0.261444 -0.134311 -6.101306 1.08e-09 8.965192 2.101431 0.147161 0.524134 2 4851 --
rs77301115 A G 0.053287 -0.19709 0.032457 -0.260705 -0.133475 -6.072381 1.3e-09 8.88689 2.066483 0.150568 0.516086 2 4851 --
rs140480140 A G 0.058549 -0.188023 0.031178 -0.249133 -0.126914 -6.030627 1.68e-09 8.774486 2.112417 0.146108 0.526609 2 4851 --
rs150966173 T C 0.056132 -0.19467 0.0323 -0.257978 -0.131362 -6.026932 1.72e-09 8.764575 2.01177 0.156083 0.502925 2 4801 --
rs188535946 A G 0.054832 -0.190207 0.031691 -0.252321 -0.128092 -6.001867 2.01e-09 8.697491 1.383569 0.239494 0.277232 2 4851 --
rs59325138 T C 0.329956 0.086493 0.01558 0.055955 0.117031 5.551352 2.9e-08 7.537096 0.023996 0.876896 0 2 4851 ++
rs8106922 G A 0.330046 0.085906 0.01567 0.055194 0.116619 5.48231 4.3e-08 7.366841 0.003037 0.956054 0 2 4851 ++
rs2238681 T C 0.33139 0.079509 0.015654 0.048827 0.110192 5.079072 3.87e-07 6.412602 0.059449 0.807369 0 2 4851 ++
rs34878901 T C 0.342733 0.077744 0.015322 0.047713 0.107775 5.074051 3.97e-07 6.401151 0.847421 0.357283 0 2 4851 ++
rs1305062 C G 0.338359 0.077727 0.015431 0.047482 0.107972 5.036998 4.82e-07 6.316977 1.045366 0.306577 0.043397 2 4851 ++
rs147711004 A G 0.054008 -0.161145 0.032855 -0.225541 -0.096749 -4.904713 9.52e-07 6.021158 0.350617 0.553764 0 2 4851 --
rs56813510 A C 0.17044 0.095496 0.019648 0.056985 0.134007 4.860243 1.19e-06 5.923362 0.170711 0.67948 0 2 4850 ++
rs41289512 G C 0.062461 -0.146915 0.030495 -0.206685 -0.087145 -4.817703 1.48e-06 5.830584 0.265352 0.606467 0 2 4851 --
rs12462573 A G 0.303786 -0.076182 0.015856 -0.107259 -0.045106 -4.804777 1.58e-06 5.802544 0.108939 0.741355 0 2 4851 --
rs56317818 T C 0.304866 -0.076032 0.015834 -0.107068 -0.044997 -4.801702 1.6e-06 5.795882 0.188149 0.664462 0 2 4851 --
rs7254892 A G 0.033498 0.1897 0.039795 0.111701 0.267698 4.76693 1.9e-06 5.720842 2.08117 0.149126 0.519501 2 4851 ++
rs769450 A G 0.340113 0.072411 0.015381 0.042265 0.102558 4.707956 2.54e-06 5.594729 0.496015 0.481256 0 2 4851 ++
rs17596919 A G 0.112136 0.108564 0.023116 0.063256 0.153871 4.696473 2.69e-06 5.570342 9.1e-05 0.992391 0 2 4851 ++
rs57943011 C T 0.220126 -0.082666 0.01789 -0.11773 -0.047602 -4.620812 3.88e-06 5.411036 1.490895 0.222078 0.329262 2 4851 -+
rs13380060 T C 0.19486 0.083088 0.018274 0.04727 0.118906 4.546717 5.53e-06 5.257346 0.218034 0.640542 0 2 4851 ++
rs10059578 G T 0.251706 -0.075873 0.016722 -0.108648 -0.043097 -4.537211 5.78e-06 5.237794 0.136502 0.711784 0 2 4851 --
rs80015997 T C 0.065345 -0.135286 0.029945 -0.193979 -0.076593 -4.51775 6.34e-06 5.197883 0.436576 0.50878 0 2 4851 --
rs11668861 T G 0.431449 0.06605 0.014678 0.037281 0.094819 4.499945 6.89e-06 5.161508 4.425679 0.035402 0.774046 2 4849 +-
rs9662941 A G 0.186677 -0.085299 0.018966 -0.122473 -0.048124 -4.497336 6.98e-06 5.156188 2.176217 0.140159 0.540487 2 4843 -+
rs10057323 A T 0.253676 -0.074945 0.016695 -0.107666 -0.042223 -4.489177 7.25e-06 5.139571 0.052556 0.818674 0 2 4851 --
rs60798442 A G 0.187555 -0.08482 0.018939 -0.12194 -0.0477 -4.478627 7.62e-06 5.118127 2.15854 0.141779 0.536724 2 4851 -+
rs1336125 G T 0.422942 -0.065942 0.014725 -0.094802 -0.037081 -4.478315 7.63e-06 5.117495 0.36419 0.546189 0 2 4851 --
rs17581281 T C 0.198871 0.081408 0.018192 0.04575 0.117065 4.474796 7.76e-06 5.110352 0.134655 0.713654 0 2 4847 ++
rs6674724 T A 0.18771 -0.084662 0.018939 -0.121782 -0.047542 -4.470312 7.92e-06 5.10126 2.152857 0.142305 0.535501 2 4851 -+
rs13279504 A G 0.06442 -0.128284 0.028787 -0.184707 -0.071861 -4.456294 8.45e-06 5.072887 0.448426 0.503084 0 2 4851 --
rs12041781 A G 0.081947 -0.119138 0.026759 -0.171586 -0.06669 -4.452248 8.62e-06 5.064713 0.447745 0.503408 0 2 4851 --
rs715707 A G 0.081127 -0.211979 0.04767 -0.305413 -0.118545 -4.446754 8.84e-06 5.053623 0.595394 0.440341 0 2 1091 --
rs28399596 A G 0.027005 0.203591 0.045798 0.113827 0.293354 4.445437 8.89e-06 5.050967 8.070106 0.0045 0.876086 2 4851 +-
rs11204118 T C 0.057927 0.137651 0.031041 0.076812 0.198491 4.434562 9.35e-06 5.029062 1.613049 0.204064 0.380056 2 4851 ++
rs9647276 A C 0.438931 0.064396 0.014523 0.035929 0.092862 4.433888 9.38e-06 5.027706 1.854598 0.17325 0.4608 2 4850 ++
rs17092705 G C 0.059779 0.134442 0.030351 0.074954 0.19393 4.429595 9.57e-06 5.019073 0.626313 0.428711 0 2 4851 ++
rs28399657 G A 0.025873 0.206633 0.046673 0.115153 0.298113 4.427207 9.68e-06 5.014275 5.526322 0.018732 0.819048 2 4851 +-
