rs_number reference_allele other_allele eaf beta se beta_95L beta_95U z p-value -log10_p-value q_statistic q_p-value i2 n_studies n_samples effects
rs7259620 A G 0.369003 0.019274 0.002153 0.015055 0.023494 8.953514 3.65e-19 18.437852 0.256196 0.612746 0 2 3884 ++
rs75627662 T C 0.275252 -0.020725 0.002343 -0.025317 -0.016134 -8.847002 9.52e-19 18.021517 12.405244 0.000428 0.919389 2 3883 -+
rs1081105 C A 0.058027 -0.035842 0.004544 -0.044749 -0.026935 -7.88704 3.24e-15 14.488808 0.034165 0.853355 0 2 3884 --
rs112019714 C T 0.058705 -0.035255 0.004529 -0.044132 -0.026378 -7.783942 7.36e-15 14.132881 0.056011 0.812916 0 2 3884 --
rs112849259 T C 0.053245 -0.036199 0.004769 -0.045547 -0.026852 -7.59019 3.34e-14 13.476292 0.103887 0.747214 0 2 3884 --
rs75687619 T G 0.053336 -0.036035 0.004765 -0.045374 -0.026695 -7.56227 4.14e-14 13.382999 0.096019 0.75666 0 2 3884 --
rs77301115 A G 0.053113 -0.035953 0.004773 -0.045309 -0.026597 -7.531985 5.22e-14 13.282181 0.09229 0.761286 0 2 3884 --
rs59325138 T C 0.330381 0.016971 0.002256 0.012549 0.021393 7.522485 5.62e-14 13.250637 0.094087 0.759044 0 2 3884 ++
rs114536010 T C 0.052942 -0.035991 0.0048 -0.045399 -0.026583 -7.498088 6.76e-14 13.169806 0.070233 0.790999 0 2 3877 --
rs188535946 A G 0.054604 -0.03478 0.004656 -0.043906 -0.025655 -7.470207 8.36e-14 13.07774 0.049399 0.824112 0 2 3884 --
chr19:44909976:G:T T G 0.055305 0.033252 0.004459 0.024511 0.041993 7.4565 9.28e-14 13.0326 1.09986 0.294297 0.090793 2 3884 ++
rs79398853 T C 0.053153 -0.03563 0.004781 -0.045002 -0.026259 -7.452115 9.59e-14 13.018176 0.080002 0.777295 0 2 3882 --
rs7412 T C 0.054188 0.033377 0.004505 0.024546 0.042207 7.407983 1.34e-13 12.873469 0.476282 0.490111 0 2 3881 ++
rs115881343 T C 0.056764 -0.03434 0.00464 -0.043435 -0.025246 -7.400796 1.41e-13 12.849983 0.206976 0.649148 0 2 3863 --
rs116881820 C T 0.053733 -0.035084 0.004768 -0.044429 -0.025738 -7.357922 1.95e-13 12.710332 0.043621 0.83456 0 2 3884 --
rs140480140 A G 0.058254 -0.033181 0.004537 -0.042072 -0.024289 -7.313822 2.71e-13 12.567505 0.250061 0.617032 0 2 3884 --
rs150966173 T C 0.055917 -0.03429 0.004698 -0.043499 -0.025081 -7.29836 3.04e-13 12.517623 0.005502 0.940871 0 2 3849 --
rs141622900 A G 0.038484 0.035474 0.005335 0.025018 0.04593 6.649579 3.04e-11 10.516573 3.161516 0.075393 0.683696 2 3884 ++
rs8106922 G A 0.330694 0.014586 0.002266 0.010144 0.019028 6.436332 1.26e-10 9.897996 0.021742 0.882775 0 2 3884 ++
rs41289512 G C 0.06258 -0.02688 0.004401 -0.035506 -0.018254 -6.107855 1.04e-09 8.982968 0.204662 0.650984 0 2 3884 --
rs147711004 A G 0.054078 -0.028877 0.004734 -0.038155 -0.019599 -6.100315 1.09e-09 8.962503 0.142383 0.705924 0 2 3884 --
rs34878901 T C 0.34246 0.013426 0.002217 0.009081 0.017771 6.056342 1.43e-09 8.843626 2.272568 0.131682 0.559969 2 3884 ++
rs2238681 T C 0.332015 0.013626 0.002261 0.009195 0.018058 6.026735 1.72e-09 8.764045 0.158501 0.69054 0 2 3884 ++
rs11668861 T G 0.431454 0.012796 0.002141 0.0086 0.016991 5.977431 2.33e-09 8.632349 1.742805 0.186784 0.426212 2 3882 ++
rs1305062 C G 0.33831 0.013349 0.002233 0.008972 0.017726 5.977775 2.33e-09 8.633263 4.414152 0.035642 0.773456 2 3884 +-
rs7254892 A G 0.032872 0.0336 0.005703 0.022423 0.044777 5.891893 3.92e-09 8.406307 7.228712 0.007175 0.861663 2 3884 ++
rs769450 A G 0.339989 0.013032 0.002227 0.008667 0.017396 5.852292 4.98e-09 8.302708 5.845883 0.015614 0.828939 2 3884 +-
rs60049679 C G 0.10367 -0.018151 0.003436 -0.024885 -0.011416 -5.282394 1.3e-07 6.885197 3.983203 0.045956 0.748946 2 3884 -+
rs3852860 T C 0.382765 0.01116 0.002186 0.006875 0.015445 5.104452 3.38e-07 6.470645 0.214889 0.642962 0 2 3884 ++
rs3852861 T G 0.382765 0.01116 0.002186 0.006875 0.015445 5.104452 3.38e-07 6.470645 0.214889 0.642962 0 2 3884 ++
rs56317818 T C 0.305087 -0.011413 0.002305 -0.015931 -0.006896 -4.952218 7.47e-07 6.126546 0.003539 0.952559 0 2 3884 --
rs12462573 A G 0.304036 -0.011261 0.002308 -0.015785 -0.006737 -4.879201 1.08e-06 5.964952 0.130564 0.717848 0 2 3884 --
rs11177671 C T 0.231778 -0.012237 0.002524 -0.017183 -0.007291 -4.849231 1.26e-06 5.899272 0.021342 0.883851 0 2 3879 --
rs11259912 T C 0.06945 -0.020028 0.004185 -0.028231 -0.011826 -4.785779 1.73e-06 5.761456 6.45101 0.011089 0.844986 2 3884 --
rs7042762 C G 0.139645 -0.014126 0.003034 -0.020073 -0.00818 -4.656206 3.27e-06 5.485262 0.095124 0.757761 0 2 3884 --
rs12501200 C A 0.277476 -0.01101 0.00237 -0.015654 -0.006365 -4.646235 3.43e-06 5.464299 0.061031 0.804874 0 2 3883 --
rs73048293 A G 0.339594 -0.01042 0.002246 -0.014822 -0.006019 -4.640117 3.54e-06 5.451457 1.247612 0.264009 0.198469 2 3882 --
rs7032453 A G 0.139344 -0.014072 0.003036 -0.020022 -0.008122 -4.635239 3.62e-06 5.44123 0.093299 0.760024 0 2 3884 --
rs13101388 T C 0.140442 -0.013824 0.002993 -0.01969 -0.007959 -4.619354 3.91e-06 5.40799 0.477681 0.489475 0 2 3884 --
rs7967700 G A 0.027185 -0.030036 0.00652 -0.042815 -0.017258 -4.606953 4.15e-06 5.382116 0.599289 0.438849 0 2 3884 --
rs4803763 C G 0.303558 -0.010633 0.002311 -0.015162 -0.006105 -4.601972 4.25e-06 5.371742 3.122522 0.077217 0.679746 2 3884 -+
rs12459575 A G 0.339007 -0.01027 0.002247 -0.014675 -0.005865 -4.569922 4.95e-06 5.305233 1.267914 0.260158 0.211303 2 3884 --
rs3745150 C G 0.337425 0.010204 0.002248 0.005799 0.01461 4.539994 5.71e-06 5.243512 0.108988 0.741299 0 2 3884 ++
rs72851630 T C 0.039533 -0.024472 0.005396 -0.035048 -0.013897 -4.535573 5.83e-06 5.234428 0.74452 0.388217 0 2 3884 --
rs2972559 G C 0.30591 -0.01039 0.002299 -0.014895 -0.005885 -4.520163 6.27e-06 5.202823 2.451152 0.117439 0.592029 2 3884 -+
rs71495469 A G 0.061678 -0.019359 0.004309 -0.027804 -0.010914 -4.492846 7.13e-06 5.147041 0.052324 0.819068 0 2 3884 --
rs35600435 G A 0.06499 -0.018911 0.004233 -0.027207 -0.010614 -4.467422 8.03e-06 5.095403 0.100768 0.75091 0 2 3884 --
rs7710365 G A 0.19511 -0.011853 0.002659 -0.017066 -0.006641 -4.457165 8.42e-06 5.074648 0.053533 0.817025 0 2 3884 --
chr10:8978099:T:A T A 0.434332 -0.009373 0.002108 -0.013504 -0.005241 -4.445978 8.87e-06 5.052058 1.403905 0.236071 0.287701 2 3884 --
rs3806175 A G 0.04465 -0.022142 0.005006 -0.031953 -0.012331 -4.423351 9.85e-06 5.006531 1.665849 0.196815 0.399706 2 3883 --
