rs_number reference_allele other_allele eaf beta se beta_95L beta_95U z p-value -log10_p-value q_statistic q_p-value i2 n_studies n_samples effects
rs157581 C T 0.465391 -0.189655 0.02485 -0.238361 -0.140949 -7.632031 2.42e-14 13.616725 8.401608 0.003749 0.880975 2 2065 +-?
rs184017 G T 0.447429 -0.186308 0.024964 -0.235238 -0.137378 -7.462966 8.83e-14 13.053884 5.259144 0.021832 0.809855 2 2065 +-?
rs3925681 A G 0.260486 0.200807 0.027567 0.146776 0.254838 7.284364 3.37e-13 12.472561 2.277516 0.131262 0.560925 2 2065 ++?
rs283811 G A 0.400003 -0.177779 0.024739 -0.226267 -0.129291 -7.186246 6.93e-13 12.158996 8.650243 0.00327 0.884396 2 2065 +-?
rs438811 C T 0.499518 0.166468 0.023677 0.120062 0.212875 7.030924 2.13e-12 11.671023 9.322895 0.002263 0.892737 2 2065 -+?
rs112019714 C T 0.068153 -0.232709 0.036627 -0.304499 -0.160919 -6.353392 2.17e-10 9.66263 12.858012 0.001614 0.844455 3 2487 +--
rs140480140 A G 0.059713 -0.234752 0.037442 -0.308138 -0.161365 -6.269725 3.73e-10 9.428162 7.863151 0.019613 0.745649 3 2487 ---
rs769450 A G 0.370331 0.117055 0.01869 0.080424 0.153687 6.263099 3.89e-10 9.409717 25.458834 2.96e-06 0.921442 3 2487 +++
rs4803772 T C 0.224709 0.181632 0.029191 0.124417 0.238847 6.222115 5.06e-10 9.296066 1.528222 0.216379 0.345645 2 2065 ++?
rs34878901 T C 0.426408 0.112322 0.018132 0.076783 0.147861 6.194583 6.02e-10 9.220115 20.44117 3.64e-05 0.902158 3 2487 +++
rs59325138 T C 0.255107 0.128964 0.020975 0.087853 0.170076 6.148365 8.07e-10 9.093341 16.685774 0.000238 0.880137 3 2487 +++
rs4803770 G C 0.254711 0.172155 0.028116 0.117048 0.227261 6.123111 9.45e-10 9.024454 1.618497 0.203301 0.382143 2 2065 ++?
rs1081105 C A 0.059108 -0.231298 0.037795 -0.305376 -0.15722 -6.119808 9.65e-10 9.015465 5.996774 0.049867 0.666487 3 2487 ---
rs188535946 A G 0.0581 -0.229698 0.037863 -0.303911 -0.155486 -6.066501 1.35e-09 8.871015 7.763592 0.020614 0.742387 3 2487 ---
rs77301115 A G 0.054507 -0.241242 0.040029 -0.319699 -0.162785 -6.026636 1.72e-09 8.763779 8.899677 0.01168 0.775273 3 2486 +--
rs112849259 T C 0.054329 -0.241494 0.040196 -0.320278 -0.162711 -6.007949 1.93e-09 8.713744 9.100089 0.010567 0.780222 3 2485 +--
rs115881343 T C 0.053846 -0.241961 0.040529 -0.321397 -0.162525 -5.970143 2.44e-09 8.612969 5.716855 0.057359 0.650157 3 2470 +--
rs75687619 T G 0.053679 -0.241393 0.040442 -0.320659 -0.162126 -5.968867 2.46e-09 8.609578 10.194828 0.006113 0.803822 3 2487 +--
rs150966173 T C 0.055197 -0.228192 0.039021 -0.304673 -0.151711 -5.847945 5.11e-09 8.291376 7.540064 0.023051 0.73475 3 2464 ---
rs7259620 A G 0.424808 0.104899 0.018113 0.069396 0.140401 5.791209 7.17e-09 8.144211 19.305113 6.43e-05 0.896401 3 2487 -++
rs116881820 C T 0.053879 -0.230978 0.040292 -0.309951 -0.152006 -5.732589 1.01e-08 7.993589 7.773152 0.020515 0.742704 3 2487 +--
rs79398853 T C 0.053524 -0.231251 0.040624 -0.310874 -0.151628 -5.69248 1.28e-08 7.891369 8.880149 0.011795 0.774779 3 2485 +--
rs114536010 T C 0.05289 -0.231811 0.040812 -0.311802 -0.151819 -5.679966 1.38e-08 7.859616 9.021599 0.01099 0.77831 3 2477 +--
rs12721056 T G 0.276068 0.150594 0.02721 0.097262 0.203925 5.534509 3.2e-08 7.495375 1.771129 0.183242 0.435388 2 2065 ++?
rs1305062 C G 0.374364 0.099187 0.018603 0.062725 0.135648 5.331768 9.94e-08 7.002585 21.918648 1.74e-05 0.908753 3 2487 +++
rs118170342 C T 0.072644 -0.246245 0.046667 -0.337713 -0.154778 -5.276661 1.34e-07 6.871633 4.763307 0.029073 0.790062 2 2065 +-?
rs78959900 A G 0.270921 0.143395 0.027383 0.089725 0.197065 5.236737 1.67e-07 6.777559 2.446218 0.117808 0.591206 2 2058 -+?
rs4100227 A G 0.057905 -0.198236 0.038132 -0.272974 -0.123498 -5.198726 2.05e-07 6.688617 7.460311 0.023989 0.731915 3 2487 +--
rs11637609 A G 0.247654 0.105923 0.020806 0.065143 0.146704 5.090939 3.63e-07 6.439707 0.675798 0.713267 0 3 2487 +++
rs1376969 T G 0.189366 -0.157108 0.030878 -0.217629 -0.096586 -5.087966 3.69e-07 6.432911 0.002093 0.96351 0 2 2065 --?
rs2238681 T C 0.237621 0.106823 0.021162 0.065345 0.148301 5.047792 4.56e-07 6.341437 23.244886 8.96e-06 0.91396 3 2487 -++
rs9615775 T G 0.021313 -0.313497 0.063288 -0.437541 -0.189453 -4.953516 7.42e-07 6.129438 2.564741 0.277379 0.220194 3 2487 ---
rs11636323 A G 0.246458 0.103187 0.020894 0.062236 0.144138 4.938689 8.01e-07 6.096435 0.658542 0.719448 0 3 2487 +++
rs9615770 A G 0.021112 -0.311914 0.064003 -0.43736 -0.186468 -4.873438 1.12e-06 5.952292 2.279461 0.319905 0.1226 3 2487 ---
rs1935158 C T 0.492543 0.086821 0.017825 0.051883 0.121758 4.870688 1.13e-06 5.946257 0.705467 0.702764 0 3 2487 +++
rs11631745 T A 0.228193 0.104469 0.021474 0.06238 0.146558 4.864874 1.17e-06 5.933508 1.808698 0.404805 0 3 2487 +++
rs12072509 C T 0.492543 0.086394 0.017825 0.051457 0.121332 4.846773 1.28e-06 5.893902 0.666445 0.716611 0 3 2487 +++
rs10863588 C T 0.491936 0.086238 0.017802 0.051345 0.121131 4.844189 1.29e-06 5.888259 0.542351 0.762483 0 3 2487 +++
rs1592082 C T 0.491936 0.086238 0.017802 0.051345 0.121131 4.844189 1.29e-06 5.888259 0.542351 0.762483 0 3 2487 +++
rs2378437 G A 0.491936 0.086238 0.017802 0.051345 0.121131 4.844189 1.29e-06 5.888259 0.542351 0.762483 0 3 2487 +++
rs10779425 A G 0.491936 0.086238 0.017802 0.051345 0.121131 4.844189 1.29e-06 5.888259 0.542351 0.762483 0 3 2487 +++
rs2000800 T C 0.04357 -0.303929 0.062798 -0.427014 -0.180844 -4.839764 1.32e-06 5.878603 1.199518 0.273418 0.166331 2 482 -?-
rs71439514 C T 0.060313 -0.176653 0.036628 -0.248443 -0.104862 -4.8229 1.44e-06 5.841877 1.591752 0.451186 0 3 2487 ---
rs34162343 T C 0.060313 -0.176653 0.036628 -0.248443 -0.104862 -4.8229 1.44e-06 5.841877 1.591752 0.451186 0 3 2487 ---
rs36089487 C T 0.29355 -0.097146 0.020153 -0.136646 -0.057646 -4.820438 1.46e-06 5.836526 1.158496 0.56032 0 3 2487 ---
rs1442459 A C 0.491567 0.085252 0.017838 0.050289 0.120215 4.779199 1.79e-06 5.747262 0.597707 0.741668 0 3 2487 +++
rs1442460 A G 0.491325 0.084988 0.017832 0.050038 0.119938 4.766108 1.91e-06 5.719076 0.575217 0.750055 0 3 2487 +++
rs12583079 A G 0.060111 -0.174605 0.036647 -0.246434 -0.102776 -4.764457 1.93e-06 5.715526 1.541252 0.462723 0 3 2487 ---
rs12874671 C T 0.060111 -0.174605 0.036647 -0.246434 -0.102776 -4.764457 1.93e-06 5.715526 1.541252 0.462723 0 3 2487 ---
rs13437632 A G 0.186555 -0.110873 0.023343 -0.156625 -0.06512 -4.749673 2.07e-06 5.68379 1.923183 0.382284 0 3 2487 ---
rs7927708 T C 0.044603 -0.295041 0.062111 -0.416777 -0.173304 -4.750248 2.07e-06 5.685021 1.123201 0.28923 0.109687 2 482 -?-
rs10863583 A G 0.491567 0.084652 0.017828 0.049708 0.119595 4.74814 2.09e-06 5.680504 0.547705 0.760444 0 3 2487 +++
rs635719 A G 0.321749 0.121515 0.025715 0.071114 0.171916 4.72545 2.33e-06 5.631988 3.638815 0.056447 0.725185 2 2065 ++?
rs4765217 G T 0.297087 -0.12558 0.026594 -0.177703 -0.073456 -4.722163 2.37e-06 5.624977 0.520312 0.470709 0 2 2065 --?
rs13437863 C T 0.185986 -0.110344 0.023385 -0.156179 -0.064508 -4.718487 2.41e-06 5.617143 2.026625 0.363014 0.013138 3 2487 ---
rs76867716 C A 0.185986 -0.110344 0.023385 -0.156179 -0.064508 -4.718487 2.41e-06 5.617143 2.026625 0.363014 0.013138 3 2487 ---
rs4579468 T C 0.185986 -0.110344 0.023385 -0.156179 -0.064508 -4.718487 2.41e-06 5.617143 2.026625 0.363014 0.013138 3 2487 ---
rs4571664 T A 0.185986 -0.110344 0.023385 -0.156179 -0.064508 -4.718487 2.41e-06 5.617143 2.026625 0.363014 0.013138 3 2487 ---
rs36039000 T C 0.180699 -0.110809 0.023561 -0.156989 -0.064629 -4.702996 2.61e-06 5.58419 0.833014 0.659346 0 3 2487 ---
rs78972466 T C 0.185783 -0.109903 0.02338 -0.155728 -0.064078 -4.700695 2.63e-06 5.579304 1.985356 0.370583 0 3 2487 ---
rs77820890 G T 0.185783 -0.109903 0.02338 -0.155728 -0.064078 -4.700695 2.63e-06 5.579304 1.985356 0.370583 0 3 2487 ---
rs11981834 T G 0.185783 -0.109903 0.02338 -0.155728 -0.064078 -4.700695 2.63e-06 5.579304 1.985356 0.370583 0 3 2487 ---
rs961986 T C 0.185783 -0.109903 0.02338 -0.155728 -0.064078 -4.700695 2.63e-06 5.579304 1.985356 0.370583 0 3 2487 ---
rs10218741 A G 0.491325 0.083673 0.017835 0.048717 0.11863 4.691552 2.75e-06 5.559909 0.472953 0.789405 0 3 2487 +++
rs78020906 A G 0.185986 -0.10957 0.023367 -0.155368 -0.063772 -4.689179 2.79e-06 5.55488 2.011842 0.365708 0.005886 3 2487 ---
rs7809880 A G 0.035785 -0.227295 0.048614 -0.322578 -0.132011 -4.675499 2.98e-06 5.525942 0.044373 0.978058 0 3 2487 ---
rs57329797 T C 0.185744 -0.1093 0.023389 -0.155143 -0.063458 -4.673119 3.01e-06 5.520915 2.007266 0.366545 0.00362 3 2487 ---
rs12673784 A G 0.18094 -0.109935 0.023539 -0.156071 -0.063799 -4.670379 3.05e-06 5.515131 0.816613 0.664775 0 3 2487 ---
rs13079690 A T 0.200967 -0.140352 0.030127 -0.199401 -0.081302 -4.658632 3.23e-06 5.490368 0.058426 0.809 0 2 2065 --?
rs7505745 G A 0.468641 0.114574 0.024598 0.066361 0.162787 4.657806 3.25e-06 5.48863 1.712196 0.190701 0.415955 2 2060 ++?
rs4277873 T G 0.240646 -0.139126 0.029969 -0.197865 -0.080388 -4.642412 3.5e-06 5.456272 2.191089 0.138811 0.543606 2 482 +?-
rs617442 G A 0.32204 0.119163 0.025706 0.068778 0.169548 4.635524 3.62e-06 5.441827 3.755526 0.052633 0.733726 2 2065 ++?
rs12487737 C T 0.170189 -0.149829 0.032328 -0.213192 -0.086466 -4.634665 3.63e-06 5.440027 0.037975 0.845494 0 2 2065 --?
rs80269913 G A 0.019501 -0.310474 0.067073 -0.441937 -0.179011 -4.628902 3.73e-06 5.427957 0.227796 0.892349 0 3 2487 ---
rs7192178 G A 0.385768 0.085516 0.018494 0.049269 0.121764 4.624115 3.82e-06 5.417941 1.693661 0.428772 0 3 2487 +++
rs9444965 C A 0.37717 0.08507 0.018416 0.048974 0.121166 4.619257 3.91e-06 5.407788 5.590534 0.061099 0.642252 3 2487 -++
rs62492112 G A 0.235385 -0.130908 0.028428 -0.186627 -0.07519 -4.604935 4.19e-06 5.377912 3.151795 0.075843 0.68272 2 2065 --?
rs10779424 G A 0.501449 0.082018 0.017817 0.047096 0.116939 4.603359 4.22e-06 5.374629 1.669442 0.433996 0 3 2487 +++
rs11150376 A G 0.356682 0.085759 0.018639 0.049226 0.122291 4.601048 4.27e-06 5.369819 1.482312 0.476563 0 3 2487 +++
rs9615768 T C 0.019098 -0.307686 0.06707 -0.439143 -0.176229 -4.587535 4.55e-06 5.341729 1.200189 0.54876 0 3 2487 ---
rs11220765 C A 0.201251 -0.102401 0.022366 -0.146238 -0.058563 -4.578412 4.76e-06 5.322808 4.98215 0.082821 0.598567 3 2487 ---
rs2957523 G A 0.371741 -0.084674 0.01852 -0.120972 -0.048375 -4.572124 4.9e-06 5.309788 0.721262 0.697236 0 3 2487 ---
rs72990065 G A 0.033256 -0.227721 0.049955 -0.325632 -0.12981 -4.558559 5.23e-06 5.281754 2.393536 0.302169 0.164416 3 2481 ---
rs1442466 C T 0.502056 0.081196 0.017849 0.046211 0.11618 4.548991 5.47e-06 5.262028 1.742276 0.418475 0 3 2487 +++
rs9580848 T C 0.357858 -0.084428 0.018589 -0.120861 -0.047994 -4.541857 5.66e-06 5.247344 0.572746 0.750982 0 3 2487 ---
rs648691 C T 0.355668 0.085222 0.018777 0.048419 0.122024 4.538696 5.74e-06 5.240845 7.955512 0.018728 0.748602 3 2487 +++
rs8106922 G A 0.24843 0.095331 0.021054 0.054064 0.136597 4.527858 6.05e-06 5.218594 18.672886 8.82e-05 0.892893 3 2484 -++
rs11070539 G C 0.194806 -0.105935 0.023414 -0.151826 -0.060044 -4.524498 6.14e-06 5.211704 1.65679 0.43675 0 3 2487 +--
rs403880 T C 0.296374 0.089199 0.019738 0.050513 0.127885 4.519194 6.3e-06 5.200839 1.105259 0.575435 0 3 2487 +++
rs12740 G A 0.313218 -0.089839 0.019896 -0.128835 -0.050842 -4.515357 6.41e-06 5.192987 2.60426 0.271952 0.232027 3 2487 ---
rs4901740 T C 0.243107 0.126895 0.028135 0.07175 0.18204 4.5102 6.57e-06 5.182442 1.500463 0.2206 0.333539 2 2065 ++?
rs2080845 A C 0.210115 -0.098952 0.021999 -0.142071 -0.055834 -4.497988 6.96e-06 5.157517 7.851768 0.019725 0.74528 3 2487 +--
rs3856914 G T 0.175093 -0.142371 0.031669 -0.204442 -0.0803 -4.495598 7.04e-06 5.152646 0.00026 0.987127 0 2 2065 --?
rs3856915 A G 0.175093 -0.142371 0.031669 -0.204442 -0.0803 -4.495598 7.04e-06 5.152646 0.00026 0.987127 0 2 2065 --?
rs11228576 G A 0.032169 -0.236942 0.052716 -0.340264 -0.133619 -4.494716 7.07e-06 5.15085 0.22167 0.895086 0 3 2487 ---
rs11228577 C T 0.032169 -0.236942 0.052716 -0.340264 -0.133619 -4.494716 7.07e-06 5.15085 0.22167 0.895086 0 3 2487 ---
rs4930670 T C 0.032169 -0.236942 0.052716 -0.340264 -0.133619 -4.494716 7.07e-06 5.15085 0.22167 0.895086 0 3 2487 ---
rs10996915 G A 0.104924 0.131951 0.029359 0.074407 0.189495 4.494391 7.08e-06 5.150188 9.570113 0.008354 0.791016 3 2487 +++
rs3907197 A G 0.104924 0.131951 0.029359 0.074407 0.189495 4.494391 7.08e-06 5.150188 9.570113 0.008354 0.791016 3 2487 +++
rs3907196 T A 0.103149 0.133275 0.029665 0.075132 0.191418 4.492704 7.13e-06 5.146752 7.208489 0.027208 0.722549 3 2487 +++
rs79160701 A G 0.052673 -0.179549 0.040003 -0.257955 -0.101143 -4.4884 7.28e-06 5.137991 0.63334 0.728571 0 3 2487 ---
rs601037 G A 0.442303 0.082002 0.018278 0.046177 0.117827 4.486387 7.35e-06 5.133897 7.086724 0.028916 0.717782 3 2487 +++
rs72831075 C A 0.019705 0.316944 0.07068 0.178412 0.455476 4.48424 7.42e-06 5.129531 3.833134 0.147111 0.478234 3 2487 -++
rs431493 G C 0.294566 0.088398 0.019714 0.049758 0.127038 4.483922 7.43e-06 5.128884 1.125231 0.569717 0 3 2487 +++
rs648298 C T 0.357045 0.084001 0.018766 0.047219 0.120782 4.476201 7.71e-06 5.113204 7.736524 0.020895 0.741486 3 2483 +++
rs428696 T C 0.29477 0.088227 0.019726 0.049565 0.12689 4.47269 7.83e-06 5.106081 1.10983 0.574121 0 3 2487 +++
rs12877618 A G 0.047849 0.195544 0.04373 0.109833 0.281256 4.47159 7.87e-06 5.10385 3.164751 0.205486 0.368039 3 2487 +++
rs34112623 T C 0.209947 -0.134131 0.029996 -0.192923 -0.075338 -4.471609 7.87e-06 5.103889 1.822478 0.177019 0.451296 2 2065 --?
rs10996914 C T 0.105277 0.131206 0.029359 0.073663 0.18875 4.469026 7.97e-06 5.098652 9.619845 0.008148 0.792096 3 2479 +++
rs13378404 A T 0.357455 -0.083055 0.018585 -0.119482 -0.046628 -4.468869 7.97e-06 5.098334 0.655064 0.7207 0 3 2487 ---
rs11712659 A G 0.169023 -0.14417 0.032389 -0.207653 -0.080688 -4.451191 8.66e-06 5.062578 0.061764 0.803729 0 2 2065 --?
rs10859784 A G 0.082427 -0.149807 0.033666 -0.215793 -0.08382 -4.449733 8.72e-06 5.059636 3.866576 0.144672 0.482747 3 2487 +--
rs11643115 T G 0.357048 0.083237 0.018721 0.046545 0.11993 4.446271 8.86e-06 5.052649 1.17384 0.556037 0 3 2487 +++
rs111869796 T C 0.208976 -0.133491 0.030053 -0.192395 -0.074587 -4.441839 9.04e-06 5.043714 1.845495 0.174308 0.45814 2 2065 --?
rs13076423 C T 0.169218 -0.143803 0.03238 -0.207269 -0.080338 -4.441061 9.08e-06 5.042146 0.063501 0.801045 0 2 2065 --?
rs4930669 C T 0.03237 -0.233741 0.052634 -0.336904 -0.130579 -4.440903 9.08e-06 5.041829 0.221542 0.895144 0 3 2487 ---
rs2378278 G A 0.168538 -0.1439 0.032415 -0.207434 -0.080366 -4.439259 9.15e-06 5.038516 0.063053 0.801734 0 2 2065 --?
rs432483 G C 0.294324 0.087485 0.019726 0.048823 0.126148 4.435076 9.33e-06 5.030097 1.136871 0.566411 0 3 2487 +++
rs9946590 A C 0.407891 -0.081358 0.018346 -0.117316 -0.045401 -4.434756 9.34e-06 5.029452 3.794306 0.149995 0.472894 3 2487 ---
rs17694437 G T 0.013068 -0.348336 0.078618 -0.502428 -0.194243 -4.430711 9.52e-06 5.021317 0.128765 0.937646 0 3 2487 ---
rs2305811 A G 0.08316 -0.201715 0.045548 -0.29099 -0.112441 -4.42861 9.61e-06 5.017093 0.420018 0.516928 0 2 481 -?-
rs367162 C T 0.297952 0.08717 0.019688 0.048581 0.12576 4.427485 9.66e-06 5.014832 1.131838 0.567838 0 3 2487 +++
rs9946127 C G 0.40406 -0.080934 0.018289 -0.116781 -0.045087 -4.425181 9.77e-06 5.010205 4.084668 0.129726 0.510364 3 2487 +--
