rs_number reference_allele other_allele eaf beta se beta_95L beta_95U z p-value -log10_p-value q_statistic q_p-value i2 n_studies n_samples effects
rs7640923 C T 0.080147 0.101892 0.017165 0.068248 0.135536 5.935939 3e-09 8.522316 0.192086 0.661186 0 2 684 ++
rs73208395 G A 0.080036 0.097979 0.017332 0.06401 0.131949 5.653246 1.61e-08 7.792036 0.573661 0.448808 0 2 684 ++
rs2103293 A G 0.077467 0.0904 0.01749 0.056121 0.12468 5.168815 2.4e-07 6.619054 0.19569 0.658222 0 2 684 ++
rs34183116 C T 0.055586 -0.103502 0.020171 -0.143036 -0.063968 -5.131334 2.93e-07 6.532417 6.115593 0.013399 0.836484 2 684 --
rs73419973 T A 0.056289 0.109849 0.021988 0.066753 0.152945 4.995896 5.97e-07 6.224278 0.038146 0.845149 0 2 684 ++
rs73419974 T C 0.056289 0.109849 0.021988 0.066753 0.152945 4.995896 5.97e-07 6.224278 0.038146 0.845149 0 2 684 ++
rs56068452 A G 0.07843 0.087342 0.017541 0.052961 0.121723 4.979186 6.5e-07 6.186794 0.037531 0.846388 0 2 684 ++
rs61402777 C T 0.07843 0.087342 0.017541 0.052961 0.121723 4.979186 6.5e-07 6.186794 0.037531 0.846388 0 2 684 ++
rs58643807 T A 0.07843 0.087342 0.017541 0.052961 0.121723 4.979186 6.5e-07 6.186794 0.037531 0.846388 0 2 684 ++
rs796992920 G A 0.07843 0.087342 0.017541 0.052961 0.121723 4.979186 6.5e-07 6.186794 0.037531 0.846388 0 2 684 ++
rs62042594 T G 0.032712 0.132194 0.026713 0.079836 0.184553 4.948602 7.61e-07 6.118489 0.260435 0.609821 0 2 684 ++
rs115157575 T A 0.056659 0.108361 0.021954 0.065331 0.151391 4.935799 8.13e-07 6.090013 0.022116 0.88178 0 2 684 ++
rs111246306 C A 0.056659 0.106603 0.021875 0.063727 0.149479 4.873183 1.12e-06 5.951732 0.008767 0.9254 0 2 684 ++
rs12040063 T C 0.299516 0.047174 0.00986 0.027848 0.0665 4.784206 1.75e-06 5.758063 0.005256 0.942206 0 2 684 ++
rs12625494 T C 0.101973 -0.069253 0.014702 -0.098069 -0.040437 -4.710467 2.51e-06 5.600069 0.035645 0.85025 0 2 684 --
rs9403352 A G 0.222768 0.051024 0.010968 0.029526 0.072521 4.652004 3.34e-06 5.476422 0.267803 0.604809 0 2 684 ++
rs9385977 A G 0.211282 0.051714 0.011143 0.029873 0.073555 4.640746 3.53e-06 5.452778 0.081639 0.775089 0 2 684 ++
rs11615813 A C 0.243566 0.048239 0.010418 0.02782 0.068658 4.630409 3.71e-06 5.431112 0.666257 0.41436 0 2 684 ++
rs73211619 C A 0.05182 0.095249 0.020602 0.05487 0.135629 4.623339 3.83e-06 5.41632 0.834188 0.361064 0 2 684 ++
rs5915394 T C 0.040727 -0.117976 0.025551 -0.168057 -0.067895 -4.617203 3.95e-06 5.403498 1.269925 0.259781 0.212552 2 672 --
rs34036297 A G 0.028414 -0.119007 0.025851 -0.169674 -0.068339 -4.603623 4.22e-06 5.375178 2.073318 0.149895 0.517681 2 684 --
rs17547360 C T 0.185412 0.05258 0.011436 0.030166 0.074994 4.597933 4.33e-06 5.363337 0.057122 0.811103 0 2 684 ++
rs35492904 A G 0.369703 0.043477 0.009459 0.024936 0.062017 4.596121 4.37e-06 5.359566 0.200229 0.654536 0 2 684 ++
rs60994255 A G 0.033749 0.117878 0.025649 0.067606 0.168149 4.595855 4.38e-06 5.359014 0.020335 0.886606 0 2 684 ++
rs1466753 T C 0.369651 0.043115 0.009409 0.024673 0.061557 4.582249 4.67e-06 5.330761 0.195604 0.658293 0 2 684 ++
rs12809796 C T 0.243514 0.047755 0.010438 0.027297 0.068213 4.57524 4.83e-06 5.316238 0.474842 0.490768 0 2 684 ++
rs79190201 T C 0.026982 -0.124859 0.027483 -0.178726 -0.070992 -4.543119 5.62e-06 5.249941 0.125745 0.722885 0 2 684 --
rs11615860 A G 0.244558 0.047329 0.010449 0.02685 0.067809 4.529678 5.99e-06 5.222325 0.532226 0.465672 0 2 684 ++
rs11609988 C T 0.244558 0.047329 0.010449 0.02685 0.067809 4.529678 5.99e-06 5.222325 0.532226 0.465672 0 2 684 ++
rs4930871 C A 0.244558 0.047329 0.010449 0.02685 0.067809 4.529678 5.99e-06 5.222325 0.532226 0.465672 0 2 684 ++
rs4930872 A C 0.244558 0.047329 0.010449 0.02685 0.067809 4.529678 5.99e-06 5.222325 0.532226 0.465672 0 2 684 ++
rs1995149 T C 0.244558 0.047329 0.010449 0.02685 0.067809 4.529678 5.99e-06 5.222325 0.532226 0.465672 0 2 684 ++
rs73158212 G A 0.138404 0.062139 0.013747 0.035195 0.089083 4.520185 6.27e-06 5.202867 1.048645 0.305819 0.046389 2 684 ++
rs17034535 C A 0.039553 -0.100076 0.02217 -0.143529 -0.056623 -4.514075 6.45e-06 5.190363 0.010661 0.917763 0 2 684 --
rs983776 C T 0.377225 0.042454 0.009422 0.023986 0.060922 4.505681 6.71e-06 5.173211 0.252623 0.615234 0 2 684 ++
rs983777 G A 0.377225 0.042456 0.009431 0.023971 0.060941 4.501671 6.84e-06 5.165027 0.252806 0.615106 0 2 684 ++
rs1995150 C T 0.243887 0.047002 0.010449 0.026523 0.067482 4.498397 6.94e-06 5.158351 0.486488 0.485498 0 2 684 ++
rs59464888 A G 0.035146 0.113704 0.025305 0.064107 0.163301 4.493437 7.11e-06 5.148244 0.003369 0.953712 0 2 684 ++
rs76191662 T C 0.033147 -0.140012 0.031316 -0.201391 -0.078633 -4.470947 7.9e-06 5.102547 0.021357 0.883811 0 2 684 --
rs13081238 T G 0.264236 0.047775 0.010689 0.026824 0.068726 4.469401 7.95e-06 5.099414 4.392538 0.036097 0.772341 2 684 ++
rs60631151 A G 0.104517 -0.065017 0.01455 -0.093535 -0.0365 -4.468614 7.98e-06 5.097818 0.004453 0.946793 0 2 684 --
rs58610349 T C 0.104517 -0.065017 0.01455 -0.093535 -0.0365 -4.468614 7.98e-06 5.097818 0.004453 0.946793 0 2 684 --
rs6730174 G A 0.069491 -0.078048 0.01747 -0.112288 -0.043808 -4.467639 8.02e-06 5.095843 0.17005 0.680068 0 2 684 --
rs67917524 T G 0.065562 0.085192 0.019087 0.04778 0.122603 4.463235 8.19e-06 5.086925 0.081209 0.775666 0 2 684 ++
rs66966620 A G 0.065923 0.084928 0.019047 0.047597 0.12226 4.458952 8.35e-06 5.078259 0.075195 0.783917 0 2 684 ++
rs11647758 C T 0.068952 0.083687 0.018814 0.046812 0.120562 4.44819 8.78e-06 5.056521 0.00201 0.964245 0 2 679 ++
rs6895224 A G 0.169725 -0.056153 0.012635 -0.080919 -0.031388 -4.444096 8.95e-06 5.048264 0.621552 0.430471 0 2 684 --
rs73211625 C T 0.05072 0.091427 0.020602 0.051048 0.131807 4.437817 9.21e-06 5.035614 0.583636 0.444891 0 2 684 ++
rs73211626 A C 0.05072 0.091427 0.020602 0.051048 0.131807 4.437817 9.21e-06 5.035614 0.583636 0.444891 0 2 684 ++
rs11589241 C T 0.056991 -0.080438 0.018164 -0.116039 -0.044836 -4.428439 9.62e-06 5.016751 1.225087 0.268365 0.183732 2 684 --
