rs_number reference_allele other_allele eaf beta se beta_95L beta_95U z p-value -log10_p-value q_statistic q_p-value i2 n_studies n_samples effects
rs17443089 C A 0.025702 0.370604 0.07456 0.224466 0.516741 4.970554 6.8e-07 6.167475 0.17683 0.915381 0 3 8462 +++
rs111891490 T C 0.090784 -0.199012 0.041089 -0.279546 -0.118479 -4.843485 1.3e-06 5.886722 0.244965 0.884721 0 3 8465 ---
rs62251260 G A 0.225943 -0.136595 0.028283 -0.192029 -0.08116 -4.829593 1.39e-06 5.856439 0.880172 0.643981 0 3 8463 ---
rs11691953 A T 0.293567 0.124221 0.025969 0.073321 0.175121 4.783385 1.75e-06 5.75629 0.772761 0.679512 0 3 8465 +++
rs6715381 T C 0.230334 0.133731 0.027997 0.078858 0.188605 4.776675 1.81e-06 5.741822 1.238395 0.538376 0 3 8465 +++
rs11863442 T C 0.066092 0.223949 0.047056 0.131719 0.316179 4.759187 1.98e-06 5.704202 0.339743 0.843773 0 3 8465 +++
rs7578339 C G 0.208268 0.137932 0.02901 0.081072 0.194792 4.754632 2.02e-06 5.694424 0.871491 0.646782 0 3 8465 +++
rs74970435 T C 0.042291 -0.275673 0.057978 -0.389309 -0.162037 -4.754828 2.02e-06 5.694844 0.933826 0.626935 0 3 8465 ---
rs34562120 G C 0.29404 0.122836 0.025925 0.072022 0.173649 4.738066 2.19e-06 5.658937 0.807421 0.667837 0 3 8465 +++
rs34705633 A C 0.059956 -0.232313 0.049029 -0.32841 -0.136216 -4.738258 2.19e-06 5.659347 1.164615 0.558608 0 3 8465 ---
rs11685882 C G 0.302537 0.121419 0.025661 0.071124 0.171714 4.731724 2.26e-06 5.645382 0.945709 0.623221 0 3 8465 +++
rs73545633 C G 0.064264 0.225281 0.047614 0.131958 0.318604 4.731411 2.27e-06 5.644713 0.417375 0.811649 0 3 8465 +++
rs72824139 C T 0.30359 0.121033 0.025613 0.070831 0.171235 4.7254 2.33e-06 5.631881 1.009652 0.603611 0 3 8465 +++
rs7604334 G A 0.293507 0.122644 0.025961 0.07176 0.173528 4.72414 2.35e-06 5.629194 0.875271 0.645561 0 3 8465 +++
rs35780733 G C 0.06013 -0.231131 0.048986 -0.327143 -0.135119 -4.718337 2.42e-06 5.616823 1.13327 0.567432 0 3 8465 ---
rs35265092 A G 0.305012 0.120393 0.025531 0.070353 0.170433 4.715618 2.45e-06 5.611033 1.156266 0.560945 0 3 8465 +++
rs35304210 C T 0.305012 0.120393 0.025531 0.070353 0.170433 4.715618 2.45e-06 5.611033 1.156266 0.560945 0 3 8465 +++
rs13013308 G A 0.3034 0.120733 0.02562 0.070519 0.170948 4.712519 2.49e-06 5.604436 1.001086 0.606202 0 3 8465 +++
rs35883831 A G 0.294045 0.122159 0.025948 0.071301 0.173017 4.707888 2.54e-06 5.594585 1.09701 0.577813 0 3 8465 +++
rs13016954 C T 0.302785 0.120724 0.025643 0.070465 0.170984 4.707936 2.54e-06 5.594687 0.922805 0.630399 0 3 8465 +++
rs13016779 G T 0.217637 0.133944 0.028503 0.078079 0.189809 4.699359 2.65e-06 5.576466 0.829051 0.660654 0 3 8465 +++
rs11693317 G T 0.293931 0.122055 0.025972 0.071151 0.172959 4.699559 2.65e-06 5.576891 0.695947 0.706118 0 3 8465 +++
rs111306684 T C 0.053746 -0.24069 0.05126 -0.34116 -0.140219 -4.695434 2.7e-06 5.568139 1.604463 0.448327 0 3 8465 ---
rs999233 C A 0.053746 -0.24069 0.05126 -0.34116 -0.140219 -4.695434 2.7e-06 5.568139 1.604463 0.448327 0 3 8465 ---
rs11845054 G A 0.053746 -0.24069 0.05126 -0.34116 -0.140219 -4.695434 2.7e-06 5.568139 1.604463 0.448327 0 3 8465 ---
rs59052724 T A 0.293317 0.121905 0.025966 0.071012 0.172798 4.694814 2.71e-06 5.566824 1.278221 0.527762 0 3 8465 +++
rs13018198 C T 0.305231 0.119573 0.025519 0.069556 0.169589 4.685707 2.83e-06 5.547529 1.199362 0.548987 0 3 8462 +++
rs12990302 C G 0.21733 0.13357 0.028515 0.07768 0.18946 4.684149 2.86e-06 5.54423 0.814144 0.665596 0 3 8465 +++
rs117392392 A G 0.019622 -0.425091 0.090961 -0.603374 -0.246807 -4.673321 3.01e-06 5.521343 0.00912 0.923918 0 2 7849 --?
rs34173864 T C 0.060188 -0.22881 0.04898 -0.32481 -0.13281 -4.671541 3.04e-06 5.517583 1.07429 0.584414 0 3 8465 ---
rs7578343 C G 0.293424 0.121209 0.025973 0.070301 0.172116 4.666683 3.11e-06 5.507333 0.837601 0.657836 0 3 8465 +++
rs73002404 G A 0.119049 0.169709 0.036395 0.098374 0.241044 4.662931 3.17e-06 5.499424 2.938473 0.230101 0.319374 3 8465 +++
rs34116580 C T 0.293671 0.120852 0.025952 0.069985 0.171719 4.656659 3.26e-06 5.486216 1.405988 0.495101 0 3 8465 +++
rs2056076 T G 0.118989 0.169164 0.036401 0.097819 0.240509 4.647272 3.42e-06 5.466478 2.913303 0.233015 0.313494 3 8465 +++
rs71314080 T C 0.060072 -0.227026 0.049011 -0.323087 -0.130965 -4.63218 3.67e-06 5.43482 1.030635 0.597311 0 3 8465 ---
rs1045921 C A 0.304671 0.118294 0.025583 0.068151 0.168436 4.623925 3.82e-06 5.417544 1.057964 0.589204 0 3 8465 +++
rs62137478 C A 0.293103 0.119995 0.025976 0.069083 0.170907 4.619527 3.91e-06 5.408353 0.956648 0.619821 0 3 8465 +++
rs75686631 T C 0.069165 0.410314 0.088822 0.236222 0.584405 4.61949 3.91e-06 5.408274 0.824843 0.363768 0 2 1453 +?+
rs36011867 A G 0.293481 0.119726 0.025947 0.068869 0.170583 4.614182 4.01e-06 5.397192 1.356642 0.507468 0 3 8465 +++
rs117616078 A G 0.015981 0.453181 0.098216 0.260678 0.645684 4.61413 4.01e-06 5.397083 0.936113 0.33328 0 2 7851 ++?
rs62135245 G C 0.208018 0.133975 0.029043 0.077051 0.190899 4.613018 4.03e-06 5.394762 1.478093 0.477569 0 3 8465 +++
rs78174833 A C 0.217697 0.13129 0.028508 0.075414 0.187166 4.605333 4.18e-06 5.37874 0.995262 0.607969 0 3 8465 +++
rs138918018 A G 0.017256 0.435727 0.094661 0.250191 0.621263 4.603023 4.23e-06 5.37393 0.138415 0.709862 0 2 7851 ++?
rs62137477 A G 0.207096 0.133514 0.029083 0.076512 0.190516 4.590837 4.48e-06 5.348585 1.155226 0.561236 0 3 8465 +++
rs62137476 T A 0.292595 0.119287 0.025985 0.068356 0.170217 4.590623 4.49e-06 5.348141 1.100244 0.576879 0 3 8465 +++
rs73002491 G A 0.103137 0.178829 0.038965 0.102457 0.255201 4.589455 4.51e-06 5.345715 2.114317 0.347442 0.054068 3 8465 +++
rs1939518 C T 0.24463 0.241667 0.052868 0.138046 0.345288 4.571138 4.92e-06 5.307747 0.00463 0.945749 0 2 1453 +?+
rs80101838 C T 0.034432 0.294777 0.064619 0.168124 0.42143 4.561784 5.15e-06 5.288413 3.665227 0.159995 0.454331 3 8465 +++
rs73276782 T A 0.052691 -0.235438 0.051615 -0.336603 -0.134273 -4.561447 5.16e-06 5.287716 1.668332 0.434237 0 3 8465 ---
rs73276786 G A 0.052749 -0.235051 0.051587 -0.336161 -0.133942 -4.556446 5.28e-06 5.277396 1.679579 0.431801 0 3 8465 ---
rs13012081 C G 0.207936 0.132344 0.029055 0.075397 0.189292 4.555008 5.32e-06 5.274429 1.432268 0.488638 0 3 8465 +++
rs11142239 T G 0.176626 -0.139668 0.030679 -0.199798 -0.079538 -4.552591 5.38e-06 5.269446 2.985416 0.224763 0.330077 3 8465 ---
rs73276793 A G 0.052691 -0.234951 0.051609 -0.336105 -0.133797 -4.5525 5.38e-06 5.269258 1.683253 0.431009 0 3 8465 ---
rs75548681 A G 0.052691 -0.234951 0.051609 -0.336105 -0.133797 -4.5525 5.38e-06 5.269258 1.683253 0.431009 0 3 8465 ---
rs4920496 C T 0.47446 -0.116584 0.025612 -0.166783 -0.066385 -4.551952 5.39e-06 5.268128 2.483961 0.115012 0.597417 2 7623 ?--
rs35023756 G A 0.300986 0.116641 0.025696 0.066278 0.167005 4.539318 5.73e-06 5.242125 1.111484 0.573646 0 3 8465 +++
rs73276776 A G 0.052633 -0.23455 0.051703 -0.335887 -0.133212 -4.536507 5.8e-06 5.236346 1.648432 0.438579 0 3 8465 ---
rs62137475 A G 0.291999 0.117844 0.025988 0.066906 0.168781 4.534469 5.86e-06 5.23216 1.283736 0.526308 0 3 8465 +++
rs79782142 T G 0.052807 -0.233802 0.051575 -0.334889 -0.132715 -4.533223 5.89e-06 5.229602 1.7182 0.423543 0 3 8465 ---
rs59953347 A C 0.207667 0.131593 0.029055 0.074644 0.188542 4.529033 6.01e-06 5.221002 1.624604 0.443835 0 3 8462 +++
rs9791158 G A 0.044689 -0.258179 0.057072 -0.37004 -0.146317 -4.523736 6.16e-06 5.210141 1.586078 0.452468 0 3 8447 ---
rs259061 C A 0.123033 -0.159794 0.035349 -0.229077 -0.09051 -4.520491 6.26e-06 5.203495 3.436891 0.179345 0.418079 3 8464 ---
rs73276772 A G 0.052749 -0.233146 0.051592 -0.334266 -0.132025 -4.51901 6.3e-06 5.200462 1.739292 0.4191 0 3 8465 ---
rs7871975 T C 0.150464 -0.281577 0.062398 -0.403878 -0.159276 -4.51257 6.5e-06 5.187286 4.337117 0.03729 0.769432 2 1452 -?-
rs1054537 A G 0.362029 -0.209012 0.046335 -0.299828 -0.118195 -4.510899 6.55e-06 5.18387 0.058148 0.809447 0 2 1453 -?-
rs118157980 A G 0.017701 -0.439961 0.097536 -0.631132 -0.24879 -4.510749 6.55e-06 5.183564 4.631551 0.031389 0.78409 2 7626 ?-+
rs36054197 C G 0.301152 0.115862 0.025696 0.065498 0.166225 4.508974 6.61e-06 5.179936 1.085508 0.581146 0 3 8465 +++
chr9:11323311:G:C C G 0.047144 0.449091 0.099706 0.253667 0.644515 4.504146 6.76e-06 5.170078 0.051676 0.820173 0 2 1453 +?+
rs4941178 T C 0.270656 0.118317 0.026283 0.066802 0.169831 4.501649 6.84e-06 5.164982 8.476283 0.014434 0.764048 3 8461 ++-
rs56967792 C G 0.103077 0.175372 0.038959 0.099011 0.251732 4.501397 6.85e-06 5.164468 2.207334 0.331653 0.093929 3 8465 +++
rs34688726 T C 0.301258 0.115551 0.025689 0.0652 0.165902 4.498012 6.96e-06 5.157566 1.040587 0.594346 0 3 8465 +++
rs34161370 C G 0.301258 0.115551 0.025689 0.0652 0.165902 4.498012 6.96e-06 5.157566 1.040587 0.594346 0 3 8465 +++
rs62137481 T C 0.301791 0.115385 0.025668 0.065075 0.165694 4.495273 7.05e-06 5.151983 0.913475 0.633347 0 3 8465 +++
rs7581626 G A 0.362248 -0.208281 0.046349 -0.299125 -0.117438 -4.493796 7.1e-06 5.148975 0.049689 0.823605 0 2 1452 -?-
rs76990552 G T 0.067274 -0.207107 0.046097 -0.297457 -0.116757 -4.492854 7.13e-06 5.147058 1.554527 0.459662 0 3 8465 ---
rs79538890 G A 0.067274 -0.207107 0.046097 -0.297457 -0.116757 -4.492854 7.13e-06 5.147058 1.554527 0.459662 0 3 8465 ---
rs1414643 T C 0.474176 -0.115015 0.02562 -0.165229 -0.064801 -4.489342 7.25e-06 5.139908 3.031756 0.08165 0.670158 2 7626 ?--
rs7837914 A C 0.167259 -0.141096 0.031433 -0.202704 -0.079488 -4.488819 7.26e-06 5.138844 1.702638 0.426851 0 3 8437 ---
rs34627598 G A 0.050383 0.240921 0.053679 0.13571 0.346132 4.488171 7.29e-06 5.137525 2.231728 0.327632 0.103834 3 8465 +++
rs137963801 G A 0.018053 -0.97281 0.216925 -1.397982 -0.547638 -4.484557 7.41e-06 5.130176 0.462243 0.496578 0 2 1265 -?-
rs146816323 A G 0.018053 -0.97281 0.216925 -1.397982 -0.547638 -4.484557 7.41e-06 5.130176 0.462243 0.496578 0 2 1265 -?-
rs3018393 A G 0.236258 0.240122 0.053549 0.135166 0.345078 4.484144 7.42e-06 5.129336 8.5e-05 0.992641 0 2 1452 +?+
rs28829399 T C 0.01713 0.399185 0.089044 0.224659 0.57371 4.483026 7.46e-06 5.127063 0.961224 0.618405 0 3 8437 +++
rs73545641 C T 0.067812 0.208839 0.046587 0.117529 0.300148 4.482811 7.47e-06 5.126626 0.579974 0.748273 0 3 8465 +++
rs11863990 G A 0.067812 0.208839 0.046587 0.117529 0.300148 4.482811 7.47e-06 5.126626 0.579974 0.748273 0 3 8465 +++
rs2356239 C T 0.474268 -0.114775 0.025612 -0.164975 -0.064576 -4.481324 7.52e-06 5.123606 3.017113 0.08239 0.668557 2 7626 ?--
rs6658359 A G 0.474268 -0.114775 0.025612 -0.164975 -0.064576 -4.481324 7.52e-06 5.123606 3.017113 0.08239 0.668557 2 7626 ?--
rs11488494 T C 0.474084 -0.114836 0.025627 -0.165065 -0.064606 -4.480997 7.53e-06 5.122941 3.021408 0.082172 0.669028 2 7626 ?--
rs1239385 T C 0.445867 -0.105761 0.023618 -0.152053 -0.059469 -4.477897 7.64e-06 5.116646 8.013623 0.018191 0.750425 3 8465 ---
rs6700748 T G 0.474268 -0.114752 0.025627 -0.164981 -0.064522 -4.477726 7.65e-06 5.116299 3.016416 0.082425 0.668481 2 7626 ?--
rs60198910 T C 0.474268 -0.114752 0.025627 -0.164981 -0.064522 -4.477726 7.65e-06 5.116299 3.016416 0.082425 0.668481 2 7626 ?--
rs11261003 A T 0.474268 -0.114752 0.025627 -0.164981 -0.064522 -4.477726 7.65e-06 5.116299 3.016416 0.082425 0.668481 2 7626 ?--
rs6603895 T A 0.474268 -0.11468 0.02562 -0.164894 -0.064465 -4.476252 7.7e-06 5.113307 3.011775 0.082662 0.66797 2 7626 ?--
rs6603896 G C 0.474268 -0.11468 0.02562 -0.164894 -0.064465 -4.476252 7.7e-06 5.113307 3.011775 0.082662 0.66797 2 7626 ?--
rs2883907 T C 0.474268 -0.11468 0.02562 -0.164894 -0.064465 -4.476252 7.7e-06 5.113307 3.011775 0.082662 0.66797 2 7626 ?--
rs6692466 C A 0.474268 -0.11468 0.02562 -0.164894 -0.064465 -4.476252 7.7e-06 5.113307 3.011775 0.082662 0.66797 2 7626 ?--
rs6699137 C A 0.474268 -0.11468 0.02562 -0.164894 -0.064465 -4.476252 7.7e-06 5.113307 3.011775 0.082662 0.66797 2 7626 ?--
rs17667754 G C 0.067158 -0.206207 0.046124 -0.296609 -0.115804 -4.470736 7.9e-06 5.102119 1.523307 0.466894 0 3 8465 ---
rs2840250 G T 0.048799 -0.23953 0.053594 -0.344575 -0.134486 -4.469339 7.96e-06 5.099287 2.575655 0.275869 0.223498 3 8464 ---
rs74568761 C T 0.034432 0.288536 0.064596 0.161928 0.415145 4.466764 8.05e-06 5.094071 3.832608 0.14715 0.478162 3 8465 +++
rs259060 C G 0.123212 -0.15781 0.035342 -0.22708 -0.088541 -4.46528 8.11e-06 5.091066 3.324957 0.189668 0.398488 3 8465 ---
rs10143366 A G 0.066628 -0.209483 0.04692 -0.301447 -0.117519 -4.46465 8.13e-06 5.08979 1.432823 0.488502 0 3 8465 ---
rs146910590 C T 0.017009 -0.410577 0.091981 -0.59086 -0.230294 -4.463712 8.17e-06 5.087891 1.950145 0.377165 0 3 8465 ---
rs759251 C T 0.134531 -0.290914 0.065206 -0.418718 -0.16311 -4.461448 8.25e-06 5.08331 2.088662 0.148396 0.521225 2 1453 -?-
rs6125181 C A 0.411891 0.105958 0.023809 0.059292 0.152624 4.450275 8.7e-06 5.06073 0.274386 0.871802 0 3 8464 +++
rs145167155 C G 0.022326 0.354816 0.079749 0.198508 0.511123 4.449176 8.74e-06 5.058511 0.033423 0.983427 0 3 8465 +++
rs2124570 G A 0.118406 0.162159 0.036482 0.090654 0.233664 4.444869 8.92e-06 5.049822 2.756055 0.252075 0.274325 3 8465 +++
rs73000496 A G 0.10522 0.171624 0.038639 0.095892 0.247356 4.441751 9.05e-06 5.043538 2.06104 0.356821 0.029616 3 8465 +++
rs57671649 C T 0.10522 0.171624 0.038639 0.095892 0.247356 4.441751 9.05e-06 5.043538 2.06104 0.356821 0.029616 3 8465 +++
rs73276734 T C 0.047194 -0.241341 0.054387 -0.34794 -0.134742 -4.437453 9.23e-06 5.03488 2.085233 0.352531 0.040874 3 8465 ---
rs73276739 C G 0.047194 -0.241341 0.054387 -0.34794 -0.134742 -4.437453 9.23e-06 5.03488 2.085233 0.352531 0.040874 3 8465 ---
rs73276749 G A 0.047194 -0.241341 0.054387 -0.34794 -0.134742 -4.437453 9.23e-06 5.03488 2.085233 0.352531 0.040874 3 8465 ---
rs13388405 C G 0.388846 0.107521 0.02426 0.059972 0.155071 4.432039 9.46e-06 5.023987 2.093649 0.351051 0.04473 3 8465 +++
rs62137482 G T 0.300751 0.113545 0.025663 0.063245 0.163846 4.424418 9.8e-06 5.008673 0.815135 0.665267 0 3 8465 +++
rs73284889 A G 0.423051 -0.104982 0.023729 -0.151492 -0.058472 -4.424123 9.82e-06 5.00808 0.269185 0.874072 0 3 8465 ---
rs76966703 T C 0.067275 -0.204112 0.046157 -0.29458 -0.113643 -4.422088 9.91e-06 5.003997 1.602683 0.448727 0 3 8465 ---
