rs_number reference_allele other_allele eaf beta se beta_95L beta_95U z p-value -log10_p-value q_statistic q_p-value i2 n_studies n_samples effects
rs12625494 T C 0.10142 -0.067237 0.012613 -0.091958 -0.042516 -5.330855 9.99e-08 7.000405 0.003708 0.951444 0 2 895 --
rs7640923 C T 0.080484 0.078851 0.015093 0.049269 0.108433 5.224362 1.78e-07 6.748536 0.280859 0.596139 0 2 894 ++
rs73308676 C G 0.103521 -0.063622 0.012563 -0.088245 -0.038999 -5.064356 4.18e-07 6.37907 0.018945 0.890523 0 2 895 --
rs60631151 A G 0.104112 -0.062971 0.012501 -0.087473 -0.038468 -5.037175 4.82e-07 6.317376 0.029933 0.862642 0 2 895 --
rs58610349 T C 0.104112 -0.062971 0.012501 -0.087473 -0.038468 -5.037175 4.82e-07 6.317376 0.029933 0.862642 0 2 895 --
rs73208395 G A 0.080563 0.076062 0.01518 0.046309 0.105816 5.010588 5.53e-07 6.25733 0.022736 0.880145 0 2 895 ++
rs62042594 T G 0.032651 0.118707 0.023971 0.071724 0.165691 4.952052 7.48e-07 6.126176 0.006804 0.934262 0 2 895 ++
rs78533789 A G 0.097808 -0.063129 0.012827 -0.08827 -0.037988 -4.921581 8.74e-07 6.058471 0.011678 0.913944 0 2 895 --
rs73419973 T A 0.056811 0.092455 0.018801 0.055605 0.129306 4.917474 8.93e-07 6.049375 0.107676 0.742806 0 2 895 ++
rs73419974 T C 0.056811 0.092455 0.018801 0.055605 0.129306 4.917474 8.93e-07 6.049375 0.107676 0.742806 0 2 895 ++
rs115157575 T A 0.057201 0.09112 0.018775 0.054322 0.127918 4.853383 1.23e-06 5.90835 0.134902 0.713403 0 2 895 ++
rs80292777 G A 0.188859 0.048813 0.010127 0.028965 0.068662 4.820179 1.46e-06 5.835963 0.33963 0.560043 0 2 895 ++
rs111246306 C A 0.057201 0.089587 0.018721 0.052894 0.126279 4.785388 1.74e-06 5.760614 0.169798 0.680291 0 2 895 ++
rs9403352 A G 0.220796 0.04595 0.009668 0.027001 0.064899 4.752865 2.04e-06 5.690633 0.017185 0.895702 0 2 895 ++
rs9385977 A G 0.210602 0.046494 0.00979 0.027306 0.065681 4.74928 2.08e-06 5.682946 0.010317 0.919094 0 2 895 ++
rs34196011 G T 0.203128 -0.047076 0.009954 -0.066586 -0.027566 -4.729228 2.29e-06 5.640051 0.170599 0.67958 0 2 895 --
rs73308669 A G 0.090991 -0.062876 0.01344 -0.089219 -0.036534 -4.678292 2.94e-06 5.531845 0.013589 0.907198 0 2 895 --
rs6721167 G A 0.28745 -0.03951 0.00847 -0.056112 -0.022908 -4.664533 3.14e-06 5.502801 0.207897 0.648421 0 2 895 --
rs73308697 T C 0.0906 -0.062748 0.013451 -0.089113 -0.036383 -4.664761 3.14e-06 5.503281 0.015148 0.902045 0 2 895 --
rs34887001 G A 0.132563 0.059445 0.012867 0.034225 0.084666 4.619834 3.9e-06 5.408993 0.977238 0.322882 0 2 895 ++
rs35492904 A G 0.369396 0.038064 0.008254 0.021886 0.054242 4.611648 4.06e-06 5.391905 0.738974 0.38999 0 2 895 ++
rs2103293 A G 0.077845 0.070479 0.015293 0.040504 0.100454 4.60844 4.12e-06 5.385214 0.138627 0.709649 0 2 895 ++
rs1466753 T C 0.369144 0.037838 0.008223 0.021721 0.053954 4.601552 4.26e-06 5.370868 0.722579 0.395299 0 2 895 ++
rs17656487 C T 0.292045 0.038955 0.008498 0.022299 0.055611 4.584097 4.63e-06 5.334595 0.03629 0.848917 0 2 894 ++
rs13046756 T C 0.143856 0.05598 0.012219 0.032031 0.079929 4.581405 4.69e-06 5.329011 0.5485 0.458931 0 2 895 ++
rs17752074 A G 0.052081 -0.083426 0.018224 -0.119145 -0.047706 -4.57768 4.77e-06 5.321293 1.177402 0.277885 0.150673 2 895 --
rs6079899 A G 0.045533 0.092504 0.020304 0.052708 0.1323 4.555894 5.29e-06 5.276257 0.005451 0.941145 0 2 895 ++
rs983776 C T 0.37696 0.037375 0.008228 0.021249 0.053502 4.542557 5.64e-06 5.248783 0.790266 0.37402 0 2 895 ++
rs983777 G A 0.37696 0.037376 0.008234 0.021237 0.053515 4.539257 5.73e-06 5.241999 0.790716 0.373884 0 2 895 ++
rs11845152 A T 0.115319 -0.066487 0.014665 -0.095229 -0.037744 -4.53384 5.88e-06 5.230868 0.027651 0.867933 0 2 895 --
rs1806077 A G 0.21145 0.046724 0.010315 0.026508 0.066941 4.529871 5.99e-06 5.222723 2.287656 0.130407 0.562871 2 895 ++
rs79235831 G A 0.053372 -0.079517 0.01774 -0.114288 -0.044746 -4.482279 7.49e-06 5.125546 0.935056 0.333553 0 2 895 --
rs58523840 A G 0.124321 0.057694 0.012893 0.032424 0.082964 4.474849 7.75e-06 5.110459 0.088129 0.76657 0 2 895 ++
rs56068452 A G 0.078473 0.068495 0.015329 0.03845 0.098539 4.468306 7.99e-06 5.097194 0.343114 0.558037 0 2 895 ++
rs61402777 C T 0.078473 0.068495 0.015329 0.03845 0.098539 4.468306 7.99e-06 5.097194 0.343114 0.558037 0 2 895 ++
rs58643807 T A 0.078473 0.068495 0.015329 0.03845 0.098539 4.468306 7.99e-06 5.097194 0.343114 0.558037 0 2 895 ++
rs796992920 G A 0.078473 0.068495 0.015329 0.03845 0.098539 4.468306 7.99e-06 5.097194 0.343114 0.558037 0 2 895 ++
rs77516567 A G 0.053491 -0.07954 0.017806 -0.11444 -0.044639 -4.466954 8.05e-06 5.094456 0.618619 0.431561 0 2 895 --
rs2390551 A G 0.386122 0.037823 0.008494 0.021176 0.054471 4.453124 8.58e-06 5.066481 0.09219 0.761412 0 2 895 ++
rs34183116 C T 0.055087 -0.080144 0.018032 -0.115487 -0.044801 -4.444544 8.93e-06 5.049168 11.226235 0.000806 0.910923 2 895 --
rs56926687 C T 0.063239 -0.077658 0.017509 -0.111976 -0.04334 -4.435323 9.32e-06 5.030593 0.107029 0.743553 0 2 895 --
rs9868260 T C 0.095448 0.063977 0.014447 0.035661 0.092294 4.428376 9.62e-06 5.016623 0.941166 0.331978 0 2 895 ++
rs6105440 A G 0.04437 0.090937 0.020555 0.05065 0.131224 4.424138 9.81e-06 5.00811 0.000208 0.988495 0 2 895 ++
rs59137144 T A 0.039589 0.088138 0.019934 0.049068 0.127208 4.421544 9.93e-06 5.002904 0.118806 0.730333 0 2 895 ++
rs12451 T C 0.118966 -0.053306 0.012057 -0.076937 -0.029674 -4.421178 9.95e-06 5.002171 0.332541 0.564166 0 2 895 --
