rs_number reference_allele other_allele eaf beta se beta_95L beta_95U z p-value -log10_p-value q_statistic q_p-value i2 n_studies n_samples effects
rs67099044 A C 0.143195 0.096223 0.01717 0.062569 0.129876 5.604104 2.15e-08 7.668534 0.737123 0.390584 0 2 27583 ++
rs12456833 T C 0.143064 0.094531 0.0172 0.06082 0.128243 5.496034 3.98e-08 7.400524 0.831539 0.361828 0 2 27583 ++
rs34049053 A G 0.147081 0.091865 0.016984 0.058577 0.125153 5.409 6.48e-08 7.188266 0.718467 0.396647 0 2 27583 ++
rs12958244 A C 0.146809 0.091506 0.016994 0.058199 0.124814 5.384742 7.42e-08 7.129673 0.532041 0.46575 0 2 27580 ++
rs113829713 G C 0.043329 -0.160998 0.029957 -0.219713 -0.102282 -5.374299 7.86e-08 7.104525 0.084237 0.771636 0 2 27060 --
rs9950644 C T 0.263468 0.071619 0.013742 0.044685 0.098553 5.211738 1.91e-07 6.718994 0.910809 0.3399 0 2 27582 ++
rs17785335 T C 0.260644 0.071351 0.013782 0.044338 0.098363 5.177083 2.3e-07 6.638245 1.44195 0.229824 0.306494 2 27583 ++
rs35975554 G A 0.136044 0.089728 0.017497 0.055433 0.124023 5.128073 2.99e-07 6.524907 0.454666 0.500128 0 2 27583 ++
rs73212759 T C 0.078747 -0.113485 0.022473 -0.157533 -0.069438 -5.049833 4.51e-07 6.346068 2.36893 0.123772 0.577868 2 27583 -+
rs17072566 T C 0.273585 0.068159 0.013587 0.041529 0.094788 5.016601 5.36e-07 6.270886 3.033374 0.081568 0.670334 2 27574 ++
rs922209 A T 0.265733 0.068496 0.013715 0.041615 0.095378 4.994236 6.02e-07 6.220548 2.612844 0.106002 0.617275 2 27583 ++
rs9309022 A G 0.11446 -0.095307 0.019115 -0.132773 -0.057841 -4.98587 6.28e-07 6.201772 0.061251 0.804529 0 2 27583 --
rs9958842 G A 0.264788 0.068256 0.013735 0.041336 0.095176 4.969633 6.83e-07 6.165415 3.133192 0.076713 0.680837 2 27583 +-
rs9963373 C G 0.267698 0.067063 0.013673 0.040264 0.093863 4.904703 9.52e-07 6.021136 3.709352 0.054108 0.730411 2 27583 +-
rs10865134 T C 0.113992 -0.093702 0.01913 -0.131196 -0.056208 -4.89831 9.84e-07 6.007025 0.022304 0.881282 0 2 27573 --
rs4477822 C T 0.264071 0.0672 0.013735 0.040278 0.094121 4.892431 1.01e-06 5.994065 3.261763 0.070913 0.693417 2 27583 +-
rs10742282 C T 0.467901 -0.064237 0.013305 -0.090314 -0.03816 -4.828133 1.4e-06 5.85326 0.719294 0.396376 0 2 24951 --
rs7121298 T A 0.467858 -0.064155 0.013305 -0.090232 -0.038078 -4.821971 1.45e-06 5.839859 0.722356 0.395372 0 2 24951 --
rs11664515 G A 0.145505 0.080431 0.016931 0.047246 0.113616 4.7505 2.06e-06 5.685563 1.113845 0.291248 0.102209 2 27583 ++
rs66504828 A T 0.145469 0.080173 0.016933 0.046985 0.113361 4.734773 2.23e-06 5.651896 1.104032 0.293383 0.094229 2 27583 ++
rs34263279 A G 0.144111 0.080468 0.016996 0.047156 0.113779 4.734559 2.23e-06 5.651438 1.023849 0.311608 0.023293 2 27583 ++
rs13433054 T C 0.117468 -0.089007 0.018903 -0.126057 -0.051957 -4.708655 2.53e-06 5.596217 0.336243 0.562006 0 2 27583 --
rs4941244 C T 0.262508 0.064682 0.013758 0.037717 0.091647 4.701548 2.62e-06 5.581114 4.128944 0.042156 0.757807 2 27546 +-
rs1955000 C A 0.157542 0.07822 0.016669 0.045548 0.110891 4.692502 2.74e-06 5.561923 2.417698 0.119971 0.586383 2 27582 ++
rs1865550 C T 0.342328 -0.061188 0.013102 -0.086868 -0.035508 -4.670064 3.06e-06 5.514466 2.244528 0.134088 0.554472 2 27060 -+
rs4963210 T C 0.350027 -0.060666 0.013016 -0.086178 -0.035155 -4.660816 3.2e-06 5.494969 1.444035 0.229488 0.307496 2 27060 -+
rs9955621 C G 0.159386 0.077335 0.016601 0.044796 0.109874 4.658365 3.24e-06 5.489808 1.600679 0.205807 0.375265 2 27583 ++
rs9954667 T C 0.157803 0.07758 0.016663 0.044921 0.110239 4.655892 3.28e-06 5.484601 2.023285 0.154904 0.505754 2 27583 ++
rs73196120 C G 0.085779 -0.10061 0.021637 -0.143018 -0.058201 -4.649913 3.37e-06 5.472028 2.425068 0.119408 0.58764 2 27583 -+
rs11152420 A G 0.157389 0.077387 0.016682 0.04469 0.110084 4.63888 3.56e-06 5.448863 2.218823 0.136337 0.549311 2 27583 ++
rs13386936 A T 0.084167 -0.101176 0.021836 -0.143975 -0.058378 -4.633436 3.65e-06 5.437451 0.00569 0.939872 0 2 27583 --
rs16904352 C T 0.341799 -0.060456 0.013089 -0.086111 -0.0348 -4.618662 3.92e-06 5.406545 2.040443 0.153165 0.50991 2 27036 -+
rs9960230 T G 0.159522 0.075809 0.016623 0.043228 0.108391 4.560447 5.18e-06 5.285651 3.150412 0.075908 0.682581 2 27583 +-
rs76980647 C T 0.04994 0.134888 0.029627 0.076819 0.192956 4.552875 5.37e-06 5.270032 0.948856 0.330011 0 2 24951 ++
rs11874992 A T 0.159627 0.075491 0.016622 0.042912 0.108069 4.541718 5.66e-06 5.247058 3.397326 0.065302 0.705651 2 27583 +-
rs11661093 A T 0.159565 0.075598 0.016646 0.042973 0.108224 4.541625 5.66e-06 5.246868 2.952583 0.08574 0.661313 2 27583 +-
rs10767943 G A 0.355362 -0.057936 0.012764 -0.082953 -0.032918 -4.539008 5.73e-06 5.241487 2.840609 0.091909 0.647963 2 27583 -+
rs9952960 G A 0.159643 0.075385 0.016622 0.042806 0.107963 4.535339 5.84e-06 5.233947 3.388496 0.065653 0.704884 2 27581 +-
rs12455791 A G 0.159268 0.075309 0.016642 0.042691 0.107928 4.525207 6.12e-06 5.213157 3.150855 0.075887 0.682626 2 27583 +-
rs9949690 T C 0.159789 0.075197 0.016627 0.042608 0.107785 4.522675 6.19e-06 5.207969 2.903664 0.088378 0.655608 2 27583 +-
rs75173771 A G 0.110739 -0.087302 0.01932 -0.125169 -0.049434 -4.51868 6.31e-06 5.199787 0.074997 0.784195 0 2 27583 --
rs74097207 T C 0.033173 -0.153577 0.033999 -0.220215 -0.086938 -4.517074 6.36e-06 5.196499 2.740694 0.097822 0.635129 2 24841 --
rs9320036 C G 0.160031 0.074955 0.016617 0.042385 0.107525 4.510621 6.56e-06 5.183302 3.840242 0.050036 0.7396 2 27583 +-
rs17072581 C G 0.15901 0.074985 0.016625 0.042399 0.107571 4.510278 6.57e-06 5.182602 3.076632 0.079425 0.674969 2 27583 +-
rs9967285 C T 0.229612 0.064505 0.014303 0.036471 0.09254 4.509803 6.58e-06 5.181631 0.614086 0.433254 0 2 27580 ++
rs9952024 A C 0.159804 0.075021 0.016643 0.042401 0.107641 4.507742 6.65e-06 5.17742 2.945935 0.086094 0.660549 2 27550 +-
rs10835935 A G 0.387046 -0.05808 0.012886 -0.083337 -0.032823 -4.507173 6.66e-06 5.176259 3.379008 0.066032 0.704055 2 27060 -+
rs61868714 A T 0.107185 -0.08914 0.019808 -0.127963 -0.050316 -4.500187 6.89e-06 5.162 0.289157 0.590762 0 2 27583 --
rs28692582 A G 0.02759 -0.169264 0.037685 -0.243127 -0.095401 -4.49155 7.17e-06 5.144403 0.246074 0.619853 0 2 27583 --
rs11031842 G A 0.387003 -0.057867 0.012886 -0.083124 -0.03261 -4.490637 7.2e-06 5.142544 3.361402 0.066741 0.702505 2 27060 -+
rs9964918 T C 0.159906 0.074645 0.016628 0.042055 0.107235 4.48919 7.25e-06 5.139598 6.283053 0.01219 0.840842 2 27583 +-
rs11152421 C T 0.159884 0.074576 0.016616 0.042009 0.107143 4.488254 7.28e-06 5.137694 3.878183 0.048917 0.742147 2 27583 +-
rs10194021 A G 0.109999 -0.086871 0.019359 -0.124814 -0.048927 -4.487389 7.31e-06 5.135934 1.043532 0.307002 0.041716 2 27583 -+
rs11152422 C T 0.232996 0.063995 0.014269 0.036028 0.091962 4.484969 7.4e-06 5.131013 0.362423 0.547164 0 2 27583 ++
rs6770260 T C 0.415828 0.054988 0.012276 0.030927 0.079049 4.479331 7.59e-06 5.119557 0.037107 0.847248 0 2 27583 ++
rs34535461 A G 0.092599 0.095061 0.021237 0.053437 0.136684 4.476282 7.7e-06 5.113368 0.160148 0.68902 0 2 27583 ++
rs2192353 T C 0.163115 0.090369 0.020212 0.050754 0.129984 4.471111 7.89e-06 5.102879 0.802789 0.370261 0 2 10420 ++
rs10213642 A G 0.0275 -0.168518 0.037702 -0.242415 -0.094622 -4.469693 7.94e-06 5.100005 0.267261 0.605175 0 2 27583 --
rs17519199 G A 0.063007 -0.145019 0.032451 -0.208624 -0.081415 -4.468846 7.97e-06 5.098289 0.405831 0.524093 0 2 7682 --
rs10196846 A C 0.164649 -0.073436 0.016469 -0.105715 -0.041157 -4.459078 8.35e-06 5.078515 0.729315 0.393105 0 2 27575 --
rs140152704 C A 0.057411 -0.117772 0.026428 -0.169572 -0.065973 -4.456287 8.46e-06 5.072873 0.125356 0.723296 0 2 27060 --
rs117777439 T C 0.049055 0.133194 0.029897 0.074596 0.191793 4.455069 8.5e-06 5.070412 0.946392 0.330639 0 2 24951 ++
rs9824834 A G 0.415638 0.054517 0.012275 0.030458 0.078577 4.441243 9.07e-06 5.042514 0.045236 0.83157 0 2 27559 ++
rs77945491 C T 0.169731 0.071658 0.01614 0.040024 0.103292 4.439773 9.13e-06 5.039552 0.026282 0.871213 0 2 27583 ++
rs6781799 G T 0.414248 0.054412 0.012291 0.030322 0.078502 4.427013 9.69e-06 5.013885 0.017957 0.8934 0 2 27583 ++
rs6548721 T C 0.41667 0.054377 0.012285 0.030299 0.078455 4.426427 9.71e-06 5.012707 0.070935 0.78998 0 2 27572 ++
