rs_number reference_allele other_allele eaf beta se beta_95L beta_95U z p-value -log10_p-value q_statistic q_p-value i2 n_studies n_samples effects
rs6768610 C T 0.11403 -0.011881 0.002477 -0.016737 -0.007026 -4.796031 1.65e-06 5.78361 0.485886 0.485768 0 2 17986 --
rs147823584 C A 0.169004 -0.011424 0.002453 -0.01623 -0.006617 -4.657837 3.25e-06 5.488696 4.949522 0.026098 0.79796 2 17640 --
rs4906795 A G 0.081759 0.01484 0.00319 0.008587 0.021092 4.651898 3.34e-06 5.476199 1.116239 0.29073 0.104134 2 6996 ++
rs1343261 T C 0.176007 -0.011256 0.002426 -0.016012 -0.006501 -4.639154 3.55e-06 5.449437 0.29174 0.589107 0 2 16898 --
rs6623773 A G 0.177907 -0.011048 0.002389 -0.01573 -0.006365 -4.624172 3.82e-06 5.418061 0.000851 0.976733 0 2 18089 --
rs13126049 G A 0.147513 0.010726 0.002332 0.006155 0.015298 4.599069 4.31e-06 5.365699 0.508455 0.475808 0 2 8548 ++
rs593390 A G 0.308729 -0.007193 0.001585 -0.0103 -0.004086 -4.53803 5.76e-06 5.239476 0.765926 0.38148 0 2 18507 --
rs62472936 C T 0.092642 0.011491 0.002533 0.006526 0.016455 4.536641 5.8e-06 5.236622 0.262703 0.608269 0 2 18018 ++
rs10828194 C A 0.026976 -0.021474 0.004734 -0.030753 -0.012195 -4.536058 5.82e-06 5.235425 0.053448 0.817168 0 2 18510 --
rs12218142 G T 0.028066 -0.021202 0.004678 -0.030371 -0.012033 -4.532288 5.92e-06 5.227683 0.006161 0.937436 0 2 18510 --
rs12365709 A G 0.057514 0.013903 0.003073 0.00788 0.019926 4.524238 6.15e-06 5.21117 0.354191 0.55175 0 2 18510 ++
rs10828195 G C 0.027088 -0.021381 0.004734 -0.030659 -0.012103 -4.516963 6.36e-06 5.196272 0.037876 0.845692 0 2 18510 --
rs10828196 A C 0.026337 -0.021562 0.004792 -0.030953 -0.01217 -4.49989 6.9e-06 5.161395 0.001281 0.971448 0 2 18509 --
rs5969000 A G 0.185425 -0.010764 0.002397 -0.015463 -0.006066 -4.490373 7.21e-06 5.142005 0.920821 0.337259 0 2 16898 --
rs17349801 T C 0.152457 -0.009141 0.002042 -0.013143 -0.005139 -4.47644 7.7e-06 5.113689 0.561477 0.453666 0 2 18510 --
rs6623774 G A 0.176993 -0.010666 0.002391 -0.015352 -0.00598 -4.460977 8.27e-06 5.082356 0.208016 0.648327 0 2 18089 --
rs73647310 T C 0.035737 -0.018928 0.004248 -0.027254 -0.010602 -4.455692 8.48e-06 5.071669 1.06321 0.302484 0.059452 2 18505 --
rs5968999 T C 0.188438 -0.010643 0.002389 -0.015325 -0.00596 -4.454984 8.51e-06 5.070239 0.983717 0.321283 0 2 16898 --
rs112778355 T C 0.03028 -0.018934 0.004253 -0.027271 -0.010598 -4.451689 8.64e-06 5.063584 3.443945 0.063484 0.709635 2 18510 -+
rs6617260 A C 0.17403 -0.010655 0.002403 -0.015365 -0.005946 -4.43476 9.34e-06 5.02946 0.018597 0.891529 0 2 18089 --
rs4625801 C G 0.305374 -0.007087 0.001599 -0.010221 -0.003953 -4.432293 9.45e-06 5.024497 0.159141 0.689948 0 2 18510 --
rs11012538 G A 0.026538 -0.02114 0.004771 -0.030492 -0.011789 -4.430786 9.52e-06 5.021467 0.010718 0.917544 0 2 18510 --
rs62094665 C T 0.189405 -0.008297 0.001873 -0.011967 -0.004627 -4.430837 9.52e-06 5.02157 0.283139 0.594651 0 2 18510 --
rs11012537 G A 0.0265 -0.021145 0.004776 -0.030506 -0.011784 -4.427343 9.67e-06 5.014547 0.010606 0.917974 0 2 18509 --
rs12687284 G C 0.176955 -0.010582 0.002391 -0.015267 -0.005896 -4.426427 9.71e-06 5.012708 0.225962 0.634534 0 2 18089 --
rs275728 T G 0.060146 0.0164 0.003707 0.009133 0.023666 4.423462 9.85e-06 5.006755 1.796707 0.180111 0.443426 2 6988 ++
