rs_number reference_allele other_allele eaf beta se beta_95L beta_95U z p-value -log10_p-value q_statistic q_p-value i2 n_studies n_samples effects
rs67099044 A C 0.158789 0.098675 0.017406 0.064559 0.13279 5.669039 1.47e-08 7.831943 0.41654 0.936805 0 4 24216 ++++
rs12456833 T C 0.158599 0.09715 0.017438 0.062971 0.13133 5.571064 2.59e-08 7.586071 0.263153 0.966802 0 4 24216 ++++
rs34049053 A G 0.161543 0.094593 0.017286 0.060712 0.128474 5.472171 4.55e-08 7.342008 0.41091 0.93798 0 4 24216 ++++
rs12958244 A C 0.161256 0.093851 0.017295 0.059954 0.127748 5.426614 5.88e-08 7.230964 0.702946 0.872511 0 4 24213 ++++
rs17072566 T C 0.266096 0.076905 0.014485 0.048513 0.105296 5.309138 1.13e-07 6.948653 1.715586 0.633474 0 4 24207 ++++
rs113829713 G C 0.047241 -0.159949 0.030174 -0.21909 -0.100808 -5.300894 1.18e-07 6.929061 2.524609 0.47086 0 4 24216 ----
rs17785335 T C 0.26571 0.076754 0.014498 0.048337 0.105171 5.29393 1.22e-07 6.912533 1.617261 0.655482 0 4 24216 ++++
rs9958842 G A 0.268585 0.076261 0.01446 0.04792 0.104603 5.27392 1.36e-07 6.865154 1.612415 0.656578 0 4 24216 ++++
rs73212759 T C 0.083831 -0.122147 0.023167 -0.167554 -0.07674 -5.272502 1.37e-07 6.861801 0.673834 0.87934 0 4 24216 ----
rs9963373 C G 0.268514 0.076142 0.014463 0.047796 0.104489 5.264799 1.43e-07 6.843613 1.623581 0.654055 0 4 24216 ++++
rs922209 A T 0.268695 0.075871 0.014454 0.047542 0.1042 5.249273 1.56e-07 6.807027 1.745041 0.626967 0 4 24216 ++++
rs9950644 C T 0.26919 0.075917 0.014461 0.047572 0.104261 5.249579 1.56e-07 6.807746 2.0499 0.562115 0 4 24215 ++++
rs4477822 C T 0.265874 0.075591 0.0145 0.047171 0.10401 5.213176 1.9e-07 6.722356 1.730046 0.630275 0 4 24216 ++++
rs35975554 G A 0.15019 0.091968 0.01781 0.057061 0.126875 5.163981 2.47e-07 6.607848 0.405052 0.939197 0 4 24216 ++++
rs4941244 C T 0.26433 0.074199 0.014533 0.045714 0.102684 5.105443 3.37e-07 6.472916 1.780381 0.619213 0 4 24186 ++++
rs9964918 T C 0.156061 0.090548 0.017797 0.055666 0.125431 5.087803 3.69e-07 6.432539 1.1259 0.770826 0 4 24216 ++++
rs1955000 C A 0.156258 0.087758 0.017762 0.052945 0.12257 4.940889 7.92e-07 6.101326 1.110129 0.77463 0 4 24215 ++++
rs9320036 C G 0.156447 0.087231 0.017759 0.052423 0.122038 4.911961 9.18e-07 6.037175 1.064258 0.785709 0 4 24216 ++++
rs1865550 C T 0.327381 -0.066966 0.013658 -0.093736 -0.040196 -4.903064 9.6e-07 6.017518 4.412382 0.22024 0.320095 4 24216 ----
rs11874992 A T 0.156447 0.087001 0.017756 0.052199 0.121804 4.899756 9.77e-07 6.010215 1.063023 0.786007 0 4 24216 ++++
rs11152421 C T 0.156447 0.086921 0.017759 0.052113 0.121728 4.894506 1e-06 5.998639 1.062707 0.786084 0 4 24216 ++++
rs9960230 T G 0.156306 0.086901 0.017759 0.052093 0.121708 4.893373 1.01e-06 5.996141 1.062637 0.7861 0 4 24216 ++++
rs9952960 G A 0.156465 0.08688 0.017756 0.052079 0.121681 4.89305 1.01e-06 5.995429 1.057511 0.78734 0 4 24214 ++++
rs73196120 C G 0.09081 -0.109181 0.022326 -0.152941 -0.065421 -4.890233 1.03e-06 5.989222 1.524164 0.676705 0 4 24216 ----
rs4505435 G A 0.15805 0.086366 0.017691 0.051692 0.121041 4.881896 1.07e-06 5.970875 1.217301 0.748858 0 4 24216 ++++
rs11152420 A G 0.156273 0.086523 0.017774 0.051686 0.121361 4.867928 1.15e-06 5.940203 1.037056 0.792287 0 4 24216 ++++
rs9954667 T C 0.156472 0.08633 0.017762 0.051516 0.121144 4.86037 1.19e-06 5.923639 1.021143 0.796136 0 4 24216 ++++
rs12455791 A G 0.156061 0.086398 0.017776 0.051557 0.12124 4.860352 1.19e-06 5.9236 1.028791 0.794286 0 4 24216 ++++
rs11661093 A T 0.156376 0.086341 0.017781 0.05149 0.121193 4.855752 1.22e-06 5.913531 1.048583 0.789499 0 4 24216 ++++
rs11664515 G A 0.151548 0.085906 0.017708 0.051199 0.120613 4.851367 1.25e-06 5.903942 0.589391 0.898857 0 4 24216 ++++
rs7109355 C T 0.365268 -0.065047 0.013413 -0.091337 -0.038757 -4.849436 1.26e-06 5.899719 3.583474 0.310096 0.162824 4 24216 ----
rs10835935 A G 0.365542 -0.064949 0.013417 -0.091246 -0.038652 -4.840876 1.32e-06 5.881029 3.73376 0.291686 0.19652 4 24216 ----
rs11665034 A G 0.156574 0.085969 0.017762 0.051156 0.120782 4.840074 1.32e-06 5.879279 1.023794 0.795495 0 4 24216 ++++
rs17072581 C G 0.157822 0.085633 0.017699 0.050943 0.120324 4.83823 1.33e-06 5.875257 1.164401 0.761554 0 4 24216 ++++
rs10767943 G A 0.363805 -0.064932 0.013422 -0.09124 -0.038624 -4.837552 1.34e-06 5.873778 3.630768 0.304194 0.173729 4 24216 ----
rs66504828 A T 0.151507 0.085625 0.01771 0.050914 0.120336 4.834964 1.35e-06 5.868138 0.561834 0.905111 0 4 24216 ++++
rs16904352 C T 0.327728 -0.065986 0.01365 -0.09274 -0.039232 -4.834201 1.36e-06 5.866476 4.087475 0.252172 0.266051 4 24192 ----
rs9965220 G C 0.15668 0.08581 0.017758 0.051004 0.120617 4.832095 1.37e-06 5.861887 1.042683 0.790925 0 4 24216 ++++
rs9949690 T C 0.156609 0.085825 0.017758 0.05102 0.12063 4.833121 1.37e-06 5.864122 0.997779 0.801789 0 4 24216 ++++
rs34263279 A G 0.150049 0.085731 0.017774 0.050895 0.120568 4.823534 1.43e-06 5.843256 0.304731 0.959136 0 4 24216 ++++
rs11031842 G A 0.365494 -0.064718 0.013417 -0.091016 -0.03842 -4.823476 1.44e-06 5.84313 3.469034 0.324801 0.135206 4 24216 ----
rs9952024 A C 0.156587 0.085804 0.017789 0.050937 0.12067 4.823412 1.44e-06 5.84299 1.058404 0.787124 0 4 24185 ++++
rs4963210 T C 0.363039 -0.064612 0.013424 -0.090923 -0.038301 -4.813253 1.51e-06 5.820923 3.902811 0.272152 0.231323 4 24216 ----
rs9955621 C G 0.157178 0.085225 0.017734 0.050467 0.119984 4.80582 1.57e-06 5.804803 0.733473 0.865304 0 4 24216 ++++
rs1460966 T C 0.156332 0.085307 0.017774 0.05047 0.120145 4.799533 1.62e-06 5.791187 1.000704 0.801082 0 4 24216 ++++
rs9309022 A G 0.123148 -0.094191 0.01964 -0.132685 -0.055697 -4.795897 1.65e-06 5.78332 1.286616 0.732314 0 4 24216 ----
rs10865134 T C 0.122737 -0.09303 0.019652 -0.131548 -0.054513 -4.73392 2.24e-06 5.650073 1.159005 0.762852 0 4 24207 ----
rs10255838 G A 0.173973 -0.079599 0.017019 -0.112957 -0.046241 -4.676978 2.96e-06 5.529068 0.67921 0.878083 0 4 24216 ----
rs1269289 C T 0.430604 -0.060637 0.012973 -0.086064 -0.035211 -4.674217 3e-06 5.523235 1.591138 0.661401 0 4 24216 ----
rs12791225 C G 0.232004 0.071228 0.015242 0.041354 0.101103 4.673139 3.01e-06 5.520958 3.5034 0.320321 0.143689 4 24216 ++++
rs75504759 A C 0.014669 -0.320465 0.068855 -0.455422 -0.185509 -4.654187 3.3e-06 5.481014 3.043281 0.218353 0.342815 3 7057 --?-
rs10512274 A G 0.163539 0.102795 0.022115 0.05945 0.14614 4.64827 3.4e-06 5.468575 1.838147 0.398888 0 3 7057 ++?+
rs191690677 A G 0.014384 -0.323817 0.069828 -0.460679 -0.186955 -4.637381 3.58e-06 5.445719 3.147203 0.207297 0.364515 3 7057 --?-
rs3907825 A G 0.411852 0.077859 0.016829 0.044875 0.110843 4.626584 3.77e-06 5.423105 0.561877 0.755075 0 3 7056 ++?+
rs10194021 A G 0.120978 -0.090703 0.019719 -0.129353 -0.052054 -4.599717 4.29e-06 5.367048 1.278345 0.734282 0 4 24216 ----
rs117205737 A G 0.012806 -0.28558 0.062163 -0.40742 -0.16374 -4.594022 4.41e-06 5.355204 2.050684 0.358674 0.024715 3 22098 ---?
rs35227817 A G 0.070467 -0.116575 0.025383 -0.166325 -0.066825 -4.592699 4.44e-06 5.352454 2.852633 0.414909 0 4 24216 ----
rs13386936 A T 0.093165 -0.101448 0.022131 -0.144824 -0.058071 -4.583987 4.63e-06 5.334366 1.488885 0.684838 0 4 24216 ----
rs17137982 G C 0.155526 0.080038 0.017567 0.045608 0.114469 4.556286 5.28e-06 5.277066 2.107741 0.550348 0 4 24216 ++++
rs988341 A T 0.457542 0.058359 0.012861 0.03315 0.083567 4.537501 5.78e-06 5.23839 1.856248 0.602772 0 4 24216 ++++
rs62080130 G A 0.457725 0.05831 0.012851 0.033121 0.083499 4.537225 5.78e-06 5.237822 1.952355 0.582354 0 4 24216 ++++
rs12808526 C G 0.233014 0.068979 0.015216 0.039156 0.098802 4.533376 5.89e-06 5.229916 3.076533 0.379975 0.024876 4 24216 ++++
rs9967285 C T 0.234774 0.068189 0.015056 0.038679 0.0977 4.528923 6.01e-06 5.220777 1.028674 0.794314 0 4 24214 ++++
rs35395772 A G 0.069851 -0.115258 0.025452 -0.165145 -0.065371 -4.528369 6.03e-06 5.21964 2.558095 0.464884 0 4 24216 ----
rs188087302 C T 0.014384 -0.316434 0.069972 -0.453578 -0.179289 -4.522309 6.21e-06 5.207219 3.114869 0.210676 0.357919 3 7057 --?-
rs10187700 A G 0.119092 -0.089768 0.019859 -0.128691 -0.050844 -4.52029 6.26e-06 5.203082 1.727754 0.630781 0 4 24216 ----
rs6924353 T C 0.069808 -0.11503 0.025461 -0.164933 -0.065127 -4.517964 6.33e-06 5.198322 2.537455 0.46856 0 4 24216 ----
rs2113390 T C 0.129968 -0.086289 0.0191 -0.123725 -0.048852 -4.517664 6.34e-06 5.197707 1.160068 0.762597 0 4 24213 ----
rs2590395 G A 0.421032 0.058575 0.012978 0.033137 0.084012 4.51331 6.47e-06 5.1888 2.857338 0.414148 0 4 24216 ++++
rs10171697 T C 0.130435 -0.086048 0.019076 -0.123437 -0.048659 -4.510792 6.55e-06 5.183651 1.140231 0.767372 0 4 24216 ----
rs13191496 A G 0.069912 -0.114528 0.02543 -0.16437 -0.064685 -4.503696 6.77e-06 5.169159 2.733909 0.434496 0 4 24216 ----
rs6773969 C T 0.413636 0.058588 0.013011 0.033087 0.084088 4.503123 6.79e-06 5.167991 1.839278 0.606425 0 4 24216 ++++
rs71467489 A G 0.232641 0.068519 0.015225 0.038678 0.098359 4.500473 6.88e-06 5.162584 2.946398 0.399964 0 4 24213 ++++
rs62389894 T A 0.069871 -0.114348 0.025444 -0.164218 -0.064479 -4.494189 7.08e-06 5.149776 2.819261 0.420339 0 4 24216 ----
rs61868714 A T 0.113478 -0.091843 0.020436 -0.131897 -0.051788 -4.494174 7.08e-06 5.149745 3.602582 0.307699 0.167264 4 24216 ----
rs13198167 A G 0.069872 -0.114262 0.02545 -0.164144 -0.06438 -4.489699 7.23e-06 5.140635 2.465387 0.481579 0 4 24216 ----
rs10204598 A G 0.131007 -0.085398 0.019034 -0.122704 -0.048091 -4.486609 7.34e-06 5.134348 1.829911 0.608448 0 4 24213 ----
rs62389889 T G 0.069954 -0.114027 0.025422 -0.163854 -0.0642 -4.485385 7.38e-06 5.131858 2.702841 0.439745 0 4 24216 ----
rs35621699 C T 0.069894 -0.114143 0.025447 -0.164019 -0.064266 -4.485493 7.38e-06 5.132079 2.454343 0.483599 0 4 24216 ----
rs6927781 C G 0.069894 -0.114143 0.025447 -0.164019 -0.064266 -4.485493 7.38e-06 5.132079 2.454343 0.483599 0 4 24216 ----
rs62389900 T G 0.069894 -0.114143 0.025447 -0.164019 -0.064266 -4.485493 7.38e-06 5.132079 2.454343 0.483599 0 4 24216 ----
rs16873462 A G 0.069894 -0.114143 0.025447 -0.164019 -0.064266 -4.485493 7.38e-06 5.132079 2.454343 0.483599 0 4 24216 ----
rs13194950 A G 0.069942 -0.114023 0.025455 -0.163915 -0.064131 -4.479366 7.59e-06 5.119629 2.737619 0.433872 0 4 24191 ----
rs34348949 G A 0.069873 -0.113851 0.025449 -0.163731 -0.063971 -4.473702 7.8e-06 5.108133 2.423184 0.489334 0 4 24216 ----
rs2850712 C A 0.418919 0.058005 0.012968 0.032587 0.083423 4.472842 7.83e-06 5.106389 3.173341 0.365664 0.054624 4 24180 ++++
rs62389892 G A 0.069913 -0.113713 0.025432 -0.163559 -0.063868 -4.471348 7.88e-06 5.103359 2.652375 0.448381 0 4 24216 ----
rs62389893 T G 0.069913 -0.113713 0.025432 -0.163559 -0.063868 -4.471348 7.88e-06 5.103359 2.652375 0.448381 0 4 24216 ----
rs36025436 A G 0.2327 0.06801 0.015219 0.038179 0.09784 4.468597 7.98e-06 5.097784 3.011569 0.389845 0.003841 4 24216 ++++
rs6914467 A G 0.069873 -0.113688 0.025451 -0.163571 -0.063804 -4.46692 8.05e-06 5.094387 2.40472 0.492757 0 4 24216 ----
rs71552720 T C 0.070513 -0.113088 0.025336 -0.162747 -0.063428 -4.463441 8.18e-06 5.087342 2.528046 0.470244 0 4 24216 ----
rs10196846 A C 0.157908 -0.078954 0.017691 -0.113629 -0.044279 -4.462833 8.2e-06 5.086112 1.61784 0.655351 0 4 24208 ----
rs1563808 T A 0.413051 0.058058 0.013017 0.032545 0.083572 4.460137 8.31e-06 5.080656 1.518177 0.678081 0 4 24216 ++++
rs36043593 T C 0.06987 -0.113366 0.025437 -0.163223 -0.06351 -4.456755 8.44e-06 5.073818 2.618641 0.454231 0 4 24216 ----
rs6912532 C T 0.070388 -0.113029 0.025379 -0.162771 -0.063287 -4.453696 8.56e-06 5.067637 2.161199 0.539631 0 4 24216 ----
rs13060205 A C 0.406498 0.058098 0.013055 0.03251 0.083685 4.45026 8.7e-06 5.060699 0.75979 0.859059 0 4 24215 ++++
rs13433054 T C 0.126265 -0.086413 0.019425 -0.124487 -0.048339 -4.448455 8.77e-06 5.057055 0.513047 0.916016 0 4 24216 ----
rs117198938 C T 0.022169 -0.214489 0.048246 -0.309051 -0.119927 -4.445761 8.88e-06 5.051621 5.946809 0.051129 0.663685 3 22107 -+-?
rs13205779 G A 0.070429 -0.11275 0.02537 -0.162474 -0.063025 -4.44429 8.94e-06 5.048655 2.36508 0.500168 0 4 24216 ----
rs11152422 C T 0.235636 0.066884 0.015054 0.037377 0.09639 4.442833 9e-06 5.045719 2.030434 0.566114 0 4 24216 ++++
rs72791145 C T 0.139047 -0.08207 0.018474 -0.11828 -0.045861 -4.44239 9.02e-06 5.044826 1.367997 0.713053 0 4 24216 ----
rs2850710 G A 0.418711 0.057617 0.012978 0.032181 0.083054 4.439643 9.14e-06 5.03929 2.963513 0.397285 0 4 24216 ++++
rs13062710 C T 0.412983 0.057754 0.013019 0.032236 0.083272 4.43608 9.29e-06 5.032117 1.621205 0.654591 0 4 24216 ++++
rs34095326 A G 0.149245 -0.083545 0.018865 -0.12052 -0.046569 -4.428531 9.62e-06 5.016935 14.62397 0.002168 0.794857 4 24216 ---+
rs4816196 T C 0.46697 -0.07244 0.016376 -0.104536 -0.040344 -4.42368 9.84e-06 5.007191 0.120415 0.941569 0 3 7056 --?-
rs7625814 C T 0.413994 0.057586 0.013023 0.032061 0.083112 4.421913 9.92e-06 5.003645 1.226673 0.746614 0 4 24216 ++++
rs2676674 G A 0.418361 0.057375 0.012979 0.031937 0.082813 4.420765 9.97e-06 5.001341 3.15085 0.368947 0.047876 4 24216 ++++
