rs_number reference_allele other_allele eaf beta se beta_95L beta_95U z p-value -log10_p-value q_statistic q_p-value i2 n_studies n_samples effects
rs2394483 A G 0.03266 0.064325 0.012329 0.04016 0.08849 5.217333 1.85e-07 6.73208 0.183029 0.912548 0 3 2617 +++
rs11044813 C G 0.053677 0.063424 0.012185 0.039542 0.087306 5.205264 1.98e-07 6.703872 0.356914 0.550225 0 2 2122 ++?
rs10841329 G A 0.053151 0.062771 0.012201 0.038858 0.086684 5.144948 2.73e-07 6.563819 0.383545 0.535712 0 2 2122 ++?
rs9395125 T C 0.306896 -0.024778 0.004926 -0.034432 -0.015124 -5.03042 4.99e-07 6.302092 0.057189 0.971811 0 3 2617 ---
rs34687810 A G 0.160514 0.031505 0.006284 0.019188 0.043822 5.013444 5.45e-07 6.263766 2.810602 0.245293 0.288409 3 2617 +++
rs9403352 A G 0.222246 0.027342 0.005495 0.016571 0.038112 4.975586 6.63e-07 6.178733 3.34611 0.187673 0.402291 3 2617 +++
rs17706830 G T 0.164707 0.029704 0.006075 0.017796 0.041612 4.889234 1.03e-06 5.987022 5.115942 0.077462 0.609065 3 2617 +++
rs17765780 T C 0.020318 0.081005 0.016783 0.048111 0.113899 4.826753 1.41e-06 5.850258 0.683933 0.408236 0 2 2524 ?++
rs35259877 C A 0.047878 0.052367 0.010869 0.031064 0.07367 4.818046 1.47e-06 5.831328 1.997048 0.368423 0 3 2617 +++
rs1697483 T C 0.207884 0.033217 0.006906 0.019681 0.046752 4.809813 1.54e-06 5.81346 4.183219 0.040826 0.76095 2 2122 ++?
chr7:101875760:C:T T C 0.012276 0.094639 0.019761 0.055907 0.13337 4.789221 1.7e-06 5.76889 1.107156 0.574889 0 3 2617 +++
rs62195285 T C 0.013258 0.110917 0.023178 0.065487 0.156347 4.785353 1.74e-06 5.760537 0.075743 0.783151 0 2 2524 ?++
rs17465239 T C 0.099395 -0.035862 0.007564 -0.050688 -0.021036 -4.740928 2.16e-06 5.665059 2.239478 0.326365 0.106935 3 2617 ---
rs28617357 A T 0.132207 0.039003 0.008228 0.022877 0.055129 4.740546 2.17e-06 5.664241 0.861954 0.353192 0 2 2122 ++?
rs1697484 A G 0.207239 0.032488 0.006854 0.019054 0.045923 4.739745 2.18e-06 5.662528 3.906781 0.048092 0.744035 2 2122 ++?
rs10816778 C T 0.474142 0.021841 0.004613 0.0128 0.030882 4.73484 2.23e-06 5.652038 2.248387 0.324914 0.110473 3 2617 +++
rs141005338 C T 0.072136 -0.056486 0.011942 -0.079893 -0.033079 -4.729901 2.28e-06 5.641487 0.453543 0.797103 0 3 2571 ---
rs141639594 C G 0.071971 -0.056469 0.011946 -0.079884 -0.033054 -4.72686 2.32e-06 5.634996 0.455534 0.79631 0 3 2571 ---
rs7031103 G C 0.474297 0.02172 0.004612 0.01268 0.03076 4.70919 2.53e-06 5.597353 2.216705 0.330102 0.09776 3 2617 +++
rs10759333 C T 0.475475 0.021686 0.004616 0.01264 0.030733 4.698455 2.66e-06 5.574548 2.34547 0.309519 0.147293 3 2617 +++
rs9949470 A G 0.313659 0.022187 0.004727 0.012923 0.031452 4.693967 2.72e-06 5.565029 3.089238 0.213393 0.352591 3 2617 +++
rs406514 G A 0.243012 -0.024898 0.00531 -0.035305 -0.014492 -4.689407 2.78e-06 5.555363 3.953316 0.138531 0.494096 3 2617 ---
rs451760 G A 0.243012 -0.024898 0.00531 -0.035305 -0.014492 -4.689407 2.78e-06 5.555363 3.953316 0.138531 0.494096 3 2617 ---
rs594974 T A 0.243183 -0.024861 0.00531 -0.035267 -0.014454 -4.682281 2.88e-06 5.540279 3.967554 0.137549 0.495911 3 2617 ---
rs1895388 G C 0.243183 -0.024861 0.00531 -0.035267 -0.014454 -4.682281 2.88e-06 5.540279 3.967554 0.137549 0.495911 3 2617 ---
rs11666563 G C 0.243012 -0.024861 0.00531 -0.035267 -0.014454 -4.682281 2.88e-06 5.540279 3.967554 0.137549 0.495911 3 2617 ---
rs2287847 T C 0.24216 -0.024855 0.005311 -0.035265 -0.014444 -4.679475 2.92e-06 5.534346 3.992446 0.135847 0.499054 3 2617 ---
rs1628457 A G 0.20743 0.032046 0.006853 0.018614 0.045478 4.676207 2.97e-06 5.527438 3.789555 0.051573 0.736117 2 2122 ++?
rs2811272 C A 0.233316 0.02875 0.006184 0.016629 0.04087 4.649036 3.39e-06 5.470184 0.654727 0.418428 0 2 2122 ++?
rs77057854 T C 0.028464 0.070467 0.01518 0.040714 0.100219 4.642123 3.5e-06 5.455666 3.516754 0.172324 0.431294 3 2617 +++
rs7580311 A G 0.353755 -0.022012 0.004755 -0.031331 -0.012693 -4.62969 3.72e-06 5.429605 0.104586 0.949051 0 3 2617 ---
rs74992726 A G 0.028282 0.070262 0.01519 0.04049 0.100034 4.625557 3.79e-06 5.420957 3.569257 0.167859 0.439659 3 2617 +++
rs13254010 T C 0.241446 0.030306 0.006552 0.017463 0.043149 4.6252 3.8e-06 5.42021 0.021797 0.882629 0 2 2122 ++?
rs118116599 A G 0.01405 0.087738 0.018979 0.05054 0.124936 4.622977 3.84e-06 5.415563 1.685305 0.430567 0 3 2617 +++
rs2836000 C T 0.035282 0.057069 0.012409 0.032747 0.08139 4.599018 4.31e-06 5.365594 1.535741 0.464 0 3 2617 +++
rs10974804 T A 0.031759 0.06131 0.013341 0.03516 0.087459 4.595404 4.38e-06 5.358076 0.44411 0.800871 0 3 2617 +++
rs17057178 T C 0.083348 0.039478 0.00859 0.02264 0.056315 4.595532 4.38e-06 5.358342 3.590615 0.166076 0.442992 3 2617 +++
rs4976320 T C 0.027716 0.058844 0.012817 0.033723 0.083965 4.591164 4.47e-06 5.349266 3.717609 0.155859 0.46202 3 2617 -++
rs76412325 C T 0.028848 0.06936 0.015148 0.039669 0.099051 4.578745 4.75e-06 5.323498 3.361011 0.18628 0.404941 3 2617 +++
rs61818330 T C 0.013258 0.108368 0.023672 0.061972 0.154764 4.577966 4.77e-06 5.321884 0.206553 0.649483 0 2 2524 ?++
rs61818336 T G 0.013258 0.108368 0.023672 0.061972 0.154764 4.577966 4.77e-06 5.321884 0.206553 0.649483 0 2 2524 ?++
rs12459135 T C 0.025089 0.067872 0.014844 0.038777 0.096967 4.572235 4.9e-06 5.310018 0.552887 0.758476 0 3 2617 +++
rs5030890 T C 0.031794 0.060051 0.013188 0.034203 0.085899 4.553522 5.35e-06 5.271365 0.072102 0.964591 0 3 2617 +++
rs4756925 T C 0.44091 0.020752 0.004565 0.011805 0.029699 4.546204 5.54e-06 5.256289 0.048425 0.976078 0 3 2617 +++
rs6822129 A G 0.133283 0.037731 0.008317 0.021429 0.054033 4.536362 5.81e-06 5.23605 1.042186 0.307314 0.040479 2 2122 ++?
rs77621308 A T 0.028669 0.06868 0.015162 0.038962 0.098398 4.529681 5.99e-06 5.222332 3.528254 0.171336 0.433147 3 2617 +++
rs6595785 G A 0.4799 -0.024618 0.005437 -0.035273 -0.013962 -4.528163 6.04e-06 5.219217 1.83178 0.175917 0.454083 2 2122 --?
rs34822233 C T 0.031654 0.059773 0.013203 0.033895 0.085652 4.527114 6.07e-06 5.217067 0.064315 0.968354 0 3 2617 +++
rs12775696 A G 0.031654 0.059773 0.013203 0.033895 0.085652 4.527114 6.07e-06 5.217067 0.064315 0.968354 0 3 2617 +++
rs17471063 G T 0.031654 0.059773 0.013203 0.033895 0.085652 4.527114 6.07e-06 5.217067 0.064315 0.968354 0 3 2617 +++
rs77259497 A G 0.031654 0.059773 0.013203 0.033895 0.085652 4.527114 6.07e-06 5.217067 0.064315 0.968354 0 3 2617 +++
rs11815013 T C 0.031654 0.059773 0.013203 0.033895 0.085652 4.527114 6.07e-06 5.217067 0.064315 0.968354 0 3 2617 +++
rs10509307 T G 0.031654 0.059773 0.013203 0.033895 0.085652 4.527114 6.07e-06 5.217067 0.064315 0.968354 0 3 2617 +++
rs2519759 G C 0.358085 -0.025263 0.005585 -0.036209 -0.014317 -4.523431 6.17e-06 5.209517 0.466595 0.494558 0 2 2122 --?
rs61818318 A G 0.013113 0.107231 0.023714 0.060752 0.15371 4.521871 6.22e-06 5.206321 0.176326 0.67455 0 2 2524 ?++
rs12769086 G A 0.031515 0.059582 0.013214 0.033683 0.085481 4.50909 6.6e-06 5.180174 0.059221 0.970824 0 3 2617 +++
rs2870912 G T 0.117318 -0.03863 0.008571 -0.055429 -0.021831 -4.507063 6.67e-06 5.176033 0.816491 0.366208 0 2 2122 --?
rs10487667 G T 0.21425 0.025446 0.005654 0.014364 0.036528 4.500496 6.88e-06 5.162631 4.469646 0.107011 0.552537 3 2615 +++
rs12726628 G A 0.179066 0.027198 0.006044 0.015351 0.039044 4.49984 6.9e-06 5.161293 1.628115 0.443057 0 3 2617 +++
rs4766960 C T 0.509276 0.024488 0.005449 0.013808 0.035167 4.494116 7.09e-06 5.149628 2.020609 0.155177 0.5051 2 2122 ++?
rs35162257 G A 0.291135 -0.022793 0.005074 -0.032738 -0.012849 -4.492401 7.14e-06 5.146134 3.496072 0.174116 0.427929 3 2617 ---
rs10493941 T C 0.179376 0.027102 0.006042 0.015261 0.038943 4.485962 7.36e-06 5.133032 1.611111 0.44684 0 3 2617 +++
rs16885663 T C 0.029272 0.058458 0.013034 0.032911 0.084005 4.485047 7.39e-06 5.131172 0.936621 0.626059 0 3 2617 +++
rs62414265 A G 0.029419 0.058458 0.013034 0.032911 0.084005 4.485047 7.39e-06 5.131172 0.936621 0.626059 0 3 2617 +++
rs4363567 C T 0.448711 0.020238 0.004523 0.011373 0.029103 4.474485 7.77e-06 5.109722 0.059711 0.970586 0 3 2617 +++
rs10974799 C G 0.029847 0.060223 0.013468 0.033826 0.086621 4.471588 7.87e-06 5.103846 0.445046 0.800497 0 3 2617 +++
rs240683 G C 0.376755 0.020935 0.004685 0.011753 0.030118 4.468654 7.98e-06 5.097899 4.074856 0.130364 0.509185 3 2617 +++
rs825075 A C 0.198131 0.030861 0.006909 0.01732 0.044403 4.466871 8.05e-06 5.094286 3.153619 0.075759 0.682904 2 2122 ++?
rs12866966 T A 0.307413 -0.025541 0.005718 -0.036748 -0.014334 -4.466895 8.05e-06 5.094336 0.593156 0.441201 0 2 2122 --?
rs17555825 G C 0.032581 0.058328 0.013084 0.032684 0.083972 4.45805 8.39e-06 5.076436 0.027323 0.986431 0 3 2617 +++
rs36117979 T C 0.032581 0.058328 0.013084 0.032684 0.083972 4.45805 8.39e-06 5.076436 0.027323 0.986431 0 3 2617 +++
rs7042149 G A 0.038117 0.053202 0.011939 0.029801 0.076603 4.456063 8.46e-06 5.07242 3.04526 0.218137 0.343242 3 2617 +++
rs1249146 C T 0.481202 -0.020095 0.004516 -0.028946 -0.011244 -4.449985 8.71e-06 5.060143 0.214628 0.898244 0 3 2617 ---
rs12747736 C T 0.160251 0.028368 0.006379 0.015866 0.04087 4.44729 8.82e-06 5.054705 1.936882 0.379674 0 3 2617 +++
rs58020365 C G 0.160251 0.028368 0.006379 0.015866 0.04087 4.44729 8.82e-06 5.054705 1.936882 0.379674 0 3 2617 +++
rs113645439 T C 0.032155 0.058187 0.013105 0.032502 0.083872 4.440169 9.11e-06 5.040351 0.024965 0.987595 0 3 2617 +++
rs2288539 A G 0.238479 0.02908 0.006554 0.016234 0.041925 4.437037 9.25e-06 5.034044 0.000169 0.989628 0 2 2111 ++?
rs76993093 T C 0.066704 0.047268 0.01066 0.026375 0.068161 4.43424 9.37e-06 5.028413 0.628875 0.427768 0 2 2122 ++?
rs111269237 T C 0.032434 0.058059 0.013094 0.032395 0.083724 4.433971 9.38e-06 5.027874 0.022885 0.988623 0 3 2617 +++
rs35570648 G A 0.032434 0.058059 0.013094 0.032395 0.083724 4.433971 9.38e-06 5.027874 0.022885 0.988623 0 3 2617 +++
rs2894071 C A 0.032434 0.058059 0.013094 0.032395 0.083724 4.433971 9.38e-06 5.027874 0.022885 0.988623 0 3 2617 +++
rs34146994 C T 0.032434 0.058059 0.013094 0.032395 0.083724 4.433971 9.38e-06 5.027874 0.022885 0.988623 0 3 2617 +++
rs2050938 C T 0.032434 0.058059 0.013094 0.032395 0.083724 4.433971 9.38e-06 5.027874 0.022885 0.988623 0 3 2617 +++
rs4628578 G A 0.032434 0.058059 0.013094 0.032395 0.083724 4.433971 9.38e-06 5.027874 0.022885 0.988623 0 3 2617 +++
rs1628377 A G 0.197271 0.030645 0.006915 0.017092 0.044198 4.431761 9.47e-06 5.023428 3.103843 0.078108 0.677819 2 2122 ++?
rs13020930 A C 0.046783 -0.0567 0.012813 -0.081814 -0.031586 -4.425135 9.77e-06 5.010113 0.270162 0.603223 0 2 2122 --?
rs17123572 C T 0.17941 0.026672 0.006033 0.014847 0.038497 4.4208 9.97e-06 5.001412 1.61051 0.446974 0 3 2617 +++
