rs_number reference_allele other_allele eaf beta se beta_95L beta_95U z p-value -log10_p-value q_statistic q_p-value i2 n_studies n_samples effects
rs10119 A G 0.342651 -0.017161 0.001145 -0.019406 -0.014916 -14.981971 1.07e-50 49.970112 108.45738 0 0.972339 4 8948 ----
rs34095326 A G 0.15039 -0.021145 0.001604 -0.02429 -0.018001 -13.181805 1.23e-39 38.911241 57.521665 1.99e-12 0.947846 4 8948 ----
rs75627662 T C 0.235188 -0.016462 0.001316 -0.01904 -0.013883 -12.511838 7.03e-36 35.153106 71.765777 1.78e-15 0.958197 4 8947 ----
rs429358 C T 0.160769 -0.019976 0.001834 -0.023572 -0.016381 -10.889345 1.4e-27 26.854684 68.031518 1.67e-15 0.970602 3 2665 --?-
rs112019714 C T 0.041393 -0.028377 0.002835 -0.033934 -0.022821 -10.009867 1.48e-23 22.830876 33.965571 2.01e-07 0.911675 4 8948 ----
rs1081105 C A 0.041158 -0.027909 0.002856 -0.033508 -0.022311 -9.771307 1.6e-22 21.796831 37.669846 3.32e-08 0.920361 4 8948 ----
rs4420638 G A 0.193303 -0.016251 0.001683 -0.01955 -0.012952 -9.655748 4.96e-22 21.304745 59.97416 9.48e-14 0.966652 3 2664 --?-
rs115881343 T C 0.041085 -0.027299 0.002859 -0.032903 -0.021694 -9.546842 1.42e-21 20.846244 36.420822 6.1e-08 0.91763 4 8887 ----
rs56131196 A G 0.192934 -0.016028 0.001684 -0.019328 -0.012728 -9.520217 1.84e-21 20.734927 57.656002 3.02e-13 0.965312 3 2664 --?-
rs12721051 G C 0.192684 -0.015746 0.001684 -0.019047 -0.012445 -9.349178 9.4e-21 20.027094 59.558634 1.17e-13 0.96642 3 2668 --?-
rs6857 T C 0.179768 -0.016525 0.001777 -0.020008 -0.013041 -9.298176 1.52e-20 19.818462 48.170767 3.47e-11 0.958481 3 2668 --?-
rs10414043 A G 0.127814 -0.018934 0.002037 -0.022926 -0.014941 -9.294865 1.57e-20 19.804955 53.00305 3.09e-12 0.962266 3 2668 --?-
rs7256200 T G 0.127814 -0.018934 0.002037 -0.022926 -0.014941 -9.294865 1.57e-20 19.804955 53.00305 3.09e-12 0.962266 3 2668 --?-
rs769449 A G 0.125416 -0.018895 0.002059 -0.022931 -0.014859 -9.175405 4.78e-20 19.320827 53.400697 2.54e-12 0.962547 3 2668 --?-
rs112849259 T C 0.038207 -0.026966 0.002963 -0.032775 -0.021158 -9.099699 9.61e-20 19.01719 33.693742 2.3e-07 0.910963 4 8946 ----
rs77301115 A G 0.038101 -0.02693 0.002965 -0.032742 -0.021118 -9.081568 1.14e-19 18.944838 33.880381 2.1e-07 0.911453 4 8947 ----
rs75687619 T G 0.038278 -0.026893 0.002961 -0.032698 -0.021089 -9.081124 1.14e-19 18.943067 33.314861 2.76e-07 0.90995 4 8948 ----
rs114536010 T C 0.038204 -0.026808 0.002968 -0.032625 -0.02099 -9.031865 1.79e-19 18.747217 32.795302 3.56e-07 0.908523 4 8926 ----
rs79398853 T C 0.038268 -0.026777 0.002965 -0.032588 -0.020966 -9.031335 1.8e-19 18.745116 32.861603 3.44e-07 0.908708 4 8941 ----
rs150966173 T C 0.039915 -0.026431 0.002929 -0.032172 -0.02069 -9.023413 1.93e-19 18.713718 35.810128 8.21e-08 0.916225 4 8872 ----
rs116881820 C T 0.038713 -0.026423 0.002957 -0.032219 -0.020627 -8.935845 4.28e-19 18.368448 31.18636 7.77e-07 0.903804 4 8948 ----
rs140480140 A G 0.041879 -0.024705 0.00283 -0.030253 -0.019158 -8.728691 2.72e-18 17.564774 35.962158 7.63e-08 0.916579 4 8948 ----
rs66626994 A G 0.155739 -0.015576 0.001835 -0.019174 -0.011979 -8.486362 2.25e-17 16.648007 43.512817 3.56e-10 0.954037 3 2668 --?-
rs111789331 A T 0.155739 -0.015442 0.001836 -0.01904 -0.011844 -8.412467 4.23e-17 16.373462 43.588786 3.43e-10 0.954117 3 2668 --?-
rs188535946 A G 0.039317 -0.024527 0.002928 -0.030266 -0.018787 -8.375698 5.78e-17 16.237725 32.387929 4.34e-07 0.907373 4 8948 ----
rs73052335 C A 0.136428 -0.016247 0.001952 -0.020073 -0.012422 -8.323486 9e-17 16.045976 47.057322 6.05e-11 0.957499 3 2668 --?-
rs12721046 A G 0.154247 -0.015265 0.001843 -0.018876 -0.011653 -8.283524 1.26e-16 15.900005 46.235546 9.12e-11 0.956743 3 2668 --?-
chr19:44893408:G:T T G 0.214572 -0.013158 0.001623 -0.01634 -0.009977 -8.105968 5.5e-16 15.259708 38.122686 5.27e-09 0.947538 3 2668 --?-
rs2075650 G A 0.148921 -0.015421 0.00192 -0.019183 -0.011659 -8.033644 9.94e-16 15.002767 35.171643 2.3e-08 0.943136 3 2668 --?-
rs34404554 G C 0.148765 -0.015403 0.00192 -0.019166 -0.011641 -8.024361 1.07e-15 14.96995 34.886849 2.66e-08 0.942672 3 2668 --?-
rs11556505 T C 0.148765 -0.015403 0.00192 -0.019166 -0.011641 -8.024361 1.07e-15 14.96995 34.886849 2.66e-08 0.942672 3 2668 --?-
rs157581 C T 0.227939 -0.012663 0.001585 -0.015769 -0.009556 -7.99003 1.42e-15 14.848907 35.632158 1.83e-08 0.943871 3 2668 --?-
rs157582 T C 0.224721 -0.012744 0.001601 -0.015883 -0.009606 -7.959472 1.81e-15 14.741588 35.020126 2.49e-08 0.94289 3 2668 --?-
rs283815 G A 0.227182 -0.012608 0.00159 -0.015723 -0.009493 -7.931945 2.26e-15 14.645257 35.435971 2.02e-08 0.94356 3 2661 --?-
rs12972156 G C 0.150269 -0.015089 0.001905 -0.018823 -0.011355 -7.919573 2.5e-15 14.602067 34.2143 3.72e-08 0.941545 3 2668 --?-
rs12972970 A G 0.150269 -0.015089 0.001905 -0.018823 -0.011355 -7.919573 2.5e-15 14.602067 34.2143 3.72e-08 0.941545 3 2668 --?-
rs71352238 C T 0.150404 -0.015203 0.001921 -0.018967 -0.011439 -7.915936 2.57e-15 14.589384 31.30726 1.59e-07 0.936117 3 2668 --?-
rs4803770 G C 0.353814 0.008648 0.001094 0.006503 0.010793 7.901892 2.88e-15 14.540457 38.614246 2.09e-08 0.922308 4 8948 ++++
rs34342646 A G 0.153139 -0.014938 0.001891 -0.018645 -0.011231 -7.897913 2.97e-15 14.52661 29.843828 3.31e-07 0.932984 3 2668 --?-
rs184017 G T 0.226917 -0.012526 0.00159 -0.015642 -0.009409 -7.877862 3.49e-15 14.456938 36.347975 1.28e-08 0.944976 3 2668 --?-
rs283811 G A 0.22969 -0.012411 0.001576 -0.015499 -0.009323 -7.877023 3.52e-15 14.454028 35.466978 1.99e-08 0.94361 3 2668 --?-
rs59325138 T C 0.375492 0.008497 0.001081 0.006379 0.010614 7.863498 3.92e-15 14.407134 40.098849 1.02e-08 0.925185 4 8948 ++++
rs118170342 C T 0.054344 -0.020345 0.002616 -0.025472 -0.015218 -7.777364 7.76e-15 14.110329 23.663021 7.27e-06 0.91548 3 8376 ---?
rs1038025 C T 0.411981 0.008191 0.001063 0.006108 0.010275 7.705582 1.36e-14 13.865402 59.922708 6.11e-13 0.949936 4 8948 ++++
rs1160985 T C 0.412032 0.008162 0.001063 0.006079 0.010246 7.67959 1.67e-14 13.777256 59.372517 8e-13 0.949472 4 8948 ++++
rs741780 C T 0.412098 0.008132 0.001063 0.006048 0.010216 7.648158 2.13e-14 13.671053 60.012987 5.84e-13 0.950011 4 8948 ++++
rs760136 G A 0.411934 0.008131 0.001063 0.006047 0.010215 7.645801 2.17e-14 13.663105 59.756406 6.63e-13 0.949796 4 8948 ++++
rs1038026 G A 0.412309 0.008122 0.001062 0.00604 0.010204 7.646076 2.17e-14 13.664033 59.895789 6.19e-13 0.949913 4 8948 ++++
rs440446 C G 0.331622 0.008533 0.001116 0.006345 0.010721 7.644791 2.19e-14 13.659701 31.015766 8.44e-07 0.903275 4 8948 ++++
rs60049679 C G 0.086519 -0.014883 0.001962 -0.018728 -0.011039 -7.587543 3.41e-14 13.467434 23.546618 3.11e-05 0.872593 4 8948 ----
rs3925681 A G 0.385188 0.008432 0.001115 0.006246 0.010619 7.559668 4.22e-14 13.374323 47.495862 4.86e-11 0.957891 3 8376 +++?
rs7259620 A G 0.409643 0.008039 0.001064 0.005953 0.010125 7.554941 4.38e-14 13.358567 57.472126 2.04e-12 0.947801 4 8948 ++++
rs438811 T C 0.233984 -0.011938 0.001581 -0.015037 -0.008839 -7.550261 4.54e-14 13.342976 45.8127 1.13e-10 0.956344 3 2668 --?-
rs483082 T G 0.233976 -0.0118 0.001582 -0.014901 -0.0087 -7.458899 9.11e-14 13.040496 44.331902 2.36e-10 0.954886 3 2668 --?-
rs147711004 A G 0.044836 -0.020372 0.002773 -0.025807 -0.014936 -7.345972 2.13e-13 12.671547 24.429765 2.03e-05 0.877199 4 8948 ----
rs5117 C T 0.233308 -0.011535 0.001579 -0.014631 -0.008439 -7.303317 2.93e-13 12.533603 43.672144 3.29e-10 0.954204 3 2668 --?-
rs4803764 C T 0.286558 -0.008314 0.001179 -0.010624 -0.006004 -7.053631 1.81e-12 11.741718 18.765484 0.000306 0.840132 4 8948 ----
rs12462573 A G 0.287351 -0.008158 0.00118 -0.01047 -0.005847 -6.916812 4.8e-12 11.319074 19.051991 0.000267 0.842536 4 8948 ----
rs56317818 T C 0.287784 -0.008145 0.00118 -0.010457 -0.005832 -6.903865 5.25e-12 11.279494 18.975824 0.000277 0.841904 4 8948 ----
rs41289512 G C 0.053075 -0.017466 0.002539 -0.022443 -0.01249 -6.879007 6.26e-12 11.203697 21.900299 6.84e-05 0.863016 4 8948 ----
rs4803763 C G 0.291285 -0.008053 0.001174 -0.010355 -0.005752 -6.857659 7.26e-12 11.138816 17.456505 0.000569 0.828144 4 8948 ----
rs28399637 A G 0.33717 -0.007617 0.001122 -0.009817 -0.005417 -6.787312 1.18e-11 10.926386 35.496488 9.57e-08 0.915485 4 8940 ----
rs73050205 A T 0.286266 -0.008003 0.001182 -0.010319 -0.005687 -6.773462 1.3e-11 10.884811 18.625428 0.000327 0.83893 4 8948 ----
rs484195 A G 0.352928 0.007657 0.001138 0.005428 0.009887 6.730884 1.75e-11 10.757512 36.074693 1.47e-08 0.944559 3 8376 +++?
rs78959900 A G 0.318537 0.00771 0.001159 0.005439 0.009982 6.652597 2.98e-11 10.525466 36.609299 1.12e-08 0.945369 3 8344 +++?
rs12721056 T G 0.321425 0.007521 0.001153 0.005262 0.009781 6.523741 7.09e-11 10.149208 31.611206 1.37e-07 0.936731 3 8376 +++?
rs157595 A G 0.352395 0.007418 0.00114 0.005185 0.009652 6.509661 7.79e-11 10.108523 33.11321 6.45e-08 0.939601 3 8376 +++?
rs157594 T G 0.352695 0.00741 0.001139 0.005177 0.009643 6.504818 8.04e-11 10.094548 32.980355 6.89e-08 0.939358 3 8376 +++?
rs2972559 G C 0.291758 -0.007591 0.001176 -0.009896 -0.005285 -6.454297 1.12e-10 9.949363 17.10249 0.000673 0.824587 4 8948 ----
rs4803772 T C 0.316181 0.007437 0.00116 0.005164 0.00971 6.412266 1.48e-10 9.829401 30.871419 1.98e-07 0.935215 3 8376 +++?
rs35396326 G C 0.305356 -0.007404 0.00116 -0.009677 -0.005131 -6.384351 1.78e-10 9.750144 16.652549 0.000833 0.819847 4 8948 ----
chr19:44909976:G:T T G 0.063075 0.013165 0.00207 0.009107 0.017224 6.358583 2.1e-10 9.677275 45.717754 6.51e-10 0.93438 4 8948 ++++
rs7412 T C 0.062934 0.013209 0.002081 0.009131 0.017287 6.348673 2.24e-10 9.649325 45.617331 6.84e-10 0.934236 4 8942 ++++
rs7254133 T C 0.323271 -0.007336 0.001199 -0.009687 -0.004986 -6.117811 9.77e-10 9.01003 40.54741 1.57e-09 0.950675 3 8376 ---?
rs769450 A G 0.377184 0.006563 0.00108 0.004447 0.008679 6.078109 1.25e-09 8.902367 35.537633 9.38e-08 0.915582 4 8948 ++++
rs3826688 T C 0.333049 0.007024 0.001157 0.004755 0.009292 6.068534 1.33e-09 8.876502 24.560366 4.64e-06 0.918568 3 8376 +++?
rs34878901 T C 0.374689 0.006562 0.001085 0.004436 0.008688 6.048954 1.5e-09 8.823732 33.897609 2.08e-07 0.911498 4 8948 ++++
rs1305062 C G 0.374237 0.006515 0.001084 0.00439 0.008641 6.007806 1.93e-09 8.713362 34.156972 1.84e-07 0.91217 4 8948 ++++
rs12691088 A G 0.028915 -0.020788 0.003504 -0.027655 -0.013921 -5.933322 3.05e-09 8.515399 17.547938 0.000545 0.82904 4 8948 ----
rs8106922 G A 0.375041 0.006409 0.001084 0.004285 0.008534 5.914072 3.43e-09 8.464619 32.936269 3.32e-07 0.908915 4 8947 ++++
rs10410835 T C 0.452315 0.006273 0.001061 0.004193 0.008354 5.910254 3.51e-09 8.454568 18.315546 0.000379 0.836205 4 8948 ++++
rs4802238 T C 0.33167 -0.006637 0.00113 -0.008852 -0.004423 -5.874601 4.36e-09 8.36099 16.017064 0.001125 0.8127 4 8948 ----
rs146275714 A G 0.027313 -0.020629 0.003531 -0.027549 -0.013708 -5.842405 5.29e-09 8.276948 19.134069 0.000256 0.843212 4 8948 ----
rs584007 A G 0.332107 0.006779 0.001162 0.004502 0.009056 5.83556 5.51e-09 8.259136 26.476692 1.78e-06 0.924462 3 8375 +++?
rs2927468 A G 0.453469 0.006178 0.001062 0.004096 0.00826 5.814803 6.23e-09 8.205246 18.612341 0.000329 0.838817 4 8948 ++++
rs12162222 T G 0.318412 -0.006618 0.001148 -0.008868 -0.004367 -5.763673 8.45e-09 8.073278 15.815453 0.001237 0.810312 4 8948 ----
rs2199575 A G 0.318202 -0.006549 0.001147 -0.008798 -0.0043 -5.707969 1.17e-08 7.930764 15.23838 0.001624 0.803129 4 8948 ----
rs2238681 T C 0.3761 0.006068 0.001086 0.00394 0.008196 5.588292 2.35e-08 7.629014 28.312791 3.12e-06 0.894041 4 8948 ++++
rs73048288 C G 0.329832 -0.006302 0.001137 -0.00853 -0.004073 -5.542917 3.05e-08 7.516186 13.282352 0.004064 0.774136 4 8948 ----
rs144261139 A C 0.014953 -0.02678 0.004833 -0.036252 -0.017308 -5.541333 3.07e-08 7.512263 14.579169 0.000683 0.862818 3 8368 ---?
rs141622900 A G 0.042451 0.013775 0.002494 0.008886 0.018663 5.52305 3.41e-08 7.46706 26.715348 6.75e-06 0.887705 4 8947 ++++
rs2927480 C G 0.329973 -0.006278 0.001137 -0.008507 -0.00405 -5.522597 3.42e-08 7.465942 13.110232 0.004404 0.771171 4 8948 ----
rs117310449 T C 0.015055 -0.026496 0.004807 -0.035917 -0.017076 -5.512592 3.62e-08 7.441268 16.964401 0.000207 0.882106 3 8376 ---?
rs73048293 A G 0.330533 -0.006263 0.001137 -0.008492 -0.004034 -5.508009 3.72e-08 7.429979 13.69518 0.003351 0.780945 4 8943 ----
rs3021439 A G 0.330067 -0.006222 0.001136 -0.008449 -0.003995 -5.475683 4.46e-08 7.350606 13.365911 0.003909 0.775548 4 8948 ----
rs12459575 A G 0.330362 -0.006214 0.001137 -0.008443 -0.003986 -5.465337 4.73e-08 7.325295 13.233027 0.004159 0.773294 4 8948 ----
rs74579864 C G 0.330855 -0.006205 0.001136 -0.008432 -0.003978 -5.461014 4.84e-08 7.314733 12.437573 0.006025 0.758795 4 8948 ----
rs28399664 G C 0.026661 -0.019102 0.003536 -0.026032 -0.012172 -5.402569 6.72e-08 7.172707 16.057613 0.001104 0.813173 4 8948 ----
rs4803762 A G 0.33348 -0.006114 0.001133 -0.008335 -0.003894 -5.397406 6.91e-08 7.16023 12.518412 0.005803 0.760353 4 8948 ----
rs7359852 C T 0.331592 -0.006071 0.001134 -0.008293 -0.003848 -5.35298 8.84e-08 7.053332 13.355421 0.003928 0.775372 4 8948 ----
rs10406338 C T 0.356093 -0.005936 0.001116 -0.008123 -0.003749 -5.320143 1.06e-07 6.974854 12.318991 0.006367 0.756474 4 8948 ----
rs10402271 G T 0.352611 -0.005927 0.001115 -0.008112 -0.003742 -5.316333 1.08e-07 6.965778 12.494341 0.005868 0.759891 4 8944 ----
rs10402524 C T 0.352368 -0.005927 0.001115 -0.008112 -0.003742 -5.316586 1.08e-07 6.96638 12.314015 0.006381 0.756375 4 8948 ----
rs58132661 T A 0.355979 -0.005914 0.001113 -0.008096 -0.003732 -5.311512 1.11e-07 6.9543 11.90406 0.007719 0.747985 4 8948 ----
rs58826447 A T 0.355979 -0.005914 0.001113 -0.008096 -0.003732 -5.311512 1.11e-07 6.9543 11.90406 0.007719 0.747985 4 8948 ----
rs58446550 A C 0.355979 -0.005914 0.001113 -0.008096 -0.003732 -5.311512 1.11e-07 6.9543 11.90406 0.007719 0.747985 4 8948 ----
rs190712692 A G 0.042406 0.013678 0.002578 0.008626 0.01873 5.306589 1.14e-07 6.942593 25.931842 2.34e-06 0.922875 3 8376 +++?
rs10405693 T C 0.352172 -0.00593 0.001118 -0.008122 -0.003738 -5.3023 1.17e-07 6.932399 12.765609 0.005172 0.764994 4 8942 ----
rs10412413 T C 0.356471 -0.005841 0.001114 -0.008024 -0.003658 -5.243611 1.61e-07 6.793709 11.728744 0.008373 0.744218 4 8948 ----
rs4803758 T G 0.356458 -0.005839 0.001114 -0.008023 -0.003656 -5.242041 1.62e-07 6.790018 11.582475 0.008959 0.740988 4 8948 ----
rs71352239 T C 0.305013 0.006183 0.001184 0.003863 0.008504 5.222587 1.8e-07 6.744379 24.403512 5.02e-06 0.918045 3 8376 +++?
rs4803761 G A 0.339407 -0.005865 0.001128 -0.008077 -0.003654 -5.199133 2.04e-07 6.689566 11.795529 0.008117 0.745666 4 8948 ----
rs288948 A G 0.18162 0.006895 0.001345 0.004258 0.009532 5.124615 3.04e-07 6.516949 1.65756 0.64641 0 4 8948 +-++
rs449647 T A 0.158997 0.007291 0.001428 0.004492 0.01009 5.105439 3.37e-07 6.472908 23.970609 2.53e-05 0.874847 4 8948 ++++
rs288945 A G 0.180342 0.006828 0.001351 0.004181 0.009475 5.055274 4.38e-07 6.358423 1.737051 0.628728 0 4 8946 +-++
rs6716961 A G 0.033054 -0.014889 0.00295 -0.020672 -0.009106 -5.046319 4.59e-07 6.338096 8.705244 0.033478 0.65538 4 8948 ----
rs288946 G A 0.180109 0.006817 0.001351 0.004169 0.009465 5.04571 4.61e-07 6.336715 1.618257 0.655257 0 4 8948 +-++
rs288947 T C 0.179852 0.006801 0.001351 0.004153 0.009449 5.033819 4.9e-07 6.309781 1.799561 0.61503 0 4 8948 +-++
rs2817462 A G 0.187488 0.006668 0.001325 0.004072 0.009265 5.033417 4.91e-07 6.308871 1.124763 0.7711 0 4 8948 ++++
rs2819079 A C 0.187242 0.006649 0.001327 0.004048 0.00925 5.010304 5.54e-07 6.25669 1.094254 0.778461 0 4 8948 ++++
rs288950 T G 0.184017 0.00668 0.001337 0.004061 0.0093 4.998236 5.89e-07 6.229534 2.385061 0.496422 0 4 8948 +-++
rs2819077 C T 0.186198 0.006641 0.001329 0.004036 0.009245 4.997846 5.91e-07 6.228658 1.89505 0.594473 0 4 8948 +-++
rs11667241 C G 0.34714 -0.005581 0.001119 -0.007774 -0.003388 -4.988121 6.21e-07 6.206822 11.346516 0.009992 0.735602 4 8948 ----
rs157580 G A 0.378733 0.006539 0.001312 0.003967 0.009112 4.982591 6.39e-07 6.194422 16.760791 0.000229 0.880674 3 2667 ++?+
rs288954 A G 0.186525 0.006579 0.001329 0.003975 0.009183 4.9512 7.51e-07 6.124277 2.292795 0.513903 0 4 8948 +-++
rs61229592 A T 0.186567 0.006575 0.001329 0.003971 0.00918 4.948518 7.62e-07 6.118302 2.174913 0.536907 0 4 8948 +-++
rs140038970 T C 0.049209 -0.010429 0.002109 -0.014562 -0.006296 -4.945603 7.73e-07 6.111814 3.021383 0.220757 0.338052 3 2536 --?+
rs62605967 T C 0.048855 -0.010367 0.002122 -0.014526 -0.006208 -4.885636 1.05e-06 5.979103 2.98688 0.224599 0.330405 3 2536 --?+
rs62605971 T G 0.048855 -0.010367 0.002122 -0.014526 -0.006208 -4.885636 1.05e-06 5.979103 2.98688 0.224599 0.330405 3 2536 --?+
rs62605974 T G 0.048855 -0.010367 0.002122 -0.014526 -0.006208 -4.885636 1.05e-06 5.979103 2.98688 0.224599 0.330405 3 2536 --?+
rs2767580 T C 0.189419 0.006442 0.001321 0.003853 0.009031 4.877228 1.09e-06 5.960615 1.100098 0.77705 0 4 8948 ++++
rs62605985 T G 0.070308 -0.007326 0.001507 -0.010279 -0.004373 -4.861875 1.18e-06 5.926936 3.572787 0.311444 0.160319 4 8813 ---+
rs288952 T C 0.185008 0.006443 0.001335 0.003827 0.00906 4.826189 1.42e-06 5.849031 2.469996 0.480738 0 4 8948 +-++
rs2819080 G A 0.189651 0.006364 0.00132 0.003777 0.008951 4.821903 1.45e-06 5.83971 1.29101 0.731269 0 4 8944 +-++
rs2767582 G T 0.208134 0.006148 0.001277 0.003646 0.00865 4.815886 1.49e-06 5.826637 3.465958 0.325204 0.134438 4 8948 ++++
rs111533110 A G 0.022411 -0.012483 0.002616 -0.017611 -0.007356 -4.771609 1.86e-06 5.730911 1.55882 0.458677 0 3 8373 ---?
rs473559 T C 0.015331 -0.021746 0.00461 -0.030781 -0.012711 -4.717353 2.43e-06 5.614727 2.679376 0.261927 0.253558 3 8376 ---?
rs2927481 A C 0.352541 -0.005247 0.001115 -0.007432 -0.003062 -4.706138 2.57e-06 5.590864 10.597726 0.014112 0.71692 4 8948 ----
rs1896607 A G 0.027212 0.015268 0.003247 0.008903 0.021633 4.701549 2.62e-06 5.581117 1.550466 0.670673 0 4 8948 ++++
rs145324483 A G 0.069318 -0.007317 0.001563 -0.01038 -0.004254 -4.681859 2.89e-06 5.539386 2.086507 0.352307 0.04146 3 8373 ---?
rs80098849 G T 0.027112 0.015033 0.003212 0.008737 0.021328 4.680128 2.91e-06 5.535725 1.460787 0.69135 0 4 8948 ++++
rs17824837 C G 0.469274 0.004983 0.001066 0.002894 0.007073 4.674509 2.99e-06 5.52385 5.387353 0.145534 0.44314 4 8948 ++++
rs5969000 A G 0.182199 -0.004538 0.000973 -0.006445 -0.00263 -4.662635 3.17e-06 5.498801 0.026503 0.986836 0 3 8119 -?--
rs2767583 G C 0.226633 0.005763 0.001237 0.003338 0.008188 4.658453 3.24e-06 5.489993 2.485091 0.477992 0 4 8948 ++++
rs2767579 A G 0.219131 0.005844 0.001256 0.003382 0.008306 4.651862 3.34e-06 5.476124 1.199351 0.75316 0 4 8948 ++++
rs5968999 T C 0.182622 -0.004521 0.000973 -0.006427 -0.002614 -4.64789 3.41e-06 5.467776 0.033333 0.983472 0 3 8119 -?--
rs247801 T G 0.460737 -0.004924 0.001061 -0.007003 -0.002845 -4.642637 3.49e-06 5.456744 3.535224 0.316222 0.151398 4 8948 ----
rs438655 A G 0.461353 -0.004915 0.001061 -0.006994 -0.002836 -4.634107 3.64e-06 5.438856 3.51202 0.319207 0.145791 4 8948 ----
rs1343261 T C 0.185536 -0.004473 0.000967 -0.006367 -0.002578 -4.627543 3.76e-06 5.425112 0.10388 0.949386 0 3 8119 -?--
rs145948060 T C 0.018424 -0.018148 0.003926 -0.025842 -0.010454 -4.622905 3.84e-06 5.415412 7.955178 0.046947 0.622887 4 8948 -+-+
rs528070791 G A 0.019338 -0.019612 0.004247 -0.027936 -0.011287 -4.617657 3.94e-06 5.404447 8.241534 0.016232 0.757327 3 8376 ---?
rs72574026 C G 0.31549 0.005205 0.001128 0.002993 0.007417 4.612639 4.04e-06 5.393973 6.29708 0.098018 0.523589 4 8948 +-++
rs6917071 C G 0.450611 -0.004892 0.001063 -0.006975 -0.002809 -4.603433 4.22e-06 5.374784 1.199155 0.753207 0 4 8948 ----
rs7775178 G A 0.437293 -0.004889 0.001065 -0.006976 -0.002802 -4.591458 4.47e-06 5.349875 1.930965 0.586858 0 4 8948 ----
rs118139453 A G 0.028463 0.014297 0.003116 0.008189 0.020405 4.587587 4.55e-06 5.341837 2.593462 0.458637 0 4 8946 ++++
rs288944 T C 0.200514 0.005958 0.001303 0.003404 0.008512 4.572665 4.89e-06 5.310907 2.58814 0.459573 0 4 8947 +-++
rs6564054 C T 0.462099 -0.004842 0.00106 -0.00692 -0.002764 -4.567204 5.02e-06 5.299611 3.861661 0.276795 0.223132 4 8948 ----
rs9899076 A C 0.196328 0.005934 0.001302 0.003383 0.008485 4.558763 5.22e-06 5.282176 5.074937 0.166391 0.40886 4 8948 +++-
rs2819076 T C 0.22056 0.005715 0.001254 0.003258 0.008173 4.557911 5.24e-06 5.280418 1.033606 0.793121 0 4 8948 ++++
rs9478718 G A 0.22063 0.005709 0.001254 0.003252 0.008166 4.553486 5.35e-06 5.271291 1.044814 0.79041 0 4 8948 ++++
rs2767578 C G 0.22063 0.005709 0.001254 0.003252 0.008166 4.553486 5.35e-06 5.271291 1.044814 0.79041 0 4 8948 ++++
rs6458569 T C 0.437066 -0.00485 0.001065 -0.006937 -0.002762 -4.553234 5.36e-06 5.270771 1.799194 0.61511 0 4 8948 ----
rs6904129 A G 0.436687 -0.004844 0.001065 -0.006931 -0.002757 -4.549127 5.47e-06 5.262308 2.007514 0.570849 0 4 8948 ----
rs6902842 C T 0.436926 -0.004846 0.001065 -0.006934 -0.002758 -4.548786 5.48e-06 5.261605 1.807327 0.613342 0 4 8948 ----
rs7754332 A G 0.440175 -0.004844 0.001065 -0.006932 -0.002756 -4.547778 5.5e-06 5.25953 1.722254 0.631998 0 4 8948 ----
rs6623773 A G 0.18461 -0.00433 0.000952 -0.006197 -0.002464 -4.547738 5.5e-06 5.259448 1.851392 0.603816 0 4 8813 -+--
rs2819075 A G 0.220579 0.005702 0.001254 0.003243 0.008161 4.545546 5.56e-06 5.254935 1.057405 0.787365 0 4 8948 ++++
rs2819072 A G 0.220649 0.005696 0.001254 0.003238 0.008154 4.541362 5.67e-06 5.246326 1.068253 0.784743 0 4 8948 ++++
rs2817471 T A 0.220649 0.005696 0.001254 0.003238 0.008154 4.541362 5.67e-06 5.246326 1.068253 0.784743 0 4 8948 ++++
rs6904406 A G 0.46339 -0.004805 0.001059 -0.00688 -0.002731 -4.539879 5.71e-06 5.243277 2.233391 0.525401 0 4 8946 ----
rs6934735 T A 0.437059 -0.004835 0.001065 -0.006923 -0.002747 -4.538901 5.74e-06 5.241266 1.828602 0.608731 0 4 8948 ----
rs8182139 T A 0.462289 -0.004818 0.001062 -0.006899 -0.002738 -4.538949 5.74e-06 5.241366 3.624427 0.304979 0.172283 4 8948 ----
rs12724212 G A 0.273597 0.005329 0.001175 0.003026 0.007632 4.535615 5.83e-06 5.234514 2.249185 0.522325 0 4 8933 ++++
rs2767577 G A 0.22269 0.005672 0.001251 0.00322 0.008124 4.534068 5.87e-06 5.231336 1.199135 0.753212 0 4 8946 ++++
rs4790255 C T 0.196631 0.005901 0.001302 0.00335 0.008452 4.533378 5.89e-06 5.22992 5.075255 0.166369 0.408897 4 8948 +++-
rs2819073 G C 0.21999 0.005677 0.001255 0.003218 0.008137 4.523735 6.16e-06 5.21014 1.19689 0.75375 0 4 8948 ++++
rs7878428 A G 0.181373 -0.004326 0.000957 -0.006202 -0.00245 -4.52031 6.26e-06 5.203124 2.083518 0.555254 0 4 8813 -+--
rs147823584 C A 0.180274 -0.004326 0.000958 -0.006204 -0.002448 -4.514058 6.45e-06 5.190329 1.649793 0.648153 0 4 8813 -+--
rs2819074 T C 0.220649 0.00566 0.001254 0.003202 0.008117 4.512927 6.49e-06 5.188017 1.13767 0.767989 0 4 8948 ++++
rs6916662 A G 0.43952 -0.004804 0.001065 -0.006892 -0.002716 -4.510132 6.57e-06 5.182303 1.753096 0.625195 0 4 8948 ----
rs1936031 T A 0.181302 -0.004315 0.000957 -0.006191 -0.002439 -4.50808 6.64e-06 5.17811 2.080857 0.555795 0 4 8813 -+--
rs28494520 C T 0.168706 -0.006277 0.001394 -0.009008 -0.003545 -4.503772 6.77e-06 5.169316 2.870525 0.412021 0 4 8948 ----
rs5967759 A G 0.181159 -0.004301 0.000957 -0.006177 -0.002425 -4.493469 7.11e-06 5.148309 2.078286 0.556318 0 4 8813 -+--
rs12756969 T C 0.021563 -0.017198 0.00384 -0.024724 -0.009671 -4.478329 7.63e-06 5.117524 0.23482 0.971781 0 4 8948 ----
rs6906157 A G 0.441813 -0.004762 0.001064 -0.006846 -0.002677 -4.476796 7.68e-06 5.114411 1.400665 0.705379 0 4 8948 ----
rs6623774 G A 0.184817 -0.004246 0.00095 -0.006109 -0.002384 -4.467782 8.01e-06 5.096133 1.765208 0.622535 0 4 8813 -+--
rs629356 A T 0.212618 -0.005684 0.001273 -0.008179 -0.003189 -4.464985 8.12e-06 5.090468 1.989118 0.574668 0 4 8948 ----
rs138648148 A G 0.0191 -0.01735 0.003891 -0.024977 -0.009723 -4.458869 8.35e-06 5.078092 8.792856 0.032176 0.658814 4 8948 -+-+
rs148601586 G C 0.014645 -0.023835 0.005355 -0.034331 -0.013338 -4.450519 8.69e-06 5.061221 8.360795 0.015292 0.760788 3 8376 ---?
rs2075649 G A 0.371956 0.004851 0.001091 0.002713 0.006989 4.447867 8.79e-06 5.05587 18.230094 0.000394 0.835437 4 8948 ++++
rs2358538 G A 0.461328 0.004692 0.001057 0.002621 0.006763 4.440432 9.1e-06 5.04088 3.720544 0.293264 0.193666 4 8948 ++++
rs9628005 C T 0.134049 -0.00693 0.001561 -0.009989 -0.003871 -4.43969 9.13e-06 5.039386 2.260139 0.5202 0 4 8948 -+--
rs6617260 A C 0.181153 -0.004248 0.000957 -0.006123 -0.002373 -4.439686 9.13e-06 5.039377 1.84917 0.604294 0 4 8813 -+--
rs325397 C T 0.263179 -0.00528 0.001191 -0.007615 -0.002945 -4.432267 9.45e-06 5.024445 3.079263 0.379565 0.025741 4 8948 ----
rs62603466 A G 0.085444 -0.006026 0.00136 -0.008692 -0.00336 -4.430219 9.54e-06 5.020327 2.444273 0.485447 0 4 8813 ----
rs12586644 T C 0.037173 0.013047 0.002947 0.00727 0.018824 4.426826 9.69e-06 5.01351 2.738804 0.433673 0 4 8944 ++++
rs12687284 G C 0.184921 -0.004206 0.00095 -0.006068 -0.002344 -4.426879 9.69e-06 5.013615 1.775057 0.620378 0 4 8813 -+--
rs848218 C T 0.187543 -0.005863 0.001325 -0.00846 -0.003267 -4.426388 9.71e-06 5.012628 12.606158 0.005571 0.762021 4 8948 ---+
rs11867480 C T 0.195255 0.005775 0.001305 0.003217 0.008333 4.424942 9.78e-06 5.009726 4.735719 0.192204 0.366516 4 8948 +++-
rs61679753 A T 0.027197 0.014225 0.003217 0.007919 0.02053 4.421311 9.94e-06 5.002437 24.910238 3.9e-06 0.919712 3 8376 +++?
rs111784051 G T 0.027242 0.014225 0.003217 0.007919 0.02053 4.421311 9.94e-06 5.002437 24.910238 3.9e-06 0.919712 3 8376 +++?
rs6617261 T G 0.181723 -0.004228 0.000956 -0.006102 -0.002354 -4.421304 9.94e-06 5.002423 1.848734 0.604388 0 4 8813 -+--
