rs_number reference_allele other_allele eaf beta se beta_95L beta_95U z p-value -log10_p-value q_statistic q_p-value i2 n_studies n_samples effects
rs115433258 G A 0.024742 0.202571 0.038123 0.127851 0.277292 5.313656 1.1e-07 6.959403 0.526657 0.912997 0 4 12710 ++++
rs80026848 G T 0.025256 0.198737 0.037654 0.124935 0.272539 5.277959 1.33e-07 6.874704 0.406256 0.938947 0 4 12789 ++++
rs147194151 C T 0.027212 0.184769 0.035886 0.114432 0.255106 5.148753 2.68e-07 6.572609 0.5735 0.902471 0 4 12789 ++++
rs138950675 G A 0.026741 0.185441 0.036191 0.114506 0.256375 5.123934 3.05e-07 6.515384 0.749312 0.861548 0 4 12789 ++++
rs150475392 T C 0.02678 0.185182 0.036179 0.114271 0.256093 5.1185 3.14e-07 6.50289 0.742292 0.863214 0 4 12789 ++++
rs719070 A G 0.1631 0.07989 0.015672 0.049173 0.110608 5.097584 3.51e-07 6.454912 2.706928 0.439051 0 4 12786 ++++
rs79120489 C T 0.028268 0.179263 0.035363 0.109952 0.248575 5.069249 4.07e-07 6.39021 0.439088 0.932055 0 4 12789 ++++
rs79689038 T C 0.028308 0.178489 0.035354 0.109196 0.247782 5.048664 4.54e-07 6.343416 0.437261 0.932442 0 4 12789 ++++
rs74192077 C T 0.028308 0.178489 0.035354 0.109196 0.247782 5.048664 4.54e-07 6.343416 0.437261 0.932442 0 4 12789 ++++
rs80120562 A C 0.028308 0.178489 0.035354 0.109196 0.247782 5.048664 4.54e-07 6.343416 0.437261 0.932442 0 4 12789 ++++
rs58734707 G A 0.028308 0.178489 0.035354 0.109196 0.247782 5.048664 4.54e-07 6.343416 0.437261 0.932442 0 4 12789 ++++
rs12456833 T C 0.165492 0.078776 0.015751 0.047904 0.109648 5.001335 5.8e-07 6.236504 1.750711 0.625719 0 4 12789 ++++
rs12618147 A G 0.027717 0.178412 0.035726 0.108388 0.248436 4.993842 6.03e-07 6.219663 0.413072 0.937529 0 4 12789 ++++
rs12612343 G A 0.027717 0.178412 0.035726 0.108388 0.248436 4.993842 6.03e-07 6.219663 0.413072 0.937529 0 4 12789 ++++
rs146281444 C T 0.027717 0.178412 0.035726 0.108388 0.248436 4.993842 6.03e-07 6.219663 0.413072 0.937529 0 4 12789 ++++
rs12621592 T C 0.027717 0.178412 0.035726 0.108388 0.248436 4.993842 6.03e-07 6.219663 0.413072 0.937529 0 4 12789 ++++
rs189324692 C A 0.027717 0.178412 0.035726 0.108388 0.248436 4.993842 6.03e-07 6.219663 0.413072 0.937529 0 4 12789 ++++
rs142285554 A G 0.027717 0.178412 0.035726 0.108388 0.248436 4.993842 6.03e-07 6.219663 0.413072 0.937529 0 4 12789 ++++
rs186719464 T C 0.027717 0.178412 0.035726 0.108388 0.248436 4.993842 6.03e-07 6.219663 0.413072 0.937529 0 4 12789 ++++
rs59151499 G C 0.027717 0.178412 0.035726 0.108388 0.248436 4.993842 6.03e-07 6.219663 0.413072 0.937529 0 4 12789 ++++
rs79889052 C A 0.027717 0.178412 0.035726 0.108388 0.248436 4.993842 6.03e-07 6.219663 0.413072 0.937529 0 4 12789 ++++
rs75400186 C T 0.027717 0.178412 0.035726 0.108388 0.248436 4.993842 6.03e-07 6.219663 0.413072 0.937529 0 4 12789 ++++
rs67099044 A C 0.165633 0.078522 0.015731 0.047689 0.109354 4.991588 6.1e-07 6.214601 1.930129 0.587034 0 4 12789 ++++
rs13385637 T C 0.028621 0.174796 0.035049 0.106099 0.243493 4.987124 6.24e-07 6.204586 0.913252 0.822229 0 4 12789 ++++
rs199592131 T C 0.027678 0.177769 0.035745 0.107709 0.247829 4.973253 6.71e-07 6.173513 0.419138 0.936261 0 4 12789 ++++
rs78961553 G A 0.027757 0.177639 0.03572 0.107627 0.247651 4.973047 6.71e-07 6.173051 0.416798 0.936751 0 4 12789 ++++
rs74625404 T C 0.027757 0.177639 0.03572 0.107627 0.247651 4.973047 6.71e-07 6.173051 0.416798 0.936751 0 4 12789 ++++
rs12958244 A C 0.168428 0.077454 0.015578 0.046921 0.107986 4.972044 6.75e-07 6.170806 2.191376 0.533649 0 4 12786 ++++
rs34049053 A G 0.168609 0.077286 0.015576 0.046756 0.107815 4.961738 7.12e-07 6.147778 1.942515 0.584423 0 4 12789 ++++
rs117221677 T C 0.028578 0.173876 0.035062 0.105155 0.242596 4.959162 7.21e-07 6.142029 0.485353 0.922097 0 4 12789 ++++
rs78216611 A G 0.028072 0.175295 0.035389 0.105933 0.244657 4.953421 7.43e-07 6.129226 0.321415 0.955952 0 4 12789 ++++
rs117439700 C T 0.028072 0.175295 0.035389 0.105933 0.244657 4.953421 7.43e-07 6.129226 0.321415 0.955952 0 4 12789 ++++
rs115876907 G A 0.027836 0.176322 0.035633 0.106481 0.246162 4.948253 7.63e-07 6.117713 0.432979 0.933349 0 4 12789 ++++
rs73975207 A G 0.027836 0.176322 0.035633 0.106481 0.246162 4.948253 7.63e-07 6.117713 0.432979 0.933349 0 4 12789 ++++
rs143050150 A T 0.026936 0.176147 0.035951 0.105683 0.246611 4.899648 9.77e-07 6.009977 0.673322 0.87946 0 4 12789 ++++
rs58046145 A G 0.027808 0.174481 0.035663 0.104581 0.244382 4.89246 1.01e-06 5.994128 0.469996 0.925432 0 4 12767 ++++
rs116919233 T C 0.017595 -0.21501 0.044446 -0.302124 -0.127897 -4.837588 1.34e-06 5.873858 0.72441 0.867448 0 4 12789 ----
rs139157674 T A 0.026897 0.174015 0.036028 0.103401 0.244629 4.830043 1.39e-06 5.857418 0.575993 0.901906 0 4 12789 ++++
rs145091298 A T 0.057625 -0.11885 0.024769 -0.167397 -0.070303 -4.798357 1.63e-06 5.788642 3.207375 0.360744 0.064656 4 12789 ----
rs66674577 G A 0.161245 0.074536 0.015778 0.043611 0.10546 4.724062 2.35e-06 5.629028 1.942136 0.584503 0 4 12789 +-++
rs76776539 A G 0.014731 0.250783 0.053091 0.146725 0.354842 4.723632 2.35e-06 5.628109 0.563958 0.754289 0 3 11301 +++?
rs60954088 A G 0.1575 -0.075291 0.015981 -0.106614 -0.043968 -4.711253 2.5e-06 5.601741 2.75922 0.430257 0 4 12789 ----
rs5925659 G A 0.3 0.076522 0.016305 0.044565 0.10848 4.693216 2.73e-06 5.563435 1.42751 0.699099 0 4 12555 ++++
rs137451 A G 0.101438 -0.089175 0.019129 -0.126668 -0.051682 -4.661776 3.18e-06 5.496992 2.512223 0.473086 0 4 12789 -+--
rs10817904 C G 0.069119 -0.106603 0.022881 -0.15145 -0.061757 -4.659073 3.23e-06 5.491297 5.430912 0.14283 0.447607 4 12789 ----
rs2021969 A C 0.071075 -0.105321 0.022654 -0.149722 -0.06092 -4.649179 3.38e-06 5.470485 4.22768 0.237905 0.290391 4 12789 ----
rs2021970 A C 0.071075 -0.105321 0.022654 -0.149722 -0.06092 -4.649179 3.38e-06 5.470485 4.22768 0.237905 0.290391 4 12789 ----
rs11791132 A G 0.069159 -0.105668 0.022855 -0.150465 -0.060872 -4.623386 3.83e-06 5.416418 5.62699 0.131237 0.466855 4 12789 ----
rs10983322 A G 0.071114 -0.104639 0.022649 -0.149032 -0.060246 -4.619944 3.9e-06 5.409223 4.385925 0.222694 0.315994 4 12789 ----
rs10983325 A C 0.071114 -0.104639 0.022649 -0.149032 -0.060246 -4.619944 3.9e-06 5.409223 4.385925 0.222694 0.315994 4 12789 ----
rs72762100 T G 0.071311 -0.104134 0.022628 -0.148485 -0.059783 -4.601963 4.25e-06 5.371722 4.627164 0.201224 0.351655 4 12789 ----
rs114556277 A G 0.027054 0.165161 0.035902 0.094793 0.235529 4.600328 4.28e-06 5.368319 0.5065 0.917461 0 4 12789 ++++
rs11793867 C T 0.070333 -0.104329 0.022739 -0.148898 -0.05976 -4.588053 4.54e-06 5.342804 4.833249 0.184423 0.3793 4 12789 ----
rs74350953 T C 0.056075 -0.117459 0.025603 -0.167641 -0.067277 -4.587659 4.55e-06 5.341986 1.915617 0.590104 0 4 12778 ----
rs2343546 A G 0.05905 0.150249 0.032762 0.086036 0.214461 4.586111 4.58e-06 5.338772 0.059999 0.970446 0 3 5597 ++?+
rs11534244 C T 0.071467 -0.103615 0.022597 -0.147905 -0.059325 -4.585325 4.6e-06 5.337143 4.686289 0.196264 0.359835 4 12789 ----
rs11535521 T A 0.071467 -0.103615 0.022597 -0.147905 -0.059325 -4.585325 4.6e-06 5.337143 4.686289 0.196264 0.359835 4 12789 ----
rs185695508 A T 0.019921 -0.252924 0.055159 -0.361036 -0.144813 -4.585387 4.6e-06 5.33727 0.289856 0.865085 0 3 5597 --?-
rs72762008 G A 0.069984 -0.104414 0.022792 -0.149086 -0.059742 -4.581176 4.69e-06 5.328536 5.106941 0.164132 0.412564 4 12789 ----
rs111546860 T C 0.069434 -0.104601 0.022834 -0.149356 -0.059846 -4.580904 4.7e-06 5.327974 4.853187 0.182869 0.381849 4 12789 ----
rs11534245 C T 0.071505 -0.103471 0.022593 -0.147754 -0.059188 -4.579692 4.73e-06 5.325462 4.715959 0.193817 0.363862 4 12789 ----
rs60059169 A T 0.070175 -0.104217 0.022766 -0.148838 -0.059595 -4.577707 4.77e-06 5.321349 4.713719 0.194001 0.36356 4 12789 ----
rs16933742 C T 0.07045 -0.103992 0.02272 -0.148522 -0.059461 -4.577194 4.78e-06 5.320286 5.057874 0.167608 0.406865 4 12789 ----
rs11562332 T C 0.071271 -0.103513 0.022634 -0.147876 -0.05915 -4.573283 4.87e-06 5.312186 4.504141 0.211921 0.333946 4 12789 ----
rs11558410 A T 0.071271 -0.103513 0.022634 -0.147876 -0.05915 -4.573283 4.87e-06 5.312186 4.504141 0.211921 0.333946 4 12789 ----
rs72762098 T C 0.071506 -0.103328 0.022594 -0.147614 -0.059043 -4.573178 4.88e-06 5.31197 4.702368 0.194934 0.362023 4 12789 ----
rs67618266 A C 0.158964 0.072519 0.015869 0.041416 0.103621 4.569943 4.95e-06 5.305276 1.626008 0.653507 0 4 12789 +-++
rs10817921 T G 0.071546 -0.103283 0.022606 -0.147591 -0.058974 -4.568733 4.98e-06 5.302774 4.171949 0.243485 0.280912 4 12789 ----
rs724420 T C 0.070451 -0.103815 0.022733 -0.148372 -0.059258 -4.56666 5.03e-06 5.298486 4.72251 0.193281 0.364745 4 12789 ----
rs115355225 A G 0.027404 -0.160022 0.035107 -0.228831 -0.091213 -4.55817 5.24e-06 5.280952 3.23992 0.356093 0.074051 4 12789 ----
rs1847721 T C 0.061281 0.146798 0.032235 0.083617 0.209978 4.553988 5.34e-06 5.272326 0.082063 0.959799 0 3 5597 ++?+
rs2131505 G C 0.061281 0.146798 0.032235 0.083617 0.209978 4.553988 5.34e-06 5.272326 0.082063 0.959799 0 3 5597 ++?+
rs2165555 G T 0.070451 -0.103484 0.022743 -0.14806 -0.058908 -4.550195 5.44e-06 5.264509 4.402294 0.221173 0.318537 4 12789 ----
rs10983299 A G 0.070451 -0.103484 0.022743 -0.14806 -0.058908 -4.550195 5.44e-06 5.264509 4.402294 0.221173 0.318537 4 12789 ----
rs1814199 T C 0.071428 -0.102759 0.022616 -0.147086 -0.058432 -4.543718 5.61e-06 5.251172 4.426643 0.218928 0.322286 4 12789 ----
rs10817918 C T 0.071428 -0.102759 0.022616 -0.147086 -0.058432 -4.543718 5.61e-06 5.251172 4.426643 0.218928 0.322286 4 12789 ----
rs2769270 A G 0.1541 0.072158 0.015897 0.041001 0.103316 4.539235 5.73e-06 5.241952 1.308636 0.727083 0 4 12787 ++++
rs10983312 C G 0.070219 -0.10314 0.022746 -0.147721 -0.058559 -4.534504 5.86e-06 5.232233 4.823499 0.185187 0.378045 4 12789 ----
rs149194553 A G 0.056262 -0.115706 0.025544 -0.165773 -0.065639 -4.529609 6e-06 5.222183 1.681914 0.640962 0 4 12789 ----
rs10817917 T C 0.070416 -0.102523 0.022727 -0.147068 -0.057978 -4.511043 6.54e-06 5.184164 4.5091 0.21148 0.334679 4 12788 ----
rs149549557 T C 0.018491 -0.190453 0.042496 -0.273745 -0.107161 -4.48166 7.51e-06 5.124288 6.025204 0.11039 0.502092 4 12789 ----
rs2532442 A C 0.422024 0.052444 0.011712 0.029488 0.075399 4.47784 7.65e-06 5.11653 4.994793 0.172179 0.399375 4 12789 +++-
rs1472194 G A 0.054582 0.151231 0.033822 0.084939 0.217522 4.471323 7.88e-06 5.10331 0.050788 0.974926 0 3 5597 ++?+
rs2590261 T C 0.377235 0.053306 0.011936 0.02991 0.076701 4.465788 8.09e-06 5.092094 3.184233 0.364083 0.057858 4 12789 ++++
rs4789322 G A 0.377431 0.053091 0.011932 0.029704 0.076479 4.449302 8.73e-06 5.058766 3.167181 0.36656 0.052785 4 12789 ++++
rs1826508 C T 0.061483 0.143278 0.03224 0.080088 0.206468 4.444139 8.95e-06 5.04835 0.081172 0.960226 0 3 5595 ++?+
rs11650173 C T 0.421851 0.051999 0.011727 0.029013 0.074985 4.434004 9.38e-06 5.02794 4.923798 0.177463 0.390714 4 12789 +++-
rs7855534 T C 0.317712 -0.055066 0.012454 -0.079476 -0.030656 -4.421513 9.93e-06 5.002843 2.907214 0.406153 0 4 12783 ----
