rs_number reference_allele other_allele eaf beta se beta_95L beta_95U z p-value -log10_p-value q_statistic q_p-value i2 n_studies n_samples effects
rs13401595 G C 0.012825 0.142284 0.025622 0.092064 0.192503 5.553158 2.87e-08 7.541576 0.073172 0.786773 0 2 1413 ?++
rs61744374 T C 0.015713 0.101266 0.019821 0.062417 0.140114 5.109098 3.3e-07 6.481299 0.867299 0.351704 0 2 1149 ++?
rs12284695 G A 0.062631 0.050125 0.009908 0.030705 0.069545 5.059007 4.3e-07 6.366906 0.343686 0.842112 0 3 1506 +++
rs71478855 T C 0.021054 0.102338 0.020638 0.061888 0.142788 4.958807 7.22e-07 6.141237 1.532748 0.215701 0.347577 2 1149 ++?
rs186782979 A G 0.021054 0.102338 0.020638 0.061888 0.142788 4.958807 7.22e-07 6.141237 1.532748 0.215701 0.347577 2 1149 ++?
rs72799579 A G 0.021054 0.102338 0.020638 0.061888 0.142788 4.958807 7.22e-07 6.141237 1.532748 0.215701 0.347577 2 1149 ++?
rs17462632 A G 0.021054 0.102338 0.020638 0.061888 0.142788 4.958807 7.22e-07 6.141237 1.532748 0.215701 0.347577 2 1149 ++?
rs12784389 A G 0.021054 0.102338 0.020638 0.061888 0.142788 4.958807 7.22e-07 6.141237 1.532748 0.215701 0.347577 2 1149 ++?
rs16904401 G A 0.017176 0.094937 0.019269 0.057169 0.132705 4.926821 8.51e-07 6.070086 3.496622 0.061494 0.71401 2 1149 ++?
chr22:50489990:A:G G A 0.015287 -0.091537 0.018679 -0.128147 -0.054927 -4.900648 9.72e-07 6.012184 6.640514 0.036144 0.698818 3 1506 ---
rs1350924 T G 0.266823 0.040096 0.008332 0.023766 0.056426 4.81256 1.52e-06 5.819418 3.361289 0.066746 0.702495 2 450 +?+
rs11192539 T C 0.364773 0.024059 0.005012 0.014236 0.033882 4.800356 1.61e-06 5.79297 0.814525 0.665469 0 3 1506 +++
rs75933926 A G 0.012045 0.113915 0.023796 0.067275 0.160556 4.787087 1.72e-06 5.764282 1.991747 0.369401 0 3 1506 +++
rs77434066 T C 0.026405 0.065902 0.013795 0.038864 0.092939 4.777321 1.81e-06 5.743213 6.6e-05 0.993542 0 2 1413 ?++
rs2809258 G T 0.311757 -0.023785 0.004997 -0.033579 -0.013991 -4.75978 1.97e-06 5.705474 1.268243 0.530401 0 3 1506 ---
rs2772007 A G 0.297919 -0.023831 0.005039 -0.033707 -0.013955 -4.729614 2.29e-06 5.640875 1.646798 0.438937 0 3 1506 ---
rs2526005 A G 0.29841 -0.023771 0.005039 -0.033647 -0.013895 -4.717546 2.43e-06 5.615137 1.647449 0.438794 0 3 1506 ---
rs17765780 T C 0.01776 0.096802 0.020635 0.056358 0.137246 4.691234 2.76e-06 5.559234 0.154583 0.694193 0 2 1413 ?++
rs2251448 T C 0.313238 -0.023259 0.004974 -0.033008 -0.01351 -4.675982 2.97e-06 5.526962 1.476716 0.477898 0 3 1506 ---
rs148526310 T A 0.010757 0.121544 0.025997 0.07059 0.172499 4.67531 2.98e-06 5.525542 1e-05 0.99745 0 2 1413 ?++
rs7497612 A C 0.507661 0.023431 0.005057 0.013519 0.033342 4.633421 3.65e-06 5.437419 0.270216 0.603187 0 2 1148 ++?
rs76691524 A G 0.014691 0.084661 0.018339 0.048716 0.120606 4.616364 3.97e-06 5.401746 6.174594 0.045625 0.676092 3 1506 -++
rs6048596 G C 0.17625 0.027555 0.005981 0.015833 0.039277 4.60735 4.14e-06 5.382943 0.348934 0.839904 0 3 1506 +++
rs6048597 A G 0.17625 0.027555 0.005981 0.015833 0.039277 4.60735 4.14e-06 5.382943 0.348934 0.839904 0 3 1506 +++
rs34156386 C G 0.012351 0.114057 0.02476 0.065528 0.162586 4.606574 4.16e-06 5.381326 0.447558 0.503497 0 2 1413 ?++
rs10901215 T C 0.31086 -0.022839 0.004969 -0.032578 -0.0131 -4.596523 4.36e-06 5.360404 1.598729 0.449615 0 3 1506 ---
rs186707811 T C 0.011908 0.110706 0.024092 0.063486 0.157926 4.595138 4.39e-06 5.357523 5.678877 0.01717 0.823909 2 1413 ?+-
rs2771997 C A 0.305727 -0.023293 0.005072 -0.033233 -0.013352 -4.592563 4.44e-06 5.352171 1.648766 0.438505 0 3 1500 ---
rs12392993 G C 0.020651 -0.127654 0.027807 -0.182155 -0.073152 -4.590729 4.48e-06 5.348362 0.141941 0.706358 0 2 1379 ?--
rs13441160 G A 0.020651 -0.127654 0.027807 -0.182155 -0.073152 -4.590729 4.48e-06 5.348362 0.141941 0.706358 0 2 1379 ?--
rs12390635 C A 0.020651 -0.127654 0.027807 -0.182155 -0.073152 -4.590729 4.48e-06 5.348362 0.141941 0.706358 0 2 1379 ?--
rs2383208 G A 0.1892 -0.028636 0.006247 -0.04088 -0.016392 -4.583929 4.63e-06 5.334245 5.843249 0.053846 0.657725 3 1504 ---
rs10074466 T C 0.297679 0.025323 0.005537 0.01447 0.036176 4.573269 4.87e-06 5.312157 1.169062 0.279594 0.144614 2 1149 ++?
rs1421495 G A 0.347831 0.023176 0.005074 0.01323 0.033121 4.567406 5.01e-06 5.30003 1.111062 0.573768 0 3 1506 +++
rs56404010 T C 0.134187 0.029479 0.006455 0.016828 0.04213 4.567137 5.02e-06 5.299472 0.208715 0.900903 0 3 1506 +++
rs35719047 A G 0.032578 0.07165 0.015772 0.040737 0.102564 4.542823 5.63e-06 5.249331 0.126855 0.721716 0 2 1149 ++?
rs34466054 A G 0.123192 0.032151 0.007083 0.018268 0.046034 4.539107 5.73e-06 5.24169 0.246327 0.884119 0 3 1506 +++
rs10788763 T A 0.418354 -0.023436 0.005171 -0.033571 -0.013301 -4.532476 5.91e-06 5.228068 0.089097 0.765329 0 2 1149 --?
rs9630337 A G 0.018382 0.093992 0.020771 0.053281 0.134703 4.525169 6.12e-06 5.21308 0.173596 0.676936 0 2 1413 ?++
rs11646855 T C 0.242281 0.027127 0.006006 0.015355 0.038898 4.516646 6.37e-06 5.195624 0.020585 0.885914 0 2 1149 ++?
rs12285941 C T 0.066752 0.042057 0.009329 0.023771 0.060342 4.508096 6.64e-06 5.178144 0.839393 0.657246 0 3 1506 +++
rs66612971 G C 0.134165 0.029047 0.006447 0.016411 0.041682 4.50575 6.71e-06 5.173351 0.251776 0.881713 0 3 1506 +++
rs520489 C T 0.183306 0.027209 0.006039 0.015373 0.039046 4.505507 6.72e-06 5.172856 6.528102 0.038233 0.693632 3 1506 -++
rs67404463 G A 0.124342 0.031819 0.007063 0.017975 0.045663 4.504885 6.74e-06 5.171587 0.202547 0.903686 0 3 1506 +++
rs6036336 C T 0.172049 0.027215 0.006045 0.015366 0.039063 4.502029 6.83e-06 5.165758 0.583665 0.746894 0 3 1506 +++
rs73901944 G C 0.171436 0.027235 0.00605 0.015378 0.039092 4.501964 6.83e-06 5.165626 0.659097 0.719248 0 3 1506 +++
rs16985096 G A 0.171436 0.027235 0.00605 0.015378 0.039092 4.501964 6.83e-06 5.165626 0.659097 0.719248 0 3 1506 +++
rs80267770 C T 0.171436 0.027235 0.00605 0.015378 0.039092 4.501964 6.83e-06 5.165626 0.659097 0.719248 0 3 1506 +++
rs376282360 T C 0.019648 0.086796 0.019313 0.048943 0.124649 4.494202 7.08e-06 5.149803 0.00691 0.93375 0 2 1149 ++?
rs6053888 G T 0.372372 0.023239 0.005184 0.013078 0.033399 4.482898 7.47e-06 5.126805 4.563414 0.032662 0.780866 2 1149 ++?
rs11490542 A G 0.126084 0.033727 0.007531 0.018966 0.048488 4.478276 7.63e-06 5.117416 1.157836 0.281915 0.13632 2 1149 ++?
rs16861013 A G 0.33136 -0.024685 0.005514 -0.035492 -0.013878 -4.477148 7.67e-06 5.115125 0.010943 0.916686 0 2 1149 --?
rs10495211 T C 0.413873 -0.020494 0.004579 -0.029469 -0.01152 -4.475717 7.72e-06 5.112222 1.868872 0.392807 0 3 1506 ---
rs56125790 A G 0.011813 0.086698 0.019371 0.048731 0.124666 4.475609 7.73e-06 5.112002 0.900598 0.637437 0 3 1506 +++
rs6579878 A G 0.10382 0.034666 0.007748 0.019481 0.049851 4.4744 7.77e-06 5.10955 0.765395 0.682019 0 3 1506 +++
rs9504229 T C 0.03267 0.058802 0.013143 0.033042 0.084562 4.474096 7.78e-06 5.108932 3.917993 0.141 0.489535 3 1506 -++
rs16961829 C G 0.040565 0.05967 0.013337 0.033529 0.085812 4.473897 7.79e-06 5.108528 1.353843 0.508179 0 3 1506 +++
rs17503755 C T 0.010915 0.113946 0.0255 0.063966 0.163925 4.468517 7.99e-06 5.097622 0.45788 0.498617 0 2 1413 ?++
rs12779486 C A 0.033286 0.070386 0.015753 0.039511 0.101262 4.46818 8e-06 5.096939 0.162125 0.687208 0 2 1149 ++?
rs61868143 C A 0.032927 0.070386 0.015753 0.039511 0.101262 4.46818 8e-06 5.096939 0.162125 0.687208 0 2 1149 ++?
rs55696745 A C 0.032927 0.070386 0.015753 0.039511 0.101262 4.46818 8e-06 5.096939 0.162125 0.687208 0 2 1149 ++?
rs2275935 A G 0.032927 0.070386 0.015753 0.039511 0.101262 4.46818 8e-06 5.096939 0.162125 0.687208 0 2 1149 ++?
rs61868148 C A 0.032927 0.070386 0.015753 0.039511 0.101262 4.46818 8e-06 5.096939 0.162125 0.687208 0 2 1149 ++?
rs35292993 A G 0.032927 0.070386 0.015753 0.039511 0.101262 4.46818 8e-06 5.096939 0.162125 0.687208 0 2 1149 ++?
rs12764017 T C 0.032927 0.070386 0.015753 0.039511 0.101262 4.46818 8e-06 5.096939 0.162125 0.687208 0 2 1149 ++?
rs66684505 G T 0.032927 0.070386 0.015753 0.039511 0.101262 4.46818 8e-06 5.096939 0.162125 0.687208 0 2 1149 ++?
rs34640305 G C 0.032927 0.070386 0.015753 0.039511 0.101262 4.46818 8e-06 5.096939 0.162125 0.687208 0 2 1149 ++?
rs3740593 A G 0.032927 0.070386 0.015753 0.039511 0.101262 4.46818 8e-06 5.096939 0.162125 0.687208 0 2 1149 ++?
rs2173370 G A 0.032927 0.070386 0.015753 0.039511 0.101262 4.46818 8e-06 5.096939 0.162125 0.687208 0 2 1149 ++?
rs2047427 T C 0.032927 0.070386 0.015753 0.039511 0.101262 4.46818 8e-06 5.096939 0.162125 0.687208 0 2 1149 ++?
rs2809241 C T 0.306896 -0.022515 0.00504 -0.032395 -0.012636 -4.467074 8.04e-06 5.094698 1.872809 0.392035 0 3 1506 ---
rs28393513 T C 0.245555 0.026752 0.005992 0.015007 0.038497 4.464251 8.15e-06 5.088981 0.104757 0.746195 0 2 1149 ++?
rs11644355 C T 0.245555 0.026752 0.005992 0.015007 0.038497 4.464251 8.15e-06 5.088981 0.104757 0.746195 0 2 1149 ++?
rs76258983 T C 0.01174 0.131515 0.029479 0.073735 0.189294 4.461279 8.26e-06 5.082966 2.310353 0.128515 0.567166 2 1149 ++?
rs181565326 T C 0.011514 0.126276 0.028322 0.070766 0.181787 4.458675 8.36e-06 5.077699 0.373425 0.541143 0 2 1413 ?++
rs9392902 G T 0.445264 -0.022853 0.005126 -0.032899 -0.012806 -4.458472 8.37e-06 5.077289 0.098069 0.75416 0 2 1149 --?
rs9378494 T A 0.445264 -0.022853 0.005126 -0.032899 -0.012806 -4.458472 8.37e-06 5.077289 0.098069 0.75416 0 2 1149 --?
rs1739535 A G 0.232992 -0.027127 0.00609 -0.039064 -0.01519 -4.454057 8.54e-06 5.068367 1.98362 0.15901 0.495871 2 1149 --?
rs12764382 C A 0.022819 0.087076 0.019564 0.048731 0.125421 4.450842 8.67e-06 5.061873 0.449882 0.502391 0 2 1149 ++?
rs12767769 C T 0.022819 0.087076 0.019564 0.048731 0.125421 4.450842 8.67e-06 5.061873 0.449882 0.502391 0 2 1149 ++?
rs1621364 A G 0.064632 0.047362 0.010644 0.026499 0.068225 4.449492 8.73e-06 5.059149 2.170258 0.140703 0.539225 2 1149 ++?
rs1622239 T C 0.064632 0.047362 0.010644 0.026499 0.068225 4.449492 8.73e-06 5.059149 2.170258 0.140703 0.539225 2 1149 ++?
rs4294790 G A 0.35278 -0.021376 0.004806 -0.030796 -0.011956 -4.447549 8.81e-06 5.055228 0.598667 0.741312 0 3 1506 ---
rs6737079 C T 0.349323 0.021615 0.004861 0.012088 0.031142 4.446771 8.84e-06 5.053658 6.362764 0.041528 0.685671 3 1506 +++
rs7496895 C G 0.347358 -0.021376 0.00481 -0.030803 -0.011949 -4.444332 8.94e-06 5.048741 0.503846 0.777305 0 3 1506 ---
rs10235275 G A 0.424846 0.022672 0.005106 0.012663 0.032681 4.439864 9.13e-06 5.039736 5e-05 0.994376 0 2 1149 ++?
rs10953304 C T 0.424846 0.022672 0.005106 0.012663 0.032681 4.439864 9.13e-06 5.039736 5e-05 0.994376 0 2 1149 ++?
rs2488300 T C 0.015901 0.092066 0.020752 0.051393 0.13274 4.436546 9.27e-06 5.033055 1.274002 0.259017 0.215072 2 1413 ?++
rs6438558 C T 0.268096 -0.026498 0.005976 -0.038212 -0.014785 -4.433952 9.38e-06 5.027835 0.067839 0.79451 0 2 1149 --?
rs1739532 C T 0.23872 -0.026848 0.006063 -0.038732 -0.014964 -4.427858 9.65e-06 5.015582 1.675997 0.195457 0.40334 2 1149 --?
rs1852985 T C 0.166976 0.025918 0.005857 0.014439 0.037398 4.425282 9.76e-06 5.010408 0.806749 0.668062 0 3 1506 +++
rs4461420 A G 0.022011 0.085283 0.019286 0.047483 0.123083 4.422073 9.91e-06 5.003966 0.890483 0.64067 0 3 1506 +++
