rs_number reference_allele other_allele eaf beta se beta_95L beta_95U z p-value -log10_p-value q_statistic q_p-value i2 n_studies n_samples effects
rs17337787 G A 0.011508 -0.828224 0.159169 -1.140195 -0.516252 -5.20342 2e-07 6.699568 16.338165 5.3e-05 0.938794 2 869 --
rs111517390 A G 0.010933 -0.909003 0.174926 -1.251859 -0.566148 -5.196491 2.07e-07 6.683405 15.386531 8.76e-05 0.935008 2 869 --
rs34878901 T C 0.39297 0.17543 0.034283 0.108235 0.242625 5.117078 3.17e-07 6.499621 5.863907 0.015454 0.829465 2 869 ++
rs79181002 C T 0.037975 -0.460062 0.090184 -0.636822 -0.283303 -5.101399 3.44e-07 6.46365 0.02343 0.878344 0 2 869 --
rs59675461 A G 0.039127 -0.487364 0.095755 -0.675044 -0.299683 -5.089674 3.66e-07 6.436815 2.1498 0.142588 0.53484 2 869 --
rs9973016 A G 0.39705 -0.177123 0.034874 -0.245476 -0.108769 -5.078912 3.87e-07 6.412237 0.387179 0.533786 0 2 869 --
rs9946127 C G 0.40675 -0.174872 0.03467 -0.242824 -0.106919 -5.043955 4.65e-07 6.332738 1.309189 0.252542 0.236168 2 869 --
rs9946875 T C 0.40675 -0.174872 0.03467 -0.242824 -0.106919 -5.043955 4.65e-07 6.332738 1.309189 0.252542 0.236168 2 869 --
rs9952576 T G 0.398952 -0.17368 0.034659 -0.241611 -0.105749 -5.011159 5.51e-07 6.258616 0.518968 0.471282 0 2 866 --
rs55867705 G A 0.397619 -0.173135 0.03467 -0.241087 -0.105183 -4.993864 6.03e-07 6.219711 0.503261 0.478071 0 2 869 --
rs62568897 T C 0.018408 -0.61561 0.123447 -0.857567 -0.373653 -4.986825 6.25e-07 6.203914 2.089344 0.14833 0.521381 2 869 --
rs769450 A G 0.334879 0.177379 0.035837 0.107139 0.247619 4.949643 7.57e-07 6.120807 5.20609 0.022508 0.807917 2 869 ++
rs9973033 T C 0.399294 -0.171266 0.03467 -0.239219 -0.103314 -4.939968 7.96e-07 6.099278 0.450719 0.501993 0 2 869 --
rs112019714 C T 0.089762 -0.302595 0.061534 -0.423203 -0.181988 -4.917494 8.92e-07 6.049419 3.986171 0.045875 0.749133 2 869 --
rs9946590 A C 0.409659 -0.169657 0.035017 -0.23829 -0.101024 -4.845017 1.29e-06 5.890066 1.838976 0.175071 0.456219 2 869 --
rs36154708 T C 0.01266 -0.845118 0.17498 -1.188078 -0.502158 -4.829811 1.39e-06 5.856914 1.08525 0.297526 0.078553 2 869 --
rs9868539 C T 0.043725 -0.413061 0.085695 -0.581024 -0.245099 -4.820131 1.46e-06 5.835859 0.002508 0.960058 0 2 869 --
rs4142249 C T 0.10269 -0.275556 0.057174 -0.387618 -0.163495 -4.819583 1.46e-06 5.834669 2.385235 0.122486 0.580754 2 867 --
rs61774166 G T 0.021315 -0.488261 0.101679 -0.687552 -0.288969 -4.801966 1.6e-06 5.796455 21.023504 4.54e-06 0.952434 2 868 --
rs368146117 T C 0.04373 -0.378649 0.078907 -0.533306 -0.223992 -4.798695 1.62e-06 5.789374 0.550005 0.458316 0 2 869 --
rs7969558 G A 0.031067 -0.45422 0.094719 -0.639869 -0.268571 -4.795449 1.65e-06 5.78235 1.062275 0.302697 0.058624 2 869 --
rs1910179 T A 0.031067 -0.45422 0.094719 -0.639869 -0.268571 -4.795449 1.65e-06 5.78235 1.062275 0.302697 0.058624 2 869 --
rs12971086 C T 0.463179 -0.162739 0.033981 -0.229342 -0.096136 -4.789097 1.7e-06 5.768623 0.423377 0.515257 0 2 869 --
rs72752807 A G 0.020709 -0.578889 0.121223 -0.816486 -0.341293 -4.775418 1.82e-06 5.739113 8.986375 0.00272 0.88872 2 869 --
rs112692496 T C 0.102429 -0.272763 0.057296 -0.385063 -0.160464 -4.760629 1.96e-06 5.7073 2.501925 0.113707 0.600308 2 869 --
rs1540543 G A 0.102429 -0.272763 0.057296 -0.385063 -0.160464 -4.760629 1.96e-06 5.7073 2.501925 0.113707 0.600308 2 869 --
rs2242031 A G 0.102429 -0.272763 0.057296 -0.385063 -0.160464 -4.760629 1.96e-06 5.7073 2.501925 0.113707 0.600308 2 869 --
rs78370888 G A 0.102429 -0.272763 0.057296 -0.385063 -0.160464 -4.760629 1.96e-06 5.7073 2.501925 0.113707 0.600308 2 869 --
rs75800265 A C 0.102429 -0.272763 0.057296 -0.385063 -0.160464 -4.760629 1.96e-06 5.7073 2.501925 0.113707 0.600308 2 869 --
rs78393183 C T 0.102429 -0.272763 0.057296 -0.385063 -0.160464 -4.760629 1.96e-06 5.7073 2.501925 0.113707 0.600308 2 869 --
rs77321414 C T 0.102429 -0.272763 0.057296 -0.385063 -0.160464 -4.760629 1.96e-06 5.7073 2.501925 0.113707 0.600308 2 869 --
rs113838933 A G 0.102429 -0.272763 0.057296 -0.385063 -0.160464 -4.760629 1.96e-06 5.7073 2.501925 0.113707 0.600308 2 869 --
rs144985146 C T 0.102429 -0.272763 0.057296 -0.385063 -0.160464 -4.760629 1.96e-06 5.7073 2.501925 0.113707 0.600308 2 869 --
rs141663317 C A 0.102429 -0.272763 0.057296 -0.385063 -0.160464 -4.760629 1.96e-06 5.7073 2.501925 0.113707 0.600308 2 869 --
rs9718654 A G 0.102429 -0.272763 0.057296 -0.385063 -0.160464 -4.760629 1.96e-06 5.7073 2.501925 0.113707 0.600308 2 869 --
rs41418748 C T 0.102429 -0.272763 0.057296 -0.385063 -0.160464 -4.760629 1.96e-06 5.7073 2.501925 0.113707 0.600308 2 869 --
rs17766963 T C 0.102429 -0.272763 0.057296 -0.385063 -0.160464 -4.760629 1.96e-06 5.7073 2.501925 0.113707 0.600308 2 869 --
rs17542289 C G 0.010353 -0.780737 0.164033 -1.102241 -0.459232 -4.759634 1.97e-06 5.705163 18.898983 1.38e-05 0.947087 2 869 --
rs111471504 G C 0.01899 -0.58149 0.122265 -0.82113 -0.34185 -4.755977 2.01e-06 5.697311 3.325385 0.068218 0.699283 2 869 --
rs17474061 T C 0.010353 -0.800621 0.168508 -1.130896 -0.470346 -4.751241 2.06e-06 5.68715 2.76483 0.096357 0.638314 2 869 --
rs77143730 A G 0.012086 -0.690689 0.145836 -0.976527 -0.404851 -4.736072 2.21e-06 5.654672 10.881607 0.000971 0.908102 2 869 --
rs138735743 G A 0.012086 -0.690689 0.145836 -0.976527 -0.404851 -4.736072 2.21e-06 5.654672 10.881607 0.000971 0.908102 2 869 --
rs114942401 A G 0.012086 -0.690689 0.145836 -0.976527 -0.404851 -4.736072 2.21e-06 5.654672 10.881607 0.000971 0.908102 2 869 --
rs884040 T A 0.336042 -0.177869 0.037608 -0.251581 -0.104156 -4.729493 2.29e-06 5.640616 0.135323 0.712976 0 2 869 --
rs55819025 A G 0.025888 0.503184 0.106697 0.294057 0.712311 4.715997 2.44e-06 5.611838 0.150045 0.698493 0 2 869 ++
rs79747436 T C 0.126549 -0.24861 0.05284 -0.352176 -0.145043 -4.704946 2.58e-06 5.588331 2.591436 0.107443 0.614114 2 869 --
rs74598678 G A 0.126549 -0.24861 0.05284 -0.352176 -0.145043 -4.704946 2.58e-06 5.588331 2.591436 0.107443 0.614114 2 869 --
rs76385666 G C 0.126549 -0.24861 0.05284 -0.352176 -0.145043 -4.704946 2.58e-06 5.588331 2.591436 0.107443 0.614114 2 869 --
rs4537222 C T 0.126549 -0.24861 0.05284 -0.352176 -0.145043 -4.704946 2.58e-06 5.588331 2.591436 0.107443 0.614114 2 869 --
rs140983672 C T 0.126549 -0.24861 0.05284 -0.352176 -0.145043 -4.704946 2.58e-06 5.588331 2.591436 0.107443 0.614114 2 869 --
rs78137801 C T 0.126549 -0.24861 0.05284 -0.352176 -0.145043 -4.704946 2.58e-06 5.588331 2.591436 0.107443 0.614114 2 869 --
rs75567113 C T 0.126549 -0.24861 0.05284 -0.352176 -0.145043 -4.704946 2.58e-06 5.588331 2.591436 0.107443 0.614114 2 869 --
rs7778468 C T 0.126549 -0.24861 0.05284 -0.352176 -0.145043 -4.704946 2.58e-06 5.588331 2.591436 0.107443 0.614114 2 869 --
rs112315113 A C 0.126549 -0.24861 0.05284 -0.352176 -0.145043 -4.704946 2.58e-06 5.588331 2.591436 0.107443 0.614114 2 869 --
rs17699327 A G 0.126549 -0.24861 0.05284 -0.352176 -0.145043 -4.704946 2.58e-06 5.588331 2.591436 0.107443 0.614114 2 869 --
rs112829554 G A 0.017262 -0.654572 0.139488 -0.927969 -0.381176 -4.692684 2.74e-06 5.562307 19.959402 7.91e-06 0.949898 2 869 --
rs150966173 T C 0.069426 -0.313751 0.066881 -0.444837 -0.182665 -4.691203 2.76e-06 5.559169 5.932708 0.014862 0.831443 2 857 --
rs10841668 A T 0.150147 -0.212532 0.045375 -0.301467 -0.123597 -4.683898 2.86e-06 5.543701 3.370358 0.066379 0.703296 2 869 --
rs1934014 T C 0.058113 -0.35016 0.074814 -0.496795 -0.203526 -4.680434 2.91e-06 5.536373 1.65245 0.198626 0.394838 2 869 --
rs13317403 T G 0.03625 -0.426408 0.091173 -0.605106 -0.247709 -4.67691 2.96e-06 5.528923 0.027532 0.868213 0 2 869 --
rs75687619 T G 0.069624 -0.315034 0.067362 -0.447063 -0.183004 -4.67673 2.96e-06 5.528543 3.451279 0.063203 0.710252 2 869 --
rs188535946 A G 0.072496 -0.302826 0.064814 -0.429862 -0.17579 -4.672222 3.03e-06 5.519021 5.199486 0.022594 0.807673 2 869 --
rs77301115 A G 0.070278 -0.312119 0.066829 -0.443105 -0.181133 -4.670383 3.05e-06 5.515139 3.140149 0.076387 0.681544 2 868 --
rs79519114 A G 0.020139 -0.53835 0.11552 -0.764769 -0.311932 -4.66025 3.21e-06 5.493777 7.52578 0.006082 0.867123 2 869 --
rs116840398 T C 0.021863 -0.57597 0.124131 -0.819267 -0.332672 -4.640004 3.54e-06 5.451221 21.313586 3.9e-06 0.953082 2 869 --
rs11692929 T C 0.49312 -0.16029 0.03455 -0.228008 -0.092572 -4.639345 3.55e-06 5.449838 0.044747 0.83247 0 2 868 --
rs9516796 C T 0.356115 -0.164777 0.035517 -0.23439 -0.095164 -4.639409 3.55e-06 5.449971 0.721263 0.39573 0 2 869 --
rs62314696 G A 0.189264 -0.198102 0.04272 -0.281833 -0.114372 -4.637251 3.59e-06 5.445446 0.520644 0.470567 0 2 869 --
rs140480140 A G 0.074796 -0.29758 0.064257 -0.423523 -0.171637 -4.631103 3.69e-06 5.432565 4.905656 0.026769 0.796154 2 869 --
rs112849259 T C 0.070772 -0.30876 0.066673 -0.439438 -0.178081 -4.630984 3.7e-06 5.432316 3.01209 0.082646 0.668005 2 869 --
rs115881343 T C 0.069185 -0.312325 0.067554 -0.444731 -0.179919 -4.623335 3.83e-06 5.416312 3.09614 0.078478 0.677017 2 860 --
rs76703402 T C 0.117341 -0.248453 0.053988 -0.354269 -0.142638 -4.602046 4.25e-06 5.371896 2.119582 0.145426 0.528209 2 869 --
rs111656153 A G 0.117341 -0.248453 0.053988 -0.354269 -0.142638 -4.602046 4.25e-06 5.371896 2.119582 0.145426 0.528209 2 869 --
rs17077120 G A 0.050054 -0.375609 0.081765 -0.535868 -0.21535 -4.593778 4.42e-06 5.354696 0.254666 0.613809 0 2 869 --
rs192303754 G A 0.075951 0.290099 0.063253 0.166123 0.414076 4.586305 4.58e-06 5.339176 0.730728 0.392647 0 2 869 ++
rs185156444 T G 0.075951 0.290099 0.063253 0.166123 0.414076 4.586305 4.58e-06 5.339176 0.730728 0.392647 0 2 869 ++
rs144278751 A T 0.123111 -0.244644 0.053344 -0.349199 -0.140089 -4.586126 4.58e-06 5.338804 2.99742 0.083397 0.66638 2 869 --
rs114536010 T C 0.06887 -0.310737 0.067847 -0.443717 -0.177757 -4.579974 4.72e-06 5.326044 3.315789 0.068617 0.698413 2 864 --
rs62066842 T C 0.013236 -0.600419 0.131169 -0.857511 -0.343327 -4.577431 4.78e-06 5.320775 14.147988 0.000169 0.929319 2 869 --
rs75444229 A G 0.010935 -0.768017 0.167974 -1.097246 -0.438788 -4.57224 4.9e-06 5.310028 0.984224 0.321158 0 2 869 --
rs11045585 G A 0.200763 -0.193246 0.042284 -0.276122 -0.11037 -4.570222 4.94e-06 5.305853 3.096469 0.078462 0.677052 2 869 --
rs62224166 T C 0.011506 -0.778518 0.170652 -1.112996 -0.44404 -4.562021 5.14e-06 5.288902 18.369951 1.82e-05 0.945563 2 869 --
rs61080649 G A 0.023586 -0.543442 0.119179 -0.777033 -0.309851 -4.559883 5.19e-06 5.284488 4.740213 0.029465 0.789039 2 869 --
rs137987849 G A 0.121965 -0.242794 0.053299 -0.34726 -0.138327 -4.555301 5.31e-06 5.275033 2.877143 0.089845 0.652433 2 869 --
rs142542239 C T 0.121965 -0.242794 0.053299 -0.34726 -0.138327 -4.555301 5.31e-06 5.275033 2.877143 0.089845 0.652433 2 869 --
rs17766832 A G 0.121965 -0.242794 0.053299 -0.34726 -0.138327 -4.555301 5.31e-06 5.275033 2.877143 0.089845 0.652433 2 869 --
rs112269061 A C 0.121965 -0.242794 0.053299 -0.34726 -0.138327 -4.555301 5.31e-06 5.275033 2.877143 0.089845 0.652433 2 869 --
rs79442355 C T 0.121965 -0.242794 0.053299 -0.34726 -0.138327 -4.555301 5.31e-06 5.275033 2.877143 0.089845 0.652433 2 869 --
rs75133782 T C 0.121965 -0.242794 0.053299 -0.34726 -0.138327 -4.555301 5.31e-06 5.275033 2.877143 0.089845 0.652433 2 869 --
rs17699339 C T 0.121965 -0.242794 0.053299 -0.34726 -0.138327 -4.555301 5.31e-06 5.275033 2.877143 0.089845 0.652433 2 869 --
rs4762797 G A 0.150147 -0.206813 0.045399 -0.295795 -0.11783 -4.55543 5.31e-06 5.275299 3.747911 0.052874 0.733185 2 869 --
rs79398853 T C 0.069208 -0.307928 0.067619 -0.440461 -0.175394 -4.553842 5.35e-06 5.272025 3.204611 0.073431 0.68795 2 867 --
rs3795245 T A 0.233 0.191638 0.042149 0.109026 0.274251 4.546655 5.53e-06 5.257217 0.246372 0.619641 0 2 869 ++
rs11139343 A G 0.057539 -0.330661 0.072745 -0.473241 -0.188081 -4.545492 5.56e-06 5.254824 0.070769 0.79022 0 2 869 --
rs80121198 C T 0.032225 -0.447206 0.098552 -0.640367 -0.254045 -4.537785 5.77e-06 5.238973 11.190154 0.000822 0.910636 2 869 --
rs1331273 A G 0.35559 -0.161912 0.035691 -0.231866 -0.091958 -4.536503 5.8e-06 5.236339 0.738994 0.389983 0 2 869 --
rs12193466 C T 0.058686 -0.338152 0.074583 -0.484336 -0.191968 -4.533872 5.88e-06 5.230934 1.926786 0.16511 0.481001 2 869 --
rs11754164 C T 0.058686 -0.338152 0.074583 -0.484336 -0.191968 -4.533872 5.88e-06 5.230934 1.926786 0.16511 0.481001 2 869 --
rs12202674 C T 0.058686 -0.338152 0.074583 -0.484336 -0.191968 -4.533872 5.88e-06 5.230934 1.926786 0.16511 0.481001 2 869 --
rs12202677 C T 0.058686 -0.338152 0.074583 -0.484336 -0.191968 -4.533872 5.88e-06 5.230934 1.926786 0.16511 0.481001 2 869 --
rs12195780 A G 0.058686 -0.338152 0.074583 -0.484336 -0.191968 -4.533872 5.88e-06 5.230934 1.926786 0.16511 0.481001 2 869 --
rs72962243 G A 0.058686 -0.338152 0.074583 -0.484336 -0.191968 -4.533872 5.88e-06 5.230934 1.926786 0.16511 0.481001 2 869 --
rs7770032 C A 0.058686 -0.338152 0.074583 -0.484336 -0.191968 -4.533872 5.88e-06 5.230934 1.926786 0.16511 0.481001 2 869 --
rs7770040 G A 0.058686 -0.338152 0.074583 -0.484336 -0.191968 -4.533872 5.88e-06 5.230934 1.926786 0.16511 0.481001 2 869 --
rs10943177 T C 0.058686 -0.338152 0.074583 -0.484336 -0.191968 -4.533872 5.88e-06 5.230934 1.926786 0.16511 0.481001 2 869 --
rs10943178 G A 0.058686 -0.338152 0.074583 -0.484336 -0.191968 -4.533872 5.88e-06 5.230934 1.926786 0.16511 0.481001 2 869 --
rs12202800 G A 0.058686 -0.338152 0.074583 -0.484336 -0.191968 -4.533872 5.88e-06 5.230934 1.926786 0.16511 0.481001 2 869 --
rs12216455 T C 0.058686 -0.338152 0.074583 -0.484336 -0.191968 -4.533872 5.88e-06 5.230934 1.926786 0.16511 0.481001 2 869 --
rs12189582 A G 0.058686 -0.338152 0.074583 -0.484336 -0.191968 -4.533872 5.88e-06 5.230934 1.926786 0.16511 0.481001 2 869 --
rs12191148 A G 0.058686 -0.338152 0.074583 -0.484336 -0.191968 -4.533872 5.88e-06 5.230934 1.926786 0.16511 0.481001 2 869 --
rs4132800 G T 0.058686 -0.338152 0.074583 -0.484336 -0.191968 -4.533872 5.88e-06 5.230934 1.926786 0.16511 0.481001 2 869 --
rs10943179 T C 0.058686 -0.338152 0.074583 -0.484336 -0.191968 -4.533872 5.88e-06 5.230934 1.926786 0.16511 0.481001 2 869 --
rs4426972 T C 0.058686 -0.338152 0.074583 -0.484336 -0.191968 -4.533872 5.88e-06 5.230934 1.926786 0.16511 0.481001 2 869 --
rs4292494 T G 0.058686 -0.338152 0.074583 -0.484336 -0.191968 -4.533872 5.88e-06 5.230934 1.926786 0.16511 0.481001 2 869 --
rs116881820 C T 0.070199 -0.30295 0.066891 -0.434056 -0.171844 -4.52902 6.01e-06 5.220976 2.81696 0.093273 0.645007 2 869 --
rs71516890 A G 0.01266 -0.751716 0.166148 -1.077367 -0.426065 -4.524366 6.15e-06 5.211433 18.807869 1.45e-05 0.946831 2 869 --
rs9958471 G A 0.441921 -0.156913 0.034686 -0.224897 -0.088928 -4.523805 6.16e-06 5.210284 0.813321 0.36714 0 2 869 --
rs4310742 A T 0.325097 -0.166487 0.036804 -0.238624 -0.094351 -4.523576 6.17e-06 5.209815 1.508578 0.219356 0.337124 2 869 --
rs13437863 C T 0.207698 -0.188649 0.041911 -0.270795 -0.106503 -4.501153 6.86e-06 5.163971 0.17177 0.678544 0 2 869 --
rs76867716 C A 0.207698 -0.188649 0.041911 -0.270795 -0.106503 -4.501153 6.86e-06 5.163971 0.17177 0.678544 0 2 869 --
rs4579468 T C 0.207698 -0.188649 0.041911 -0.270795 -0.106503 -4.501153 6.86e-06 5.163971 0.17177 0.678544 0 2 869 --
rs4571664 T A 0.207698 -0.188649 0.041911 -0.270795 -0.106503 -4.501153 6.86e-06 5.163971 0.17177 0.678544 0 2 869 --
rs75730359 A G 0.02244 -0.509683 0.113441 -0.732027 -0.287339 -4.492939 7.12e-06 5.14723 3.122248 0.07723 0.679718 2 869 --
rs13437632 A G 0.208279 -0.18804 0.041882 -0.270129 -0.105951 -4.489746 7.23e-06 5.14073 0.154249 0.694507 0 2 869 --
rs188813095 A G 0.011507 -0.656299 0.146283 -0.943014 -0.369584 -4.486497 7.34e-06 5.13412 0.509764 0.475241 0 2 869 --
rs564672703 G A 0.029916 -0.449701 0.100251 -0.646193 -0.253209 -4.485747 7.37e-06 5.132596 0.063508 0.801035 0 2 869 --
rs59325138 T C 0.229537 0.180132 0.040173 0.101393 0.258871 4.483903 7.43e-06 5.128846 0.011252 0.915521 0 2 869 ++
rs77091069 A T 0.017257 -0.599247 0.133842 -0.861578 -0.336915 -4.477254 7.67e-06 5.115341 24.740544 6.56e-07 0.959581 2 869 --
rs2345513 C A 0.017257 -0.599247 0.133842 -0.861578 -0.336915 -4.477254 7.67e-06 5.115341 24.740544 6.56e-07 0.959581 2 869 --
rs35384193 G T 0.010356 -0.736983 0.16474 -1.059874 -0.414092 -4.473602 7.8e-06 5.10793 7.328629 0.006786 0.863549 2 869 --
rs74877870 A T 0.017835 -0.54955 0.122881 -0.790396 -0.308704 -4.472227 7.85e-06 5.105141 9.445299 0.002117 0.894127 2 869 --
rs7188901 G A 0.281912 0.170182 0.038078 0.095548 0.244815 4.469255 7.96e-06 5.099117 0.121743 0.727152 0 2 869 ++
rs9371538 T A 0.095513 -0.254219 0.05695 -0.365842 -0.142597 -4.463892 8.16e-06 5.088255 0.380943 0.537099 0 2 869 --
rs9397425 T G 0.095513 -0.254219 0.05695 -0.365842 -0.142597 -4.463892 8.16e-06 5.088255 0.380943 0.537099 0 2 869 --
rs9397428 G T 0.095513 -0.254219 0.05695 -0.365842 -0.142597 -4.463892 8.16e-06 5.088255 0.380943 0.537099 0 2 869 --
rs9397429 A G 0.095513 -0.254219 0.05695 -0.365842 -0.142597 -4.463892 8.16e-06 5.088255 0.380943 0.537099 0 2 869 --
rs4395161 T C 0.036252 -0.386001 0.086479 -0.5555 -0.216501 -4.463499 8.18e-06 5.087459 0.127524 0.721013 0 2 869 --
rs11911585 A G 0.033947 -0.424361 0.095074 -0.610705 -0.238016 -4.463496 8.18e-06 5.087454 7.369666 0.006633 0.864309 2 869 --
rs11806118 A G 0.013807 0.605394 0.135641 0.339538 0.871249 4.463217 8.19e-06 5.086888 0.363751 0.54643 0 2 869 ++
rs12755750 A G 0.013807 0.605394 0.135641 0.339538 0.871249 4.463217 8.19e-06 5.086888 0.363751 0.54643 0 2 869 ++
rs12750810 C G 0.013807 0.605394 0.135641 0.339538 0.871249 4.463217 8.19e-06 5.086888 0.363751 0.54643 0 2 869 ++
rs3735409 A G 0.171431 -0.208554 0.04675 -0.300185 -0.116924 -4.461028 8.27e-06 5.082459 4.11143 0.042594 0.756776 2 869 --
rs78570940 T C 0.171431 -0.208554 0.04675 -0.300185 -0.116924 -4.461028 8.27e-06 5.082459 4.11143 0.042594 0.756776 2 869 --
rs146609393 G A 0.013807 -0.612455 0.137341 -0.881643 -0.343268 -4.459389 8.33e-06 5.079143 2.054793 0.151728 0.513333 2 869 --
rs140326499 T C 0.01566 -0.639628 0.143593 -0.92107 -0.358185 -4.454443 8.53e-06 5.069147 14.394552 0.000148 0.930529 2 862 --
rs144070124 C T 0.05236 -0.346299 0.077761 -0.498712 -0.193887 -4.453352 8.57e-06 5.066943 1.479047 0.223924 0.323889 2 869 --
rs138428311 A G 0.05236 -0.346299 0.077761 -0.498712 -0.193887 -4.453352 8.57e-06 5.066943 1.479047 0.223924 0.323889 2 869 --
rs190745836 C T 0.05236 -0.346299 0.077761 -0.498712 -0.193887 -4.453352 8.57e-06 5.066943 1.479047 0.223924 0.323889 2 869 --
rs149326099 C T 0.010353 -0.73281 0.164557 -1.055342 -0.410279 -4.453231 8.58e-06 5.066697 21.064705 4.44e-06 0.952527 2 869 --
rs17766868 A G 0.095513 -0.264039 0.059305 -0.380277 -0.147801 -4.45221 8.62e-06 5.064636 1.201149 0.273092 0.167464 2 869 --
rs78972466 T C 0.207169 -0.186487 0.041928 -0.268666 -0.104308 -4.447794 8.8e-06 5.055721 0.202516 0.652698 0 2 869 --
rs77820890 G T 0.207169 -0.186487 0.041928 -0.268666 -0.104308 -4.447794 8.8e-06 5.055721 0.202516 0.652698 0 2 869 --
rs11981834 T G 0.207169 -0.186487 0.041928 -0.268666 -0.104308 -4.447794 8.8e-06 5.055721 0.202516 0.652698 0 2 869 --
rs961986 T C 0.207169 -0.186487 0.041928 -0.268666 -0.104308 -4.447794 8.8e-06 5.055721 0.202516 0.652698 0 2 869 --
rs78020906 A G 0.207169 -0.186487 0.041928 -0.268666 -0.104308 -4.447794 8.8e-06 5.055721 0.202516 0.652698 0 2 869 --
rs57329797 T C 0.207169 -0.186487 0.041928 -0.268666 -0.104308 -4.447794 8.8e-06 5.055721 0.202516 0.652698 0 2 869 --
rs112596761 A T 0.011508 -0.740722 0.166581 -1.067221 -0.414223 -4.446617 8.84e-06 5.053348 2.540545 0.110957 0.606384 2 869 --
rs79396652 G A 0.01496 -0.561372 0.12632 -0.80896 -0.313784 -4.444033 8.95e-06 5.048137 0.099012 0.753018 0 2 869 --
rs146503144 A C 0.051787 -0.346795 0.078052 -0.499777 -0.193813 -4.443123 8.99e-06 5.046302 1.47362 0.224775 0.321399 2 869 --
rs11038714 C A 0.010933 -0.782153 0.176102 -1.127314 -0.436993 -4.441467 9.06e-06 5.042966 18.589874 1.62e-05 0.946207 2 869 --
rs113688057 G A 0.100113 -0.249011 0.056098 -0.358963 -0.139059 -4.438853 9.17e-06 5.0377 1.226654 0.268059 0.184774 2 869 --
rs12673784 A G 0.20311 -0.187612 0.042275 -0.27047 -0.104754 -4.437943 9.21e-06 5.035866 0.289142 0.590771 0 2 869 --
rs36039000 T C 0.20311 -0.187612 0.042275 -0.27047 -0.104754 -4.437943 9.21e-06 5.035866 0.289142 0.590771 0 2 869 --
rs519600 C T 0.168603 0.213602 0.048173 0.119183 0.308022 4.434048 9.37e-06 5.028029 0.666198 0.41438 0 2 869 ++
rs11768578 A T 0.220956 0.187338 0.042286 0.104457 0.270219 4.430232 9.54e-06 5.020353 0.006787 0.934342 0 2 869 ++
rs76177592 C T 0.016109 -0.63819 0.144278 -0.920975 -0.355404 -4.423319 9.85e-06 5.006468 2.074821 0.149748 0.518031 2 869 --
rs6729450 G A 0.105297 -0.249724 0.056463 -0.360391 -0.139056 -4.422767 9.88e-06 5.005358 6.530315 0.010605 0.846868 2 869 --
