rs_number reference_allele other_allele eaf beta se beta_95L beta_95U z p-value -log10_p-value q_statistic q_p-value i2 n_studies n_samples effects
rs7640923 C T 0.090943 -0.075872 0.013567 -0.102464 -0.049281 -5.592312 2.3e-08 7.639051 0.350787 0.553668 0 2 199 --
rs73208395 G A 0.08871 -0.074477 0.013532 -0.101 -0.047953 -5.503563 3.81e-08 7.419035 0.527238 0.46777 0 2 199 --
rs2103293 A G 0.087496 -0.074477 0.013532 -0.101 -0.047953 -5.503563 3.81e-08 7.419035 0.527238 0.46777 0 2 199 --
rs6443816 T C 0.449212 0.036863 0.006903 0.023333 0.050392 5.340151 9.49e-08 7.022617 0.315512 0.574318 0 2 199 ++
rs6104817 T C 0.242411 0.039403 0.00746 0.024781 0.054025 5.281819 1.31e-07 6.883836 1.033664 0.3093 0.032567 2 199 ++
rs56068452 A G 0.086273 -0.071814 0.013768 -0.098799 -0.04483 -5.216177 1.86e-07 6.729375 0.340299 0.559656 0 2 199 --
rs61402777 C T 0.086273 -0.071814 0.013768 -0.098799 -0.04483 -5.216177 1.86e-07 6.729375 0.340299 0.559656 0 2 199 --
rs58643807 T A 0.086273 -0.071814 0.013768 -0.098799 -0.04483 -5.216177 1.86e-07 6.729375 0.340299 0.559656 0 2 199 --
rs796992920 G A 0.086273 -0.071814 0.013768 -0.098799 -0.04483 -5.216177 1.86e-07 6.729375 0.340299 0.559656 0 2 199 --
rs12489960 T G 0.067649 -0.068931 0.013295 -0.094989 -0.042873 -5.1847 2.21e-07 6.655951 4.169393 0.041161 0.760157 2 196 --
rs6109207 A C 0.247039 0.038829 0.007509 0.02411 0.053547 5.170701 2.38e-07 6.623431 0.861284 0.35338 0 2 199 ++
rs605953 T G 0.404394 0.034974 0.006954 0.021344 0.048603 5.029524 5.01e-07 6.300066 9.429677 0.002135 0.893952 2 199 ++
rs10771944 G C 0.269964 0.040526 0.008083 0.024683 0.056368 5.013814 5.44e-07 6.264601 0.53067 0.466325 0 2 199 ++
rs1198541 T C 0.450886 0.033563 0.006779 0.020276 0.046849 4.95103 7.52e-07 6.123897 10.857063 0.000984 0.907894 2 199 ++
rs17114703 C G 0.050958 -0.073799 0.015046 -0.10329 -0.044308 -4.904819 9.52e-07 6.021392 4.010884 0.045207 0.750678 2 199 --
rs17547360 C T 0.195508 -0.040317 0.008256 -0.056499 -0.024136 -4.883544 1.06e-06 5.9745 0.252814 0.615101 0 2 199 --
rs6551631 A G 0.301893 0.038048 0.007796 0.022768 0.053327 4.880526 1.08e-06 5.967864 0.967166 0.325388 0 2 199 ++
rs56236124 C A 0.303092 0.038048 0.007796 0.022768 0.053327 4.880526 1.08e-06 5.967864 0.967166 0.325388 0 2 199 ++
rs6551632 T G 0.306767 0.037746 0.007755 0.022547 0.052945 4.867458 1.15e-06 5.939172 1.038487 0.308174 0.037061 2 199 ++
rs115595343 C T 0.083231 -0.057567 0.011871 -0.080835 -0.034299 -4.84927 1.26e-06 5.899357 5.132689 0.023479 0.80517 2 199 --
rs7975228 G C 0.41227 -0.036754 0.00759 -0.051631 -0.021876 -4.842083 1.31e-06 5.883662 2.845599 0.091624 0.64858 2 199 --
rs4758800 C T 0.41227 -0.036754 0.00759 -0.051631 -0.021876 -4.842083 1.31e-06 5.883662 2.845599 0.091624 0.64858 2 199 --
rs6813884 G A 0.300615 0.03794 0.007845 0.022563 0.053317 4.83596 1.35e-06 5.870308 1.011876 0.314454 0.011737 2 199 ++
rs9355233 A G 0.23673 0.040632 0.008416 0.024136 0.057128 4.827818 1.4e-06 5.852575 6.344606 0.011774 0.842386 2 199 ++
rs1993831 T C 0.016643 0.115556 0.023935 0.068643 0.162469 4.827879 1.4e-06 5.852708 0.040896 0.839739 0 2 199 ++
rs1554523 G A 0.016643 0.115556 0.023935 0.068643 0.162469 4.827879 1.4e-06 5.852708 0.040896 0.839739 0 2 199 ++
rs34195373 C T 0.251126 0.042582 0.00883 0.025275 0.05989 4.822214 1.44e-06 5.840387 2.465339 0.116383 0.594376 2 199 ++
rs12335257 A G 0.026595 0.134063 0.027822 0.079532 0.188594 4.818603 1.47e-06 5.832539 0.470433 0.492788 0 2 199 ++
rs2219343 C T 0.303092 0.037527 0.007802 0.022235 0.052819 4.809885 1.54e-06 5.813616 1.116462 0.290682 0.104313 2 199 ++
rs34727287 A G 0.028624 -0.106394 0.022225 -0.149955 -0.062833 -4.7871 1.72e-06 5.764309 0.045875 0.830402 0 2 199 --
rs76109921 T C 0.042023 0.098628 0.020638 0.058178 0.139078 4.779011 1.79e-06 5.746857 0.442634 0.505854 0 2 199 ++
rs115630276 T C 0.042023 0.098628 0.020638 0.058178 0.139078 4.779011 1.79e-06 5.746857 0.442634 0.505854 0 2 199 ++
rs3853113 T G 0.2174 0.045722 0.009604 0.026899 0.064546 4.760912 1.96e-06 5.707907 5.873113 0.015374 0.829733 2 199 ++
rs9355234 A G 0.237928 0.040079 0.008429 0.023557 0.0566 4.754633 2.02e-06 5.694427 6.646691 0.009934 0.849549 2 199 ++
rs10964593 G A 0.368849 0.035128 0.007396 0.020631 0.049624 4.749512 2.07e-06 5.683444 4.945964 0.026152 0.797815 2 199 ++
rs11099229 T C 0.043238 0.095618 0.020252 0.055924 0.135312 4.721421 2.38e-06 5.623396 0.276731 0.598852 0 2 199 ++
rs116498101 C T 0.043238 0.095618 0.020252 0.055924 0.135312 4.721421 2.38e-06 5.623396 0.276731 0.598852 0 2 199 ++
rs4940116 A T 0.063338 -0.070422 0.014916 -0.099657 -0.041187 -4.721255 2.38e-06 5.623041 1.588183 0.207586 0.37035 2 199 --
rs4940119 C T 0.063338 -0.070422 0.014916 -0.099657 -0.041187 -4.721255 2.38e-06 5.623041 1.588183 0.207586 0.37035 2 199 --
rs61389593 T G 0.063338 -0.070422 0.014916 -0.099657 -0.041187 -4.721255 2.38e-06 5.623041 1.588183 0.207586 0.37035 2 199 --
rs74412851 G A 0.063338 -0.070422 0.014916 -0.099657 -0.041187 -4.721255 2.38e-06 5.623041 1.588183 0.207586 0.37035 2 199 --
rs80150098 G A 0.063338 -0.070422 0.014916 -0.099657 -0.041187 -4.721255 2.38e-06 5.623041 1.588183 0.207586 0.37035 2 199 --
rs77798245 C G 0.063338 -0.070422 0.014916 -0.099657 -0.041187 -4.721255 2.38e-06 5.623041 1.588183 0.207586 0.37035 2 199 --
rs79468747 C T 0.063338 -0.070422 0.014916 -0.099657 -0.041187 -4.721255 2.38e-06 5.623041 1.588183 0.207586 0.37035 2 199 --
rs75044140 G A 0.063338 -0.070422 0.014916 -0.099657 -0.041187 -4.721255 2.38e-06 5.623041 1.588183 0.207586 0.37035 2 199 --
rs16953789 C T 0.063338 -0.070422 0.014916 -0.099657 -0.041187 -4.721255 2.38e-06 5.623041 1.588183 0.207586 0.37035 2 199 --
rs28738827 G C 0.23673 0.03983 0.008438 0.023291 0.056368 4.720239 2.39e-06 5.620876 6.788334 0.009176 0.852688 2 199 ++
rs73419973 T A 0.051763 -0.088595 0.018813 -0.125468 -0.051721 -4.709239 2.53e-06 5.597458 0.168075 0.681829 0 2 199 --
rs73419974 T C 0.051763 -0.088595 0.018813 -0.125468 -0.051721 -4.709239 2.53e-06 5.597458 0.168075 0.681829 0 2 199 --
rs115157575 T A 0.051763 -0.088595 0.018813 -0.125468 -0.051721 -4.709239 2.53e-06 5.597458 0.168075 0.681829 0 2 199 --
rs111246306 C A 0.051763 -0.088595 0.018813 -0.125468 -0.051721 -4.709239 2.53e-06 5.597458 0.168075 0.681829 0 2 199 --
rs3892913 C T 0.027605 0.104168 0.022373 0.060317 0.148019 4.656004 3.27e-06 5.484837 0.053762 0.816642 0 2 199 ++
rs79379176 A G 0.126503 -0.049367 0.010681 -0.070302 -0.028433 -4.621993 3.86e-06 5.413505 5.033861 0.024856 0.801345 2 199 --
rs11960204 G C 0.230823 0.04464 0.009662 0.025702 0.063577 4.620114 3.89e-06 5.409578 0.844992 0.357973 0 2 199 ++
rs57091689 T C 0.108907 -0.061428 0.013326 -0.087547 -0.035309 -4.609592 4.1e-06 5.387616 0.595315 0.440371 0 2 198 --
rs11615813 A C 0.246627 -0.037528 0.008157 -0.053515 -0.02154 -4.600736 4.27e-06 5.369169 2.21979 0.136252 0.549507 2 199 --
rs74690369 A G 0.040801 0.097573 0.021246 0.05593 0.139215 4.592487 4.45e-06 5.352014 0.403027 0.52553 0 2 199 ++
rs4645222 C T 0.040801 0.097573 0.021246 0.05593 0.139215 4.592487 4.45e-06 5.352014 0.403027 0.52553 0 2 199 ++
rs75426305 A T 0.080794 -0.055259 0.012036 -0.078849 -0.031669 -4.59127 4.47e-06 5.349485 6.952888 0.008368 0.856175 2 199 --
rs6535936 A C 0.176606 -0.049228 0.010733 -0.070266 -0.028191 -4.586453 4.58e-06 5.339484 0.515668 0.472695 0 2 199 --
rs2276205 G A 0.116529 -0.049265 0.010742 -0.070319 -0.02821 -4.586057 4.58e-06 5.338662 2.293846 0.129888 0.564051 2 199 --
rs17090665 G A 0.328268 -0.03781 0.008266 -0.054012 -0.021608 -4.573907 4.86e-06 5.313478 6.131656 0.013278 0.836912 2 199 --
rs9990463 A G 0.462224 -0.031237 0.006856 -0.044675 -0.0178 -4.556285 5.28e-06 5.277063 0.0731 0.786876 0 2 199 --
rs11948561 T C 0.126047 -0.050092 0.010995 -0.071643 -0.028541 -4.555725 5.3e-06 5.275909 3.538593 0.059956 0.717402 2 199 --
rs4653509 C T 0.167665 0.045877 0.010073 0.026135 0.06562 4.554625 5.33e-06 5.273639 0.02305 0.879326 0 2 199 ++
rs4293112 A G 0.119397 0.049855 0.01097 0.028354 0.071356 4.544637 5.58e-06 5.253063 0.016644 0.897348 0 2 199 ++
rs56926687 C T 0.055017 0.076083 0.016746 0.043261 0.108904 4.543397 5.62e-06 5.250512 0.077303 0.780987 0 2 199 ++
rs7494944 G T 0.478931 0.031708 0.006981 0.018026 0.045391 4.542123 5.65e-06 5.247892 9.271104 0.002328 0.892138 2 199 ++
rs181659685 T C 0.094807 -0.064477 0.014237 -0.092381 -0.036573 -4.528909 6.02e-06 5.220747 3.225582 0.072496 0.689978 2 199 --
rs17017238 C A 0.061105 0.073689 0.016289 0.041762 0.105616 4.523822 6.16e-06 5.210319 0.013879 0.906218 0 2 199 ++
rs12154574 G A 0.230614 -0.044756 0.009899 -0.064158 -0.025354 -4.521222 6.24e-06 5.204992 0.791076 0.373775 0 2 199 --
rs80336385 A G 0.028828 0.098899 0.021881 0.056013 0.141786 4.519923 6.28e-06 5.202332 0.177743 0.67332 0 2 199 ++
rs12126339 T C 0.170142 0.044636 0.009883 0.025266 0.064006 4.51656 6.38e-06 5.195448 0.001011 0.97463 0 2 199 ++
rs2525801 G C 0.271654 -0.036326 0.008057 -0.052117 -0.020535 -4.508906 6.61e-06 5.179798 1.782984 0.181783 0.439142 2 199 --
rs12137652 T C 0.233673 0.04011 0.008898 0.02267 0.057549 4.507903 6.64e-06 5.177748 0.065925 0.797364 0 2 198 ++
rs9591919 G A 0.433456 0.034999 0.007767 0.019776 0.050222 4.506093 6.7e-06 5.174053 2.245513 0.134002 0.554667 2 199 ++
rs11615860 A G 0.250137 -0.036536 0.008116 -0.052442 -0.02063 -4.502002 6.83e-06 5.165703 1.916738 0.166217 0.47828 2 199 --
rs11609988 C T 0.250137 -0.036536 0.008116 -0.052442 -0.02063 -4.502002 6.83e-06 5.165703 1.916738 0.166217 0.47828 2 199 --
rs4930871 C A 0.250137 -0.036536 0.008116 -0.052442 -0.02063 -4.502002 6.83e-06 5.165703 1.916738 0.166217 0.47828 2 199 --
rs4930872 A C 0.250137 -0.036536 0.008116 -0.052442 -0.02063 -4.502002 6.83e-06 5.165703 1.916738 0.166217 0.47828 2 199 --
rs1995150 C T 0.250137 -0.036536 0.008116 -0.052442 -0.02063 -4.502002 6.83e-06 5.165703 1.916738 0.166217 0.47828 2 199 --
rs1995149 T C 0.250137 -0.036536 0.008116 -0.052442 -0.02063 -4.502002 6.83e-06 5.165703 1.916738 0.166217 0.47828 2 199 --
rs12809796 C T 0.24766 -0.036536 0.008116 -0.052442 -0.02063 -4.502002 6.83e-06 5.165703 1.916738 0.166217 0.47828 2 199 --
rs9403352 A G 0.225558 -0.04169 0.009263 -0.059845 -0.023534 -4.500723 6.87e-06 5.163094 0.900772 0.342575 0 2 199 --
rs12196030 C G 0.460779 -0.036401 0.008091 -0.05226 -0.020542 -4.498783 6.93e-06 5.159138 0.46976 0.493098 0 2 199 --
rs10497576 A G 0.080794 -0.070353 0.015677 -0.101079 -0.039626 -4.487671 7.3e-06 5.136508 1.352061 0.244918 0.260389 2 199 --
rs7854782 C T 0.346387 0.033471 0.007462 0.018846 0.048096 4.485588 7.37e-06 5.132271 5.480521 0.01923 0.817536 2 198 ++
rs4794908 T C 0.016643 0.1149 0.025717 0.064496 0.165305 4.46794 8.01e-06 5.096452 0.036063 0.849385 0 2 199 ++
rs6535937 C T 0.177804 -0.047967 0.010745 -0.069027 -0.026907 -4.464126 8.15e-06 5.088728 0.634954 0.425544 0 2 199 --
rs7710884 T C 0.127246 -0.048248 0.010813 -0.069442 -0.027053 -4.461799 8.24e-06 5.084018 4.140915 0.041859 0.758507 2 199 --
rs114513388 A G 0.013195 -0.158365 0.03551 -0.227965 -0.088765 -4.459697 8.32e-06 5.079767 0.003078 0.955755 0 2 199 --
rs16964172 C A 0.182496 -0.038004 0.00856 -0.054783 -0.021226 -4.439488 9.14e-06 5.038978 8.306771 0.00395 0.879616 2 199 --
rs4907028 T C 0.223948 0.039694 0.008954 0.022145 0.057244 4.433238 9.41e-06 5.026399 0.045054 0.831906 0 2 199 ++
rs4723523 A G 0.193233 -0.050256 0.011346 -0.072495 -0.028017 -4.429235 9.59e-06 5.01835 1.300985 0.254033 0.231352 2 199 --
rs4723525 T C 0.193233 -0.050256 0.011346 -0.072495 -0.028017 -4.429235 9.59e-06 5.01835 1.300985 0.254033 0.231352 2 199 --
rs10114678 T A 0.350552 0.032625 0.007372 0.018175 0.047075 4.42521 9.77e-06 5.010264 4.596266 0.032042 0.782432 2 199 ++
rs7842068 A G 0.462829 -0.033993 0.007684 -0.049054 -0.018932 -4.423787 9.83e-06 5.007406 2.102894 0.147021 0.524465 2 199 --
rs1319660 A G 0.021517 0.107121 0.024217 0.059655 0.154587 4.423325 9.85e-06 5.006478 0.01689 0.896595 0 2 199 ++
rs1038024 A G 0.021517 0.107121 0.024217 0.059655 0.154587 4.423325 9.85e-06 5.006478 0.01689 0.896595 0 2 199 ++
rs61790818 G A 0.23002 0.039516 0.008935 0.022004 0.057028 4.422756 9.88e-06 5.005336 0.036267 0.848965 0 2 199 ++
