rs_number reference_allele other_allele eaf beta se beta_95L beta_95U z p-value -log10_p-value q_statistic q_p-value i2 n_studies n_samples effects
rs1836847 C T 0.06356 0.01864 0.003726 0.011337 0.025943 5.002591 5.76e-07 6.239328 2.850093 0.240497 0.298269 3 5058 ++?+
rs1570186 A G 0.326476 -0.009176 0.001907 -0.012913 -0.005439 -4.812709 1.51e-06 5.819742 0.513307 0.773636 0 3 5060 --?-
rs1321874 A C 0.325479 -0.009059 0.001905 -0.012793 -0.005324 -4.754258 2.02e-06 5.693621 0.569206 0.752313 0 3 5060 --?-
rs12365709 A G 0.062459 0.013959 0.002952 0.008174 0.019745 4.728974 2.29e-06 5.639509 0.316695 0.956859 0 4 11264 ++++
rs4906795 A G 0.07867 0.016009 0.003386 0.009373 0.022645 4.728425 2.3e-06 5.638337 0.220105 0.895787 0 3 5060 ++?+
rs73195448 G A 0.082417 0.012132 0.00258 0.007077 0.017188 4.703327 2.6e-06 5.584893 3.643679 0.3026 0.176656 4 11263 +-++
rs144838831 A G 0.016247 0.02704 0.005866 0.015543 0.038538 4.609569 4.1e-06 5.387568 0.067983 0.995381 0 4 11264 ++++
rs9915423 G A 0.353507 0.007012 0.001528 0.004018 0.010006 4.590586 4.49e-06 5.348064 1.083786 0.78099 0 4 11263 ++++
rs5969000 A G 0.185699 -0.010856 0.002371 -0.015504 -0.006208 -4.577958 4.77e-06 5.321867 0.232228 0.890374 0 3 10673 -?--
rs275728 T G 0.052164 0.018362 0.004032 0.010459 0.026264 4.554262 5.33e-06 5.272891 0.807193 0.667914 0 3 5054 +-?+
rs117020339 C T 0.02213 0.022074 0.004851 0.012566 0.031582 4.550403 5.43e-06 5.264937 0.249186 0.969284 0 4 11264 ++++
rs142882387 G C 0.016991 -0.027835 0.006118 -0.039826 -0.015844 -4.549802 5.45e-06 5.263698 0.229741 0.891482 0 3 9834 ---?
rs74843718 T C 0.019464 0.026141 0.005756 0.014859 0.037424 4.541267 5.67e-06 5.246131 8.191892 0.01664 0.755856 3 9834 +++?
rs5968999 T C 0.185757 -0.010761 0.00237 -0.015406 -0.006116 -4.540254 5.7e-06 5.244047 0.251978 0.881625 0 3 10673 -?--
rs7681015 C G 0.083937 -0.012087 0.002663 -0.017306 -0.006869 -4.539735 5.72e-06 5.242982 3.478275 0.323591 0.137503 4 11264 ----
rs4536678 A G 0.058915 -0.013931 0.003081 -0.019969 -0.007893 -4.52199 6.21e-06 5.206565 1.123624 0.771374 0 4 11264 -+--
rs28488020 T C 0.08289 -0.011995 0.002654 -0.017196 -0.006793 -4.519821 6.28e-06 5.202123 3.370758 0.337915 0.109993 4 11264 ----
rs1343261 T C 0.189992 -0.010588 0.002356 -0.015206 -0.00597 -4.493662 7.1e-06 5.148703 0.358679 0.835822 0 3 10673 -?--
rs143810912 A G 0.02206 0.022482 0.005004 0.012675 0.032289 4.493162 7.12e-06 5.147685 1.265764 0.737278 0 4 11264 ++++
rs17405197 C A 0.101787 -0.010929 0.002439 -0.015708 -0.006149 -4.481569 7.51e-06 5.124103 2.188681 0.534181 0 4 11263 ----
rs1413601 C T 0.403973 -0.006648 0.001485 -0.009558 -0.003737 -4.477049 7.67e-06 5.114924 2.548715 0.466551 0 4 11264 ----
rs1331488 T C 0.157762 0.008787 0.001963 0.00494 0.012633 4.476998 7.68e-06 5.114822 2.289557 0.514524 0 4 11264 +++-
rs9684090 G A 0.082486 -0.011927 0.00267 -0.017161 -0.006694 -4.466875 8.05e-06 5.094296 3.355817 0.339949 0.10603 4 11264 ----
rs6844857 G C 0.082573 -0.011874 0.002666 -0.017099 -0.00665 -4.454559 8.52e-06 5.069381 3.177372 0.365078 0.055824 4 11264 ----
rs248515 C T 0.110963 -0.01024 0.002305 -0.014757 -0.005723 -4.443486 8.97e-06 5.047034 1.777392 0.619867 0 4 11262 ----
rs56216951 G C 0.091611 -0.011421 0.002571 -0.016461 -0.006381 -4.441337 9.06e-06 5.042703 3.383491 0.33619 0.113342 4 11264 ---+
rs12455173 C T 0.161437 0.008666 0.001953 0.004838 0.012494 4.436898 9.25e-06 5.033764 0.565769 0.904222 0 4 11264 ++++
rs79253750 A G 0.01818 0.02666 0.00602 0.014862 0.038458 4.428924 9.6e-06 5.017725 13.4964 0.001173 0.851812 3 9834 +++?
rs36049268 G A 0.069466 0.012491 0.002824 0.006957 0.018025 4.423957 9.82e-06 5.007747 2.09039 0.553859 0 4 11264 ++++
rs10031048 C A 0.083 -0.011753 0.002657 -0.01696 -0.006545 -4.42305 9.86e-06 5.005928 2.959328 0.397939 0 4 11264 ----
